#module 0 size: 2 bs: 0.00452232
16856926 228661575 
#module 1 size: 2 bs: 0.00153433
107789104 236409451 
#module 2 size: 2 bs: 0.00194185
14121853 156644794 
#module 3 size: 2 bs: 0.0036498
123905824 148833123 
#module 4 size: 2 bs: 2.41598e-05
26617933 89370731 
#module 5 size: 2 bs: 6.231e-05
46573385 86813802 
#module 6 size: 2 bs: 0.0741947
48476949 183101557 
#module 7 size: 2 bs: 0.0036956
44123567 97074438 
#module 8 size: 2 bs: 0.0512457
180607403 243660328 
#module 9 size: 2 bs: 6.22432e-09
100573490 139063272 
#module 10 size: 2 bs: 0.000211959
147467640 150224559 
#module 11 size: 2 bs: 0.0151572
128040590 197538143 
#module 12 size: 2 bs: 0.00209141
21153270 56805668 
#module 13 size: 2 bs: 0.00122557
26154615 123940928 
#module 14 size: 2 bs: 0.00232025
148478556 197882703 
#module 15 size: 2 bs: 0.00677394
110424984 128396268 
#module 16 size: 2 bs: 1.99564e-07
20254792 51179919 
#module 17 size: 2 bs: 0.00378877
178943260 194591750 
#module 18 size: 2 bs: 0.00340166
94757700 156137116 
#module 19 size: 2 bs: 0.00475353
90469674 110778721 
#module 20 size: 2 bs: 0.00073718
77540628 122895180 
#module 21 size: 2 bs: 0.00710425
45848865 109150601 
#module 22 size: 2 bs: 0.00486498
21726416 25904132 
#module 23 size: 7 bs: 0.0378799
1442101 5547552 12398022 15942716 17988396 18533988 44046468 
#module 24 size: 2 bs: 0.0355153
147026192 208398817 
#module 25 size: 2 bs: 0.0704096
52910865 69443278 
#module 26 size: 3 bs: 0.00544494
9896872 19746341 40486003 
#module 27 size: 2 bs: 0.0289785
25060042 136794736 
#module 28 size: 9 bs: 0.0125913
14459669 16191771 30298025 34278049 54475659 72661977 102019594 107025267 143613967 
#module 29 size: 2 bs: 0.077009
35551741 42284908 
#module 30 size: 149 bs: 0.000694858
13348 759228 1120601 8071902 8384912 9431342 10546442 10768282 14090906 14544571 14712592 15614315 15866023 16411060 16510194 16513752 16819278 17042374 17211751 17421818 17812000 18415509 18500852 18526308 18536826 18664956 19022242 19694104 19828667 19935490 21678847 21814082 23792216 24257957 24419425 24480639 25043966 25151753 25335744 25781647 28504545 29641373 32529831 34033504 36601355 38151395 41305840 41929517 42300348 43573375 47661343 50335002 51294632 53091022 54200212 55533136 58845411 59539942 63337613 65098687 65748080 65858107 66925975 70190484 72605385 81020598 81655538 84562932 85251925 88677841 89929074 90767831 91117627 91791843 94229358 94574028 94878320 96933119 102324811 102399171 105343122 106554309 106963800 108083117 119297816 120285512 120309742 125090401 128996296 136772862 138077315 140979761 142169165 145662065 151472342 153119220 156985004 159563937 164338516 165404712 165420335 167637074 168426262 170061178 171023147 175344254 181217649 183859873 184275950 185152562 188841373 191663507 197948154 201656128 202192724 210909560 211787112 214212019 214274567 214348336 217574343 219353003 222496666 223380929 229579510 230718701 232438363 233707083 234104154 240854929 242093844 242131117 242551935 246576590 253835890 254812166 256148516 256331922 258852781 259505321 259653783 261598031 262086880 263448462 265749910 267059970 271160885 271625895 273206322 
#module 31 size: 2 bs: 0.0473338
70622187 129176641 
#module 32 size: 2 bs: 0.0185729
42231175 100440668 
#module 33 size: 2 bs: 0.0116699
196743148 234110244 
#module 34 size: 5 bs: 0.000193465
7708092 14349077 18628769 51695698 210427069 
#module 35 size: 2 bs: 0.0384725
18939822 23225823 
#module 36 size: 2 bs: 0.0484065
15748737 21751985 
#module 37 size: 3 bs: 0.055963
15374280 102747321 110812554 
#module 38 size: 32 bs: 0.00256313
1630261 30516098 48470743 50686904 53418720 55648693 57187028 59608784 62584936 62625917 62996416 72928626 85917069 96980395 102107813 108357234 109059176 124002957 130650276 134908261 147335676 157524175 168888540 171191429 189561195 198649890 203256940 223691577 223961051 232987424 237876854 238341121 
#module 39 size: 15 bs: 1.30909e-05
42868982 82655261 95142106 122115977 127846497 129319803 163954957 167084030 171023147 205936089 208582686 246600472 248960481 248988432 254639896 
#module 40 size: 9 bs: 1.31501e-08
14169364 14697711 22119456 107232730 147977705 150956563 168426262 205007756 219979539 
#module 41 size: 8 bs: 0.0143751
39031895 51144694 76000222 98968120 126979577 147595464 166961004 228085717 
#module 42 size: 29 bs: 0.066387
651543 688483 2148071 6486742 8476602 9413702 15002220 15862839 15865260 15947897 16248619 17168493 17578918 17844404 18204677 19044237 19411110 19751635 41250334 48392114 58563977 70751508 80979157 108811740 118769820 123963067 128361193 133480857 153997237 
#module 43 size: 50 bs: 0.0285995
7209262 14188969 14435478 16395482 16610527 18106809 18637420 19160080 19409508 19461688 19468364 20105071 20932375 21303464 21321994 21344725 21889071 23075284 23593412 23834147 28167824 28471924 30033646 30854420 33098495 39812315 41159844 44817367 45660443 50008018 62926597 63280540 69605342 74411287 74574719 81725200 84868368 93666150 93827358 94365433 98964742 108045600 116065011 117147872 143502547 148040105 150618868 164033581 194608987 253727842 
#module 44 size: 51 bs: 0.0285733
812825 821110 7090482 8071902 9804482 13286312 14277276 14342975 14911286 15024783 15113529 15483517 15689313 15706633 15724452 15928027 16297675 16302855 16313592 17451031 18196178 18732075 18812573 19560605 23387320 24930382 27044209 28441423 28676469 29624532 32422915 35281506 36357300 40944884 43562100 47684949 57689706 64544676 65098687 67673600 72615435 88822659 139808538 139953824 145420038 175876900 221846963 222568217 242864968 245634968 263312330 
#module 45 size: 27 bs: 0.011704
788863 819522 5957552 6426552 6719712 6962852 7263402 8384912 9938952 9961332 10773882 10876852 14320024 14390076 14547107 15123270 15443141 16381178 16883326 17477864 19703385 29802611 56377143 80794949 89414621 117700355 135109492 
#module 46 size: 92 bs: 0.0212193
1630261 15929686 21179070 40448583 47216578 47599165 70937408 83434276 84269742 85267320 85543520 86989704 88140118 89492277 104223101 108622476 119230913 127188125 127356642 128693679 131713492 135298815 135399738 135687184 137443330 137531481 145408456 147314264 150845268 151714614 161700842 162735344 164391207 164550070 168296616 171997599 173534506 175533140 177156570 182357928 185657737 186024338 186901595 187594363 188419032 188840004 190395758 191478815 191503263 193088908 193362884 196853166 198560132 199009858 201290345 201763743 204838222 208677720 208766236 209558599 210886997 216529788 217576078 218567695 220020817 226769636 229674969 230859303 230974069 231085129 233948859 234001935 234840602 235633896 235729192 235759321 236368003 238356204 238602830 240468977 240606964 242884484 245453198 245793450 248493560 250731274 254493514 256324516 259011240 259394715 259493072 260985403 
#module 47 size: 22 bs: 0.0123691
1630261 28623830 35267268 60335753 65604392 68209920 73359595 90420645 94945000 99324565 105109640 110750328 119526244 121834189 129915741 138498796 165494539 170777800 172769873 179999308 229587355 259389589 
#module 48 size: 50 bs: 0.0150866
24113 749333 780006 781895 790000 1388961 3395021 8299792 9013032 9286142 9561522 13807132 14782952 14830831 15125371 15184929 15274752 15466555 15510638 15555038 16200143 16428278 16641454 16970274 17278906 17453969 17753670 18071407 18134756 18281397 19689035 20303224 20550830 21359690 22878414 23485622 31738235 33801769 34924998 56660747 61127420 84972513 87358503 115377377 152145953 152560538 154435961 181096818 202844511 260631674 
#module 49 size: 76 bs: 0.00124042
450953 1012071 2226621 5606492 6567132 7018942 7145552 9994802 14051159 14235323 14350762 14465902 14693622 14745283 14774443 15001234 15249228 15515538 15578710 15634516 15749177 15781117 15821556 15943690 16201819 16226069 16657530 17050705 17165458 17284883 17641725 18120676 18252347 18622210 18783265 19065686 19455487 21004344 21755807 21812410 22155739 24551605 24707040 27292941 29392243 29822494 30018368 30461425 34904126 36371780 37222477 38297358 39657206 41364338 48604785 48816106 48900286 50737978 54546622 59833587 60100870 62310536 69493393 74946653 86080280 121738047 123892070 131177653 161415195 170225857 184841559 199848513 202595945 209150087 252040223 266202805 
#module 50 size: 43 bs: 0.0543368
1630261 10334122 16533239 20590490 26283471 26486510 33247276 44268184 45008312 58929178 59616920 62187962 71847229 81052999 83277670 84217059 87331481 90404746 91106767 104332218 108622476 121271356 123318445 124866595 128507642 129347403 130158543 139788444 146655020 150872447 156121581 156693720 159791993 161783675 166235979 166394396 168837176 170606832 182105219 187731482 191503263 216258042 217318313 
#module 51 size: 106 bs: 0.0474859
2258301 4053841 5793772 5874452 6723912 7712452 11412542 12587982 12594922 12781762 14128069 14142231 14323938 14380889 14399357 14614615 14624025 14803061 14812510 14890935 14936846 14957541 15013580 15082995 15210530 15231287 15382147 15553406 15580925 15583287 15648561 15648584 15655296 15661468 15675070 15681663 15905565 16527273 16561292 16588005 17315836 17625824 17627945 17871826 18040428 18098655 18127893 18822387 18994034 19131613 19248489 19264674 19291219 19365378 19408219 19873296 20596316 21429357 22876951 22933904 22980460 25079420 26744291 26765831 27302814 29646744 30386355 30667186 30874865 33606835 34938387 36913318 37546498 45368137 47444849 48722198 50456532 52563809 56521633 56810786 58842703 58855541 61014259 63875612 64325295 66997403 75067140 79447979 84172384 84652502 84737899 89519051 92318904 96145394 100507331 111789350 119468133 121209486 130589438 131625652 135601675 190754647 198466520 224428671 238914931 245314387 
#module 52 size: 124 bs: 0.0286841
815897 926121 2606911 2941831 3750071 5166511 6092972 6114252 6136332 7604502 7721172 7898472 8474322 9468812 9604192 10284472 11443292 12372812 12759102 13678292 14052313 14079590 14099435 14109075 14110885 14139584 14155241 14165957 14226882 14237354 14331959 14332565 14345113 14445542 14471169 14573861 14944471 15010721 15075182 15219854 15292471 15365998 15378805 15476915 15487288 15505550 15511139 15754851 15768928 15853065 15905527 15943715 16023926 16201506 16248619 16296026 16338169 16473793 16809329 17058577 17402349 17850637 17911617 17935861 18000311 18162777 18201948 18204677 18313617 18485558 18547882 18588568 18731203 19521680 19673977 19719380 19751635 19790018 19993686 20329248 20592179 20593866 20609319 20778703 21159398 21701128 21770568 22076359 22760649 22938618 25303296 25904035 28371616 28448216 28506177 28674090 33556583 40362652 44139958 46473076 46574042 47444914 49774815 58988537 60698670 70751508 70754730 74021308 75719992 87715947 94175843 103157143 106283898 107112554 115242946 118557729 121797013 135579990 137423367 168537728 176651561 195488976 240798167 263234033 
#module 53 size: 78 bs: 0.0709226
74543 82363 774909 782010 1528701 3750071 4388251 6092972 6904482 7155782 7526892 7713202 7770342 8457092 8935052 10400902 10921672 11069462 11148742 11470032 11504382 11993412 12095912 12340562 13775632 14165957 14198011 14226882 14369409 14401102 14445542 14503316 14533116 14553055 15199325 15206692 15250836 15753937 15808765 16010789 16023926 16148602 16158012 16463326 16739711 17279500 17439117 17669882 17789291 17971455 18279169 18635626 18731529 18889063 19719380 19996935 21047224 21909890 22053039 23204397 28339843 29005683 43239422 47518210 51196532 53280402 60696138 61127420 61772051 64444175 69604327 78792100 78905607 86167256 108803911 151158927 166707502 210118012 
#module 54 size: 23 bs: 0.0117198
7795982 18530171 19195914 21179890 23077155 27055316 28169177 28431983 29097048 32574964 41450556 41641562 45914093 49167436 54642207 55391997 68551767 71801107 78066531 108705649 134141151 152692522 198599261 
#module 55 size: 39 bs: 0.0498246
1917731 4388251 6092972 7713202 12340562 14226882 14270329 14676022 14740408 15808765 15898695 15978380 16000947 16363738 16700601 17610796 18244087 18368098 21316936 22938618 23064510 23958589 28339843 28377973 35602818 36997036 65293006 69971262 79039503 88498786 119139599 140060120 161487173 162959093 179549579 192477353 236711870 242852382 253473812 
#module 56 size: 53 bs: 0.00941934
11403042 14494993 14550012 14628090 15172283 15215190 15725650 16419927 16445899 16506571 16951971 17259981 17295666 17512738 18017238 18107886 18173465 18611056 19015082 19114943 20307019 21345004 22992850 23095083 23618183 24184567 26104299 29813042 30466915 43226515 45034162 47634020 54296186 55532384 55913654 66799471 73347023 84097256 99225888 109813572 111729901 114519095 123379214 126928559 141571223 148696421 157455254 177276579 182798348 210852155 214659775 243767573 262770233 
#module 57 size: 27 bs: 0.00454725
4937061 10748252 14128901 14464331 14563894 14614615 15123270 16888904 17393790 17542265 18292479 20447545 28017930 28230825 28240302 29040062 30178173 38372614 49992096 51028602 65508813 68592846 98078133 114235871 121558178 144692356 200226529 
#module 58 size: 157 bs: 0.0748463
6188152 6219652 12322812 13599852 13785352 14100617 14179549 14212359 14227897 14294650 14389615 14508983 14543117 14554078 14572033 14572196 14937173 15062527 15121781 15230754 15233366 15400246 15400332 15442150 15495117 16033434 16044729 16358939 16387116 16471088 16492009 16513795 16663709 16716129 16877448 16886645 16936459 16951443 17240550 17323733 17365324 17503856 17740210 17824560 17909421 18029498 18121680 18155171 18168267 18356346 18557253 18592579 18774686 18776351 18833982 18873213 18967578 19085742 19111507 19276287 19641024 20250302 20271080 20332142 20351695 20481131 20611194 21486753 21622756 21799282 22736954 23437737 23714675 23866339 24561424 25266932 25780932 25887809 26418098 26419638 26470645 27865199 29509119 31520228 32964444 36522491 36702921 39323281 40099249 41123794 46164502 46787681 47721240 49849110 50077710 53941287 54330827 57135779 62950338 63230620 63283271 66871294 67898690 69025404 75356470 77392251 81505840 82112778 82411192 84124761 84497664 87106149 88214227 92437178 93800894 94919897 100818788 101253269 101631951 101686868 103576036 103976896 108417469 109604578 109841442 109886771 110320464 110532690 111047938 111482299 114049072 114628210 115247248 119517827 120958573 132946771 132975929 137178307 160994217 162140481 168730556 173899102 174649888 182466412 189092067 195742848 201242210 208303207 211011485 232568677 235347368 239191123 240920084 249361812 250248024 254092296 269889901 
#module 59 size: 33 bs: 0.0549338
2900 13228592 14462781 15643370 15842919 17092592 18417216 20661527 21224776 21554226 21975447 24481863 28039217 34118997 34244280 35671638 36198161 46037408 47103930 56973737 64624131 69124203 77577477 83719783 97551846 128968339 140663609 173938646 180463340 188474582 191241796 224809136 227159879 
#module 60 size: 65 bs: 0.00366323
113963 780290 833071 1293051 5832712 10420662 10781952 11821622 12219832 12587982 12935692 14065215 14135845 14153491 14180249 14333690 14388689 14431213 14523408 14532450 14607461 14749243 14773964 14862723 14947289 15030787 15076390 15231287 15299357 15583292 15935243 15936194 16120265 16145206 16334085 16494284 16680941 16847211 17065634 17170520 18086674 18481782 18503214 18514207 18920390 18927821 19356110 19575406 20219382 21509975 22665665 23006156 24166550 28166828 36071096 39284620 41145894 41296367 63875612 78354184 79666388 97289556 121209486 227726723 246061882 
#module 61 size: 26 bs: 0.0603451
18059231 20340239 23219980 23343968 23560531 24603879 26306729 26847783 27503151 28573074 28733900 38615541 39099106 42140354 52575960 65590754 66531467 77949533 119178303 154876782 176140153 235737404 243522984 245439953 256134707 266761504 
#module 62 size: 36 bs: 0.0324583
205803 810579 920991 3028161 3277401 3286621 4922001 8518862 10000642 11202562 11424902 11632342 13000872 14280977 14578544 14860922 16226484 17549229 18269262 18292479 18402888 19338042 19602429 22457041 22483974 23618183 23664655 26835100 31214311 36697219 37680820 39815230 48497316 62545966 93730653 100504915 
#module 63 size: 93 bs: 0.0199029
8447862 8496612 12597012 13315172 14053295 14233546 14464919 14562275 15599014 15683948 16381764 17635363 18083141 18089695 18122984 18353112 18689581 18822990 19404944 19824145 20209025 20414217 21729540 21930609 23324325 23421006 23628049 26419482 26668603 26713682 28901886 29985526 30272314 32377446 32712520 33452655 34674286 43500507 44733866 46037408 47110722 50300582 52788040 52866517 53443633 58341833 63285684 64844059 67436412 70199201 75221587 76866234 77281326 80796687 84623487 89468228 90964504 104337086 112479899 118102391 123116942 124524462 132013729 138267795 139567380 140028928 141242868 145449666 155192639 159716429 160313219 165144151 169655919 171719023 172341029 189686051 191514152 191840628 195165128 195796378 217162001 217527334 222444337 231254156 231488894 232979512 235380880 246290364 247136805 254426170 257186370 260505934 260786513 
#module 64 size: 40 bs: 0.0871324
16953 631803 819546 5660312 6695732 11726442 12601142 13267172 13832532 14727207 15123673 15406144 15781117 15850769 16882886 17134865 17579321 17940962 17952277 19192221 21407983 21764657 22110931 22660345 23484051 24756213 26548347 27969192 39428095 58341833 76784104 77292631 81367143 89554626 97468141 103585065 106546060 115944587 204824975 224255455 
#module 65 size: 74 bs: 0.0136862
509 782010 818176 1203641 1934931 5447732 6325632 6341572 6708952 6774272 7042572 8132582 8261762 8474322 8615772 9013032 9926562 10333202 10880202 11984762 12601142 13448172 13451802 14321959 14346361 14352967 14496930 14638851 14704310 14708747 14835646 14888362 14903294 15066876 15211133 15354397 15409034 15639478 15925179 16366271 16801452 17276841 17449898 17469567 17682283 17794287 18929690 19038395 19683498 21584163 21668588 23549240 26043616 26719898 26784273 28006501 28609576 31303139 32211808 36217004 39716211 48880548 53411390 58994449 61291337 78735819 85906552 87765465 96880903 103331100 138969362 156240003 200137739 215259883 
#module 66 size: 98 bs: 0.0165204
10438862 14685174 14889185 16535920 18506975 20990463 22108647 22414207 23992376 24334049 24533117 26870624 31334049 36254904 37222006 41597013 46114472 53040017 53846756 56081642 56443851 62698050 68939290 68991418 69187979 70416891 73829527 78275869 79043962 80741351 81548178 83491082 84358598 85263926 85346124 90837985 92145218 95333167 95382723 101690924 103510832 104400450 106319129 107747077 109504968 110609337 111410375 111809956 116073715 116526623 117836707 118028227 119348430 120694668 120707178 120926981 121117011 123634244 124306740 128151956 128240571 128811995 129498307 133279867 136461307 139469291 141167217 145341208 151959726 154363906 156636089 159265325 161480745 162965189 163745140 165583353 169795819 176687793 181120728 181834984 183926085 188474582 192124196 195779937 196273078 200673064 202090023 208325536 215235391 217923038 219011376 226925720 233796756 249222971 250070427 253727920 261630686 269111650 
#module 67 size: 170 bs: 0.0220296
989 1585 4030 5149 10178 10588 10675 11848 13210 13298 13407 21693 31383 37573 50613 57203 66993 79543 626233 700593 771698 799630 809092 811051 821978 824211 898171 1054431 1309511 1319141 1724401 1957211 1979591 2108241 3171031 3558851 4312721 4959461 5025251 5656332 5727392 5780992 5885772 6588122 6723912 6900852 7480172 7541642 7599982 7929742 8307012 8435452 8448712 8481222 8823362 8867682 9011012 9277962 9286142 9562272 9627192 9643862 9804222 9813282 9819862 10356542 10654322 10774532 11035782 11204762 11412542 11413752 12104222 12160482 12477052 12575842 12781762 13205902 13445052 13767702 14065548 14095473 14111182 14153594 14155372 14157732 14176242 14186545 14247062 14258602 14389648 14562685 14653506 14689567 14714942 14820724 14874721 14891245 14993466 15008449 15020853 15041902 15103213 15159129 15210530 15231287 15302120 15368554 15412816 15551156 15780402 15780594 15826306 15939352 15972562 16040887 16049723 16133935 16156062 16249213 16506383 16527332 16680941 16878903 16904101 16954719 17006370 17071737 17205773 17493528 17737138 17755042 17801384 17926317 17994525 18173027 18455643 18619836 18813157 18834180 19583523 19600446 19679188 20391685 20731401 20873104 23757784 25661540 26236577 30864653 34394575 39341556 41626400 44570428 49011247 53352349 58818905 59541290 60775372 63875612 69687111 91329057 93837236 101563645 156010360 188911259 192171500 229766654 238819163 262226916 
#module 68 size: 61 bs: 0.00560513
759186 832831 1189601 1428831 4312721 5885772 6452782 6566712 6944372 7674792 11028352 11145002 13438712 14222176 14261302 14387542 14399289 14562685 14596506 14624115 14945059 15103213 15281078 15382111 15426896 15445270 15503968 16357285 16427045 17212941 18038375 18176747 18312678 18503214 18685602 19079941 19255759 19658782 20307019 21626871 22924849 23221629 23547843 24125006 25003235 26089676 28674078 34012344 34394575 35796925 63875612 69136508 98362525 108274516 110897594 111556341 117477071 143414740 157455254 163712424 192171500 
#module 69 size: 78 bs: 0.00372985
682213 3811511 4700381 5153221 6540192 7112242 8156622 9209942 9485202 10609292 12855572 13388922 13579842 14109004 14135237 14206392 14220249 14346361 14349449 14349894 14354144 14430556 14707115 14758406 14990031 15050305 15106068 15385968 15393195 15428401 15510638 15555038 15770684 16157980 16167886 16703742 16956811 17029807 17063238 17177403 17381284 17451411 17472945 17856201 18064263 18134210 18295455 18566782 19018185 21307269 21513512 21653513 23166597 24906998 26657049 28018958 31213504 34636987 35783898 37764670 39774991 44069257 53294779 57888537 57949239 63054429 72343437 83865532 92342722 96640040 98793050 99740489 103971994 107633083 120794494 120819229 128126290 246036260 
#module 70 size: 23 bs: 2.83259e-06
15624385 17435271 18343178 19409508 19747277 19884721 20932375 21344725 30734462 40250971 46205067 53500999 62926597 89552709 95458918 101207588 150828573 177507202 194608987 202257778 232191946 236195413 240552704 
#module 71 size: 32 bs: 0.0431436
9491292 10268302 14179549 14218186 14242280 14339520 15131310 15868433 15907716 16357245 16521150 17446886 17475281 17948379 18231339 19774073 25092348 26402434 26432499 32182277 35152869 36368888 36601355 36713201 55221570 90203791 94358525 97361708 128102692 155994909 185670728 223524009 
#module 72 size: 21 bs: 0.00372565
11279172 14304203 15895108 16272356 16932185 17024671 19654787 22204032 22372197 23498775 28268371 32613223 37818134 78924375 100817771 103969563 109460638 111047202 148081424 163845303 268125399 
#module 73 size: 63 bs: 0.000440944
1774081 8614412 9666782 10819662 12383122 14070222 14118937 14134608 14140147 14170736 14388669 14448046 14639235 14685183 14789042 14801380 14803154 14870804 14890621 15109389 15380951 15825852 16201819 16248585 16459994 16905666 17130461 17343595 17873348 17971670 18478410 18914307 19023804 21213658 21278570 22526513 22681922 22907920 24551605 28009658 28128602 31157419 35563232 37679854 53175809 54546622 58866657 62614001 64234931 77026018 79740296 83625882 84438310 89595535 91836238 97252700 105305259 109440429 153875670 167488325 199503098 203336407 225095543 
#module 74 size: 45 bs: 0.0346654
20352504 35748845 41597013 61496860 72218449 73331245 83491082 96089519 97122417 101014503 101711457 102043210 102542634 106727127 109596525 109881181 113198037 116873115 118230146 121437473 127465176 129529866 130128230 146321140 152143338 154906588 156198826 159503258 162060324 164271321 165200431 166815795 167312921 167735296 172223222 179514953 184876062 195979860 218936223 228331929 237114951 249983793 253545416 264014418 264046779 
#module 75 size: 101 bs: 0.00072766
800735 819284 1428831 1441291 6911662 8883702 9405862 11204762 11580962 11633492 12354252 13047322 13342982 14117196 14155372 14184628 14604049 14680167 14712904 14742422 14758406 14799428 14850719 14889333 14993616 15070780 15126891 15440344 15485085 15634516 15692087 16680654 16694698 16954719 17021619 17066838 17074868 17202143 17300593 17372379 17460928 18038375 18089164 18436433 18507464 18611056 18787972 18850958 19532315 19794129 19977032 20030225 20083563 20851240 20858400 21225270 22050760 22818133 23166140 23743148 24661289 25330903 25490697 26174646 26716467 28211629 28562298 29965112 30178173 31465017 33098821 34012344 39619991 42197349 42469463 43292618 44651055 49824306 52162223 63614805 69033184 80589255 89410778 91827895 94856925 96779857 102617462 107354278 109339635 109370698 118837674 120185625 125668334 162886404 173387492 182029374 186426532 203951741 214788442 216336191 232502918 
#module 76 size: 10 bs: 0.00449663
1630261 51684877 56981225 64166227 64365916 67798741 94541648 141524887 171908911 181421726 
#module 77 size: 195 bs: 0.0312517
509 1398 1688 2185 12220 13348 67813 347133 678033 691353 703953 780991 804904 817970 923541 1048951 1051171 1091241 1246421 1380711 1386571 1717291 2384071 2676431 2771891 3265101 3432881 5051171 5108161 5126871 5388852 5708292 6021422 6131832 6141832 6245232 6814492 7159752 7181572 7434272 7865552 8106562 8293402 8348782 8602152 8690902 9074582 9468972 9590262 10052552 10284332 10650562 10767712 10952962 11086372 11435642 12329252 12566662 12834972 14051193 14061771 14076943 14085088 14185424 14257199 14270791 14274132 14290383 14293571 14330959 14335404 14354144 14421572 14426771 14529013 14612263 14620544 14680596 14706139 14786110 14802885 14813149 14830831 14948485 14950583 15040446 15051601 15064389 15126651 15149632 15173486 15223252 15223619 15237935 15247066 15328388 15379912 15434432 15441450 15471640 15514266 15514372 15538795 15626406 15635812 15770684 15831401 15866800 15924411 16157980 16352993 16484677 16721263 16911564 16970274 17175973 17179368 17307627 17372256 17549096 17796440 18152057 18450898 18655567 18697352 18857922 18872123 18906478 18930170 19062153 19374805 19600446 19639071 19826509 19910599 20017902 20173675 20928893 21700719 22145414 22290807 22387220 23593213 24133831 24420867 24794263 24889586 25057202 25160944 25175706 25752513 27106703 28840450 28991368 31030273 31100040 31179355 31359340 32375384 32718488 34556885 35473835 37922200 39216517 41188469 43194865 44936058 49445813 50363926 50749152 53311224 57133313 61317377 61755699 69932023 88061302 90803319 91921994 92876427 95044697 98976495 110965120 119395435 120819229 133893663 156407255 159163111 192589318 208687668 214067697 215370565 229543786 236550275 257664564 263852695 
#module 78 size: 160 bs: 0.0173237
3433721 5125971 6288762 9015512 9506452 10410632 11299932 12300692 12386462 12973362 13190282 13418512 13475382 14089271 14131683 14160471 14326003 14382508 14391111 14393904 14427431 14451294 14544864 14562275 14568079 14617878 14621637 14632998 14641606 14661957 14763336 14833389 14837928 14938248 15010777 15109462 15113155 15117599 15130462 15189849 15228091 15247986 15284607 15295785 15313725 15323865 15348564 15400979 15431942 15506834 15510756 15520700 15551294 15566022 15575441 15671214 15689313 15747743 15762258 15872657 15940736 16135362 16248319 16270580 16411898 16426698 16630502 16818490 16840877 16895549 16908775 16980777 17010854 17074240 17074457 17130180 17155901 17301914 17343124 17380976 17413777 17524007 17543438 17565891 17779287 17788582 17845906 17945843 17955879 18065823 18083141 18239795 18301263 18355228 18560205 18642642 18691494 18737023 18822866 18988817 19246850 19471190 19477654 19611658 19916228 21200319 21546828 21690938 21881105 22387436 23106500 23111457 23135992 24425906 25127831 25274451 25393674 27011541 29724162 30272314 30705248 32998543 33063845 33672294 33815302 34637152 35769941 37549379 41238441 41253854 42929595 43155565 43171018 44234494 48663963 48791942 49472317 51222676 51253969 52927776 53444887 60449169 63314023 68839777 70267806 72084922 77151544 78570188 87478288 103356166 106783888 112009840 119546373 129682105 140869994 141499502 145530134 159527534 180911104 185497324 
#module 79 size: 35 bs: 0.0018831
8393112 11892722 12322812 13220972 14144790 14212028 14291015 14327792 14517899 14634791 14706004 14940826 15445154 15495117 15534716 16033434 16570335 16941718 17644563 21275406 22201568 23145109 36407795 61849834 65363711 67898690 68982398 86160868 104901157 110281707 113747572 125867143 142415173 195742848 255257849 
#module 80 size: 85 bs: 0.0222442
456 11983 69583 76133 381203 767715 818176 1042631 1394361 1692171 2099891 3303571 6297382 6302382 7210762 7224702 7511702 7614632 8531352 9584882 9686792 11580962 11984762 12354252 13690622 14076943 14128528 14321959 14564986 14576426 14786238 14822021 14888362 15077051 15093212 15135214 15320887 15414807 16212167 16612857 16694698 16745770 17021619 17179368 17325009 17627390 18028249 18134756 18295455 18358227 18680985 18885594 19038395 19207266 19466732 20905953 22960333 23486491 23898238 25163231 29695131 33414867 40532389 40953367 42315951 43911998 46670048 57026817 67924644 68552069 75236148 79873303 89119055 94428870 95499927 102617462 104493815 124920374 141379955 233965578 243768368 249260397 252105891 258934913 263588145 
#module 81 size: 83 bs: 0.0643198
819284 1129701 6144162 8159652 8883702 9886592 10155832 10609292 10636902 11698252 11698322 11784882 12354252 13342982 14076943 14219103 14576426 14789122 14870168 14888632 14894307 14934718 15148807 15184929 15429250 15440344 16393123 16457010 16694698 16703742 17202143 17257272 17312943 17339297 17372379 17460928 17511523 17874910 18038375 18089164 18102284 18429289 18705078 18836209 19771162 19794129 19977032 20030225 20172321 20545925 20610029 20851240 20858400 20945245 21957689 22084719 22200186 23343266 24756213 25164847 25191558 25478876 28211629 28562298 33098821 35783898 37069994 38109868 39944598 41841330 42469463 43292618 52814458 58883706 80589255 89410778 120185625 125418319 131625652 180770812 203951741 214303021 232502918 
#module 82 size: 75 bs: 0.0428557
755332 7288532 9410912 14275501 15680214 17763164 18398385 18543454 20938935 22042403 24414900 24654508 30340990 36204399 37190491 37241140 38124429 39218350 39753319 47736537 48320268 50002300 60650519 65598884 67510424 69187979 72811901 84697403 85032253 92285511 94841257 103725748 104584453 106645659 116756735 121239864 138322735 146416257 155722772 156475064 159658784 172143827 173610845 176868644 184221744 184274305 212006174 217000649 218219246 225564695 232445524 233986555 237193691 239020684 239271745 240586538 244050895 246029073 246418321 247057776 251240599 255167616 255349187 257116158 258039690 258843668 258939764 264046056 266568519 267579171 268063294 269105245 270308750 272566820 272754640 
#module 83 size: 42 bs: 0.0800336
1630261 15767281 24442567 28447455 31288054 36813285 40907388 68446061 71847229 72311889 77292945 92169251 96655484 97598142 98928522 99031903 110921163 112516636 116491722 117255869 123324025 123971807 129347403 134352532 134487373 135102077 139788444 144422669 159049573 163067164 172771660 184544253 185124947 186783403 190229547 208064567 229944730 230182617 232573485 241472180 243662422 259638685 
#module 84 size: 26 bs: 0.00109511
14300954 15734531 16308041 18331770 19183264 20376532 33637010 33832697 39749553 40004981 48036380 50227060 58454165 61818955 63463335 76745868 87212008 102363028 134807812 162665603 168071804 180703009 211858345 217064519 237358682 257467966 
#module 85 size: 50 bs: 0.000631298
1774081 14134608 14398964 14738804 14763566 14870804 15165587 15175391 15367279 16201819 16928122 17062597 17083396 17116782 17130461 17343595 17353481 17837216 17971670 18478410 18603672 18638821 19023804 20212448 21213658 21278570 21832608 23974021 24551605 27018757 28462804 30469863 34507129 71410962 74625574 75800420 77042833 79740296 90313639 100188468 105305259 114579424 130575807 144892029 159245037 170351580 201531255 203149052 240365217 257556561 
#module 86 size: 211 bs: 0.00937601
16624180 17905825 19167202 19578025 20733757 22242179 23401174 23451393 23722620 24733117 24811584 26045055 26388416 26874644 27056757 27512005 28486708 29355945 30780296 35520594 35536649 37077578 38646243 38925280 42330308 42684074 43364907 44278796 44636789 45865465 46934475 48320268 51982828 52757236 55927532 58256315 59698845 61109023 61543234 62554155 63468801 63531207 65367727 66906291 67771977 69366493 70872642 72135569 75243379 75551503 75612668 76456492 77895702 82977544 85008170 86528620 86549560 87331481 88388566 89385774 90668001 91683053 94717868 98505044 98714095 104727907 108350879 112749574 112760135 113787997 113831847 115585592 120962212 121296694 123130128 125392820 126364732 126395181 130395742 130554757 135715040 138628895 139184917 140255945 142410443 147359145 147359386 147756403 153428380 154132764 154787999 155690100 156783397 158228752 158552358 158980067 160658239 160984282 169051492 169103586 170192703 172886308 180605438 181311417 182517897 183626732 184630300 186633188 190359605 191549398 192236628 192968187 196590443 197511305 198399355 200292780 200664598 200713835 202075612 202192724 204186596 204979872 205066686 205341777 207205591 209482512 213310819 213937754 213945499 218764044 219690900 219913962 220190718 220578999 221697034 222189121 223171168 223848490 225199394 226532196 226995027 229729919 230299067 230509267 230770866 231039361 231998027 232276959 232571300 232674215 233986555 234281590 234895094 235319539 235463218 235538483 235905598 236226987 236719127 236882308 239188819 239682389 240247368 241580495 242444620 243220807 244385521 244770433 245042640 245094866 246418321 246648550 247414089 249096055 249542643 250521819 250582808 251229821 253422875 253437303 253888243 254853167 255315692 256186650 256249279 256288010 256754305 257854565 257994974 258096381 258582570 258843668 259123873 259305320 259603718 259615130 259695549 260768576 261073782 261277321 261765367 262292817 262379715 263517122 266073365 266908845 267517115 267926000 268690589 270455224 274197373 
#module 87 size: 183 bs: 0.00450591
16068825 16506186 16703058 18483871 18534567 18629665 19650336 20195689 20352504 20897273 21113258 22589921 22925703 23335196 23401174 23844792 24163850 24636191 26388416 27043989 27386308 27512005 29163409 29355945 31403276 31830665 32451329 34010454 36643209 37190491 38327069 39584114 40187188 41965009 42119491 46054692 47520916 48320268 52254968 52780400 53324525 56836415 58881671 59355478 60849055 60936367 61250869 65507075 65539550 68414446 68554574 70236664 70833097 72036947 72826714 73703096 75630518 75816353 76498257 76887105 77905001 79754695 83454492 84524757 85008170 86495946 87321877 87331481 87712519 87719730 88198639 88829709 89036498 89121882 96790154 98390827 100281735 100554896 101106972 101221067 102308453 103106691 105268204 107621747 108140942 108538150 108679657 110470795 111992715 112558885 113097921 115036116 115624836 116999724 119196878 122056847 123055515 124942059 126153057 126351209 126387549 127636504 133778635 134009694 134687004 135033964 136242193 139331113 141243524 142303850 142977623 144921225 148055679 154440966 155311735 157314364 157765776 157858384 159658784 160718204 162017343 166698317 166757786 166961004 167700350 167915369 168710679 169074286 169655919 172223222 172397445 172639027 180390958 181929711 182040558 184518363 184756173 185221735 187951011 188117384 190546924 192709407 192972145 193364199 194066377 198056848 198590293 199234560 200123241 206216645 206613587 207379807 210268467 213961838 218193050 219089755 220756966 221489828 222485748 224830108 226207535 231472142 232834568 233257736 233409410 239190317 239923310 240878542 241310760 241382533 243164287 249096055 249259023 252759457 252769982 253414535 253784340 255708730 259733469 260136602 261708017 265960486 266296850 
#module 88 size: 74 bs: 0.0256249
11332 13267622 14248612 15293352 15843240 15852054 16027532 16261638 16278934 16356833 16912241 17224164 17945015 18231339 18280708 19396560 19450841 19790013 20770172 22018221 22077506 25197341 25367291 26418098 27944666 31620237 33362218 33877371 33885025 34302264 35636804 39485994 39511351 41437506 43635444 44015183 44202114 45756215 47613125 54113444 56458700 61462007 62509229 66158240 66818412 70461418 72426413 75165241 75192691 89273858 90203791 90776145 91458608 92356909 94919897 100818788 102780726 103864359 107572393 110746020 114467024 126754289 142761850 144325640 160897794 162052960 162898103 163383284 172204281 182066809 207793457 241210475 244673838 245543122 
#module 89 size: 210 bs: 0.0352648
5820022 8402052 9994802 10252992 10284192 11896242 12566322 13191382 14134608 14274606 14320910 14746460 14870804 15062528 15117599 15343285 15353236 15362948 15371730 15412070 15634516 15660796 15746214 15749997 15781117 15959806 16032700 16069024 16105152 16130242 16156302 16163790 16201819 16248319 16270390 16320817 16520112 16536804 16546592 16592690 16787126 16897237 16956103 16956236 17083396 17116782 17343595 17351052 17371061 17400430 17424617 17505487 17538588 17771429 17878154 17971670 17997511 18039861 18087450 18175164 18214840 18216761 18239795 18247087 18275871 18280155 18322904 18406622 18485106 18744397 18786047 18790031 18795950 18857778 18949053 19023804 19047089 19137574 19288077 19532857 19690008 19732334 19774034 19789205 19841754 19886347 19988765 20201647 20338713 20397358 20567743 20758436 20764205 20813783 20989298 21004344 21372803 21863612 22023311 22413145 22490140 22992918 23032476 23155646 23406304 23526929 23620612 23843205 23861287 24798988 25202714 25567123 25736364 25931068 25948167 26255541 28622733 29343437 29436139 29943167 30268257 30376196 30857134 31281673 33617885 34057913 34262175 34417776 34425171 35068546 35402203 35523686 36098673 36730935 36986564 38359820 38668559 39470262 39528744 39700831 39932500 40268283 42909484 43249641 45004183 45051485 46340763 46476526 47470276 48284445 50749152 51034077 53188888 53257111 57247518 59095319 64047804 64927053 69001280 69342256 70335881 70632952 71015802 74026628 74625574 76488224 77402928 87719258 93100491 100004821 101863069 104211750 105305259 112266869 113979106 116571138 117850134 120965844 121738047 121910714 125090924 129098605 131246223 131357770 131646552 131881168 135414895 145350228 155396230 159245037 159329042 165590939 180077597 192007163 193674723 201531255 203508691 206358757 209471041 215989468 216013791 216905062 232682267 233221276 239576675 242179067 243374286 259288480 262312950 270698836 
#module 90 size: 101 bs: 0.0154773
6120472 9188592 9376622 10168082 11829282 14079425 14389132 14437914 14544571 14720411 15113529 15450996 15700362 16181186 17971455 18391075 18485748 18587662 18791763 18948706 18953266 19022242 19153333 19754122 22040403 22935909 23188976 23953237 24480639 24661757 24865454 24975816 27553223 27789999 28963641 31175661 33870680 34434801 35195343 36563254 40506540 44769565 44845302 45190383 49216076 53091022 55991727 61421779 61476055 63009240 63796576 63834256 64576818 66759379 68807455 70477603 70706453 72475621 78470249 91191989 94607882 97481194 109777164 110918004 111165159 115753716 119160384 120174685 124248528 126717954 129360573 130893745 131109320 137917994 142157110 148891227 153244255 168517618 169245808 171569791 180151159 181217649 181301357 182562771 189758673 201515262 227192133 227838448 233306179 234696158 240551046 244931754 244934195 249956612 249964144 250477894 250532240 264400863 270018625 270029137 273004438 
#module 91 size: 44 bs: 0.000887232
7562622 8085432 8184892 12337592 12485522 12601142 14100617 14289835 14571531 14690254 14717311 15001234 15429250 15551263 15577052 15686613 15936780 16016852 16217727 16560157 17375079 17399774 17695465 18706924 20405853 20441166 21665419 22547150 23343266 25059097 26681722 28562298 29822494 31220561 34128302 35846393 38394199 39619991 78315807 101345179 136952493 139974111 187015252 224741780 
#module 92 size: 167 bs: 0.0711132
27953 683523 775861 4303181 5024371 5693322 5778852 5798602 6118242 6389222 6630962 6655632 6811802 7491582 7595842 7746052 7773162 7830812 7853592 8147062 8417802 8539242 9048222 9574902 9615962 9734372 9850782 11235032 11606702 11674822 11892722 12693572 13107602 13225072 13272592 13900042 14054450 14061723 14083767 14105540 14136972 14144790 14178312 14227897 14245501 14251373 14253707 14274372 14277846 14291015 14298819 14299583 14302111 14345566 14376840 14378281 14443616 14452057 14469179 14517899 14532188 14575798 14582352 14605495 14634197 14634791 14643996 14659923 14664756 14679080 14705619 14706004 14773346 14775487 14796279 14846859 14864169 14883514 14923682 14940826 14941009 14998779 15023383 15025059 15075459 15120037 15239123 15300020 15308303 15391752 15393033 15445154 15462767 15487499 15487747 15495117 15615591 15678167 15707047 15729205 15811608 16013349 16124611 16304010 16332052 16353944 16561212 16570335 16586626 16703461 16887348 17022831 17037986 17246888 17280132 17332386 17519222 17545037 17764146 18327007 18345963 18460854 18493879 18609139 18997377 18997715 19090407 19475375 20660925 22866896 23655155 23797396 24436600 25318477 25874451 26730532 27962194 28564127 28873178 30791761 32516316 33492243 34074792 36407795 37240699 37977930 42934314 43111514 43765408 46707560 52090770 54370980 62606223 66395780 72353797 78789634 93953977 101477465 119220971 125382460 132250957 143879476 179154258 192895653 216782324 246024271 254629570 
#module 93 size: 66 bs: 0.0416881
13225072 14911255 15046916 15293352 15524002 15585410 16153984 16177296 16570335 17206658 17495000 17576667 17945015 18131988 18493879 18500081 18766019 19494371 19826674 20267632 20476654 22228327 23309869 23998156 24797350 24816382 24897332 26589876 27894046 28599031 29862576 31667926 34700428 35548601 36568789 38447355 39645433 40721661 43163302 44961029 45756215 46589508 57135779 58561993 61666438 65193458 82376322 82444043 105394663 106185357 111662569 115596327 124257319 132526387 133941575 142447390 143638559 145315512 167570736 171305484 179422421 197156324 223704520 226777208 227750413 240469100 
#module 94 size: 465 bs: 0.0428338
1081 3840 5608 9135 10305 10396 11426 11489 11752 12522 12696 12716 12916 12984 13050 34173 50193 56653 62783 74673 76373 616173 625323 636843 683113 684743 754556 755452 759186 772681 773624 777560 781493 781895 782354 787611 788673 790000 792907 795448 803847 809183 810579 811182 814293 815233 815476 816154 816812 818340 819546 822647 824157 829771 854291 1020961 1048931 1220351 1249431 1252191 1253451 1283361 1315431 1330151 1355401 1356261 1363481 1384531 1530371 1630261 1797291 1953911 2150541 2507851 2564981 2663161 2737751 2825191 3041201 3376281 3452941 3460751 3533231 3597921 3714411 3855911 3954581 4554681 4958911 5024061 5166511 5179031 5238371 5259391 5385262 5402752 5408012 5525212 5531562 5661792 5724622 5738952 5816442 5916122 6014732 6018562 6065942 6084982 6258192 6271842 6419872 6509242 6609072 6753242 6904582 6965272 6976562 7006712 7144182 7277852 7278032 7315022 7508092 7885972 8039442 8092472 8112832 8132322 8143872 8466962 8481222 8596022 8654602 8765892 8769212 8803972 8906982 8925602 8933942 9147742 9244262 9248102 9355162 9366702 9409732 9527242 9543092 9543992 9588882 9639352 9676152 9759932 9831802 9853212 9952152 10154052 10224122 10224172 10355872 10771662 10864492 10876852 10928462 11010622 11063312 11073902 11148342 11316212 11413172 11632342 11774642 11884342 12536272 12683642 12702572 12727902 12795662 12886112 13012632 13693042 13884782 13979662 14015762 14056454 14063033 14079017 14083627 14085277 14110654 14115587 14118793 14133436 14134419 14136479 14141301 14144238 14152445 14182254 14191626 14213692 14217862 14222176 14228300 14238738 14252191 14260608 14263141 14264410 14266588 14270757 14304302 14304739 14313749 14319523 14324944 14325932 14327478 14363211 14370358 14384696 14421385 14433757 14435124 14448173 14464331 14471522 14475312 14476147 14500374 14519349 14562004 14578544 14632661 14652452 14660213 14689567 14715504 14715516 14724577 14749220 14828536 14840993 14855279 14860922 14861579 14943648 14943818 14985117 15040500 15080701 15081182 15087461 15098639 15126388 15131428 15150351 15158352 15221975 15270963 15288377 15294706 15342518 15354042 15365429 15367795 15441074 15447545 15469101 15497928 15520554 15537003 15579449 15675424 15699754 15706037 15751164 15839517 15845496 15885310 15891536 15908105 15917510 15924506 15937921 15947185 15953031 15972562 15991918 16012310 16080020 16169898 16191109 16191175 16208408 16222945 16237734 16303557 16348705 16369099 16407837 16428278 16438898 16533013 16539573 16592620 16727007 16731359 16813361 16814973 16818880 16828143 16874616 16886925 16888514 16907121 16996238 16997044 17003118 17005197 17047248 17074240 17079099 17087370 17156131 17224082 17372386 17463660 17464581 17471010 17514057 17576806 17593208 17641457 17713959 17727253 17925141 17976577 18041438 18072408 18092306 18213932 18258178 18300176 18312678 18370656 18557448 18565158 18699208 18754728 18814878 18982378 19012615 19542974 19572909 20025220 20466813 20696032 21069098 21266715 21404596 21544692 21546828 22164330 22289075 22539801 22982474 23033582 23130098 23388683 23500913 24167147 25159698 25294886 25513646 26590781 26618577 26850477 27961877 28108567 28115822 28584787 28612042 29135440 29767444 29827578 30010982 30059550 30204846 32503018 32629751 34343816 34356968 35796925 36380897 38164856 38388028 38488854 42654335 42793960 43613550 45617989 46360075 46668984 47507850 47712248 47951693 49115842 49723206 50686513 50832208 59580078 60642052 61510388 64122735 64387245 68452697 68696417 76424904 77750391 78634066 78792100 81453802 86239624 90058548 91894424 92074551 95998018 99536748 102524769 104289815 106491960 110821538 117016997 117218161 117477071 118132028 123437271 124473570 126150918 126362262 129878110 131070862 137717770 139984101 141004777 141357881 149075605 155394436 158788474 170101646 171669403 177234194 185002853 195440552 197962366 199015109 210785308 222268976 237220110 244404903 245126239 246913322 249415812 256172796 261947295 
#module 95 size: 173 bs: 0.0154851
13410 1639601 2241221 5449422 5683952 6084982 6269602 6603672 7144882 7823692 8447862 9139352 9306542 10473582 10546442 11304762 11732322 11855222 11965332 12049792 12304722 13097772 13654112 14079356 14084098 14098332 14200437 14204449 14216821 14316141 14372059 14389062 14391111 14429823 14433007 14436072 14562275 14625146 14641392 14652452 14727152 14777850 14819061 14820299 14871283 14892523 14935079 14935192 14949249 14951992 15044502 15067045 15081182 15182385 15276401 15322793 15342619 15343458 15451434 15488145 15600217 15662467 15678008 15746084 15762258 15768216 15819292 15831093 15940736 15946540 16148335 16175706 16275014 16388972 16438743 16465359 16539573 16630083 16641718 16662478 16684007 16690175 16720708 16733141 16750984 16819278 16886925 17062111 17066077 17069525 17172429 17225325 17228171 17242874 17343595 17385961 17410758 17451602 17506774 17520649 17528356 17543438 17813433 17827085 17995655 18049840 18066875 18073211 18179554 18194787 18211473 18254895 18492564 18497497 18536826 18559445 18621945 18637420 18680847 18704291 18728945 18752726 18773339 18773467 18832833 18932935 19246850 19341833 19377400 19498445 19790783 20192882 20497524 20564713 20685484 20918359 20996839 21080122 21158774 21182196 21318903 21460496 21812771 22091828 22203887 22513467 22516489 22539801 23135992 23171383 23172966 23274866 23372889 23387320 23721972 23777198 24247270 24608101 26092570 27732408 30924802 33014475 34343816 35234203 37832300 45085003 51466642 51527704 63728431 71203121 74250663 84025309 217574343 
#module 96 size: 209 bs: 0.0111762
1069351 1315431 1485021 2059841 2960101 3041201 5660312 6509242 6572042 6695732 6944972 7172452 8294022 8340752 9081922 9158962 9200242 9405862 10785032 11058922 11349102 11541372 11567972 11577962 11991832 12047202 12070672 12517792 12536272 13124962 13356392 13546712 13601052 13683762 14027532 14097725 14115587 14177081 14285046 14290415 14315246 14345609 14363211 14364397 14533716 14599422 14618493 14801984 14869791 15052090 15123673 15257682 15315857 15364959 15410368 15488145 15521495 15632835 15768141 15863689 15987060 16012310 16089513 16106525 16226484 16234345 16345566 16425453 16438898 16506571 16530746 16668970 16807860 17046369 17068225 17080534 17125155 17214633 17224082 17343124 17366090 17429334 17429788 17466146 17569124 17641457 17925141 17972230 17993310 18137387 18161157 18174998 18188365 18203404 18402888 18442894 18497497 18499012 18565158 18621945 18710031 18754728 19564474 19599271 19685572 20096335 20628420 20660146 20660609 20686153 20698002 21132950 21544692 21566395 21703120 21781176 21816096 21908076 22203887 22539801 23014496 23126646 23197604 23331830 23584959 23789698 23992198 24908830 25054164 25065717 25911549 26089676 26287569 26334426 26474694 27413705 27426996 27890540 28130246 28658384 29046105 29827578 30025767 30146922 31269851 31310594 31503269 32428493 33606835 34244176 34323672 34737705 34932133 34983319 35476723 35798802 38329264 38338308 39616153 41721520 41871789 42659612 44497235 45879513 46668984 49620984 50387743 50718249 57102394 61628815 69577964 69648081 70474548 72725104 79287934 83602448 83897393 86272337 96585127 101551148 103944737 104893393 105203822 107462003 107749539 109595020 112869554 117477071 119777563 125745997 130974356 131979670 132977590 134156687 139458881 140591488 141527434 171995715 187594795 198911524 199609635 201835381 207669798 221485597 221749521 222128283 239221322 242821748 265427614 
#module 97 size: 81 bs: 0.0194605
1132281 1307011 1322691 3297651 6183312 9654112 13062502 14154581 14342547 14524060 14910806 15110531 15302201 15381346 15605402 16827720 17310398 17577078 17848135 18604510 18630708 19471181 19654406 19920360 21318183 21367818 21695613 22052924 24990215 26900011 26943860 27067218 29529143 35301479 36480743 39001459 41721520 41905057 44203387 45334322 46529685 48181005 50024842 51096590 56116936 59191437 60321100 62554155 67603734 86711072 88435810 89595069 94561549 107639543 108136710 110897594 112869554 113420566 119127201 120900736 123322544 131625652 140827994 153483319 157498350 159929295 162886404 167686055 169970345 176994614 184517281 186957019 194152765 195900371 209789811 210785308 210831524 221526399 239221322 243825310 253953257 
#module 98 size: 42 bs: 0.0814312
1040391 7314152 7396542 7614052 13577172 17011345 17897020 18222647 18824239 19631582 19990190 20057454 23664028 49616509 51678226 55303089 75347004 87534528 88265548 89013228 89856317 104236319 105523857 119667870 124670621 129250534 133923294 144892029 145755847 161691702 170394787 173452455 177719652 200936459 204090866 211556899 213069826 216344199 224770553 248037849 263031010 265977653 
#module 99 size: 243 bs: 0.00630415
1712831 10044022 11673662 14343150 14468043 15274836 15455358 15605754 15614959 15947185 16127669 16248319 16253235 16418505 16787126 17008328 17011345 17070787 17362299 17630773 17734669 17896640 17936052 18073211 18507199 18649219 18761609 18953266 19138755 19291590 19505248 19597166 19801665 19961801 20071285 20477352 21507298 21625207 21690938 22192559 22254576 22813537 22830586 22883967 23135992 23154642 23282565 23555722 23774237 24006057 24636191 24686494 25729276 25737016 27109378 27702107 29206300 29451005 29807370 30455734 31293436 33218276 33241171 33327675 33778988 34733255 34826262 35321567 38202628 40779851 41291640 41470157 41874288 42630325 44564343 44693348 45187586 45672770 48096690 50060799 50663525 50670648 50743805 51908250 58904655 59683851 59913286 61481916 62554155 62635353 62816181 63292317 63726362 65681735 66763589 66925975 67321398 69377877 69780518 73341141 73749928 74613440 78606921 82911157 83938774 84053324 84236250 86770799 86843948 91448645 91462853 92563411 95288092 96933119 98128280 98200411 100281735 101142166 101171750 102847829 104055955 104400450 106831967 106874944 111969688 112058406 113662211 114685387 114762261 115575220 124009190 125290228 125322205 126492276 126912691 127692921 128023725 128601175 129899561 130302239 130682467 131003396 131862233 134743070 134761691 135011198 136802522 139292079 144383619 150255293 150435789 150830257 154708805 155883945 155962937 156636089 158000381 161993294 165594154 168544279 170394787 172225488 172639027 174095086 175477079 176642333 179131373 180275858 181520337 181633686 181800245 183998273 184497682 185187643 185477564 186791742 189975197 190915626 191875463 191964962 192823256 193834897 194109571 195664345 197178807 203867751 204609287 204632531 205346326 205609713 207553661 208920761 212006174 212135317 214406243 215761524 215797959 217574343 219819147 220255068 220885253 221265281 221650526 224808382 224883589 225491442 227986140 228561093 228636294 231858934 232083838 232378811 232603412 233241581 234308463 234318173 235629835 237753551 238299492 238421074 239221322 239286291 241164164 242454810 242589987 243431726 243913373 244937270 245188974 249415812 251487559 251718913 252606479 252855619 253589177 255180880 256291383 258923616 260108644 261894735 266151992 272418328 275672060 
#module 100 size: 299 bs: 0.022807
16713 1712831 4954131 5683952 5764432 5972752 6303832 7044252 7144882 7226972 7867802 8647302 9175912 11922842 12184042 12611642 13306282 13728412 14131420 14287191 14382508 14389132 14472183 14616050 14631638 14720411 14721067 14763855 14951992 15182385 15349653 15399951 15481397 15529625 15565703 15628274 15726358 15726500 15745139 15842676 15878020 15887107 15896304 15896379 15940736 15963488 15975681 16175706 16217220 16273144 16294267 16337697 16388972 16462209 16540406 16615594 16824146 16880685 16915314 17194090 17204519 17206150 17273391 17304123 17326645 17368610 17393362 17415305 17461226 17486092 17486602 17520649 17543438 17580892 17746589 17767500 17789501 17936052 17961246 18034962 18049840 18066875 18129159 18183592 18196308 18230113 18262412 18276100 18391075 18449174 18536322 18594996 18619708 18637420 18773467 18787132 18879847 18913509 18944608 18954425 19083865 19089993 19187122 19251173 19264339 19410436 19431493 19432112 19477159 19490555 19498445 19590747 19675857 19687218 19734025 19743196 19886908 19899940 20148513 20160897 20192882 20276964 20318194 20319730 20649770 20959144 21018559 21152997 21323607 21507298 21507883 21658412 21776768 21777919 21817105 21867719 21975870 21990854 22150874 22256515 22516489 22883967 22940727 22965779 22973224 23026604 23148563 23154642 23244977 23246523 23292975 23499247 23546638 23711425 23774237 23777198 23920779 23932737 24095880 24164536 24224879 24481083 24500538 24561449 24716002 24733117 24803181 25276905 25373949 25447492 25478329 25491038 25610972 25694234 26118186 26539097 26681326 27095215 27503151 27760633 27787027 28018672 28140193 28377117 28782189 29460521 29632619 30479742 30924802 31152881 31619861 32615340 33213349 33327241 34146256 34376087 34572831 34709013 35280301 35524334 36008885 36648662 36912323 37076569 37420083 37920064 38194364 40822836 40957993 41253398 41883924 41958323 42055361 42601947 43607866 43740591 44672556 44899126 44939343 45045450 46159898 46222099 46787956 47050697 47914845 48900102 49814392 50060799 51131831 51758990 53056410 54649894 54709948 54769822 55391997 56081354 56428052 57795179 60695143 62301773 62382288 62846638 63292317 64804024 65587134 66691421 66763589 67010977 67129024 68456925 69497763 70745737 73037662 73341141 73429252 73497064 73683746 74681972 75511224 75711686 76416892 77731518 79930408 80857771 82567107 83370426 87795802 87870915 88541027 89280747 90309379 90971235 91106767 91198297 92798123 96889262 99320433 100111917 101744237 102363028 104357325 106424240 107164806 111053385 112443324 113619900 114012228 122466242 124329490 127810704 132394928 138860140 139960419 140176807 148040105 154708805 168710679 189474615 257564668 
#module 101 size: 28 bs: 0.0972711
4278151 11922842 14255263 14493526 14848179 15632345 16382820 16564842 16857066 17421818 17522884 17781217 18143526 18282606 19203457 30175166 38003948 38670814 39241726 44672556 48469625 58617198 89468228 91191989 109899569 114916798 127659721 221509706 
#module 102 size: 170 bs: 0.0242086
608473 1307011 11673662 14040522 14090931 14099516 14150407 14437914 14545046 15307617 16496431 16530557 16546592 16825062 17475108 17896640 18332827 18391507 18529151 19109017 19597166 19713521 20664195 20751505 20813021 21023334 21335770 23041301 23154642 24703871 26211291 27325141 28076703 29747993 29779074 30464510 31257590 35577793 35910513 36585424 36880462 37896600 38748814 39047949 39591754 41159844 42300159 42381705 43600056 43637692 43746845 44150150 47300233 47380390 48181005 50225755 50489460 52699786 55274676 55933111 56712219 57131205 59043610 62554155 67321398 68879809 70062275 72019681 74887389 76476217 79368271 80779692 84014340 84045446 84430599 87820847 88321965 89731752 92102625 92285511 93176964 94378996 94797309 98505044 98673557 103106691 106769185 107852396 108020454 112479899 116108369 117943004 119178303 121437473 121644896 122540204 126688022 130899627 133492415 134853224 138555043 142513252 144311568 146093372 148273080 158875382 163250088 164725958 173871192 174291299 176225740 178525052 178808746 180084261 183499665 184292192 184896140 192626071 192643153 193035945 194604669 196102552 196161118 196281219 196885303 198338473 198699773 199381244 199382257 199746127 200139454 200230533 203560551 204768565 204979872 205094271 208161241 208830775 210666689 211633957 212203440 212248847 215683551 216605516 217798695 219720365 219785653 220982094 221160429 221919129 226207535 226273650 226822549 229291215 229517477 231496926 231535622 233597060 234869209 235439150 236242567 237819356 239020684 240552704 242860285 243691549 246124029 260278707 261344536 271781804 
#module 103 size: 153 bs: 0.0145718
246103 1936361 6535242 12088232 13817822 13832532 14848221 15399951 16248319 16273144 16275858 16278038 16290327 16381764 16444912 16496431 16630083 16878100 17194090 17259640 17301889 17767500 17813433 18124692 18208795 18414159 18706924 18795950 18829156 18962975 19089993 19552126 19624059 19774114 20105071 20372179 20477352 20882372 20956390 21962567 21990854 22380908 23246523 23324325 23409989 23506185 23664028 23777198 23939797 24224879 25373949 25393674 25688058 26739128 26747105 26756907 26773692 27503151 28018958 28410099 30308283 31059620 31257590 32147116 32435460 33369174 33452988 35105327 36073824 38793729 39897996 41856927 42465046 44147853 44672556 44870998 44986113 45484909 47497885 48737785 49013625 50300582 51043119 51678226 53443633 53657495 55979296 55995317 58341833 60654941 65260323 69102823 71740672 73341141 73683746 75141533 75300453 78543480 79930408 80235953 80796687 85665693 90325437 90793521 92439035 92697733 94397566 95448172 98025022 103285229 105214847 106182367 107852396 112479899 112938012 114767953 116994547 119178303 120765039 122218767 122493098 129949964 134505123 145449666 146093372 146237367 159716429 162959901 166248847 166584190 170270136 171084149 175590052 176806231 177330882 177507202 177931290 178368272 179054464 180160839 183781511 191609459 194783022 200903027 210308682 212823696 224074946 232979512 237962820 245167786 250928526 251425066 258475508 
#module 104 size: 379 bs: 0.0238723
7350652 10786382 16178737 16425627 16956339 16970638 17357018 17905825 18105493 18234520 18544188 18626582 18872519 18878427 18933832 19035245 19124543 19167202 19618046 19927845 20007264 20027256 20116255 20733757 21881621 21953832 22341769 22540789 22581361 22950203 23031702 23103362 23257245 23782518 23882123 23961550 23963107 24351659 24411254 24574222 24741411 25253084 25897762 26312359 26457416 26815053 26874644 27071190 27234262 27257879 27515718 27753611 27827695 27908385 28214315 29015085 29084075 29459695 29555467 29770468 30194186 30404850 30462898 30665326 31070910 31330292 32334346 32584355 32633716 32770999 32957473 32992448 33080831 33498000 33668466 33960315 34075958 34405249 34443244 34686024 35176496 35726826 35748845 35810047 36906540 36944780 36982314 37246265 38151136 38260779 38541154 38580030 38600665 38610291 38729990 39176418 39910912 39986906 40185311 40187150 40248272 40337245 40340319 40350303 40701143 40907388 42670114 42990133 44297180 45013235 45051894 45928398 46666938 46754894 46860582 46934475 47628348 47828718 48059095 48726854 48764460 48867402 48915248 49464688 51482804 51531341 51734182 52114630 52405458 52474527 52504599 52582757 52725693 53292314 54387128 55222535 56675544 56994938 57231428 57486140 57505932 58268797 58751344 59197928 59338505 60304834 61751708 62415418 62985966 63192289 63260438 63597788 64217263 65367727 65748080 67574227 68094095 68241308 68442782 69435529 69490214 70617438 72005983 72741498 73710819 73978891 74033128 74202957 74586267 75612668 76667648 76976987 78403223 79799271 82390302 82977544 83220224 83735005 83770292 83966731 84061021 85632018 86780531 89776939 90854372 91273362 92927188 93328997 94159667 94831581 95277355 95522978 95985617 96109157 96655484 96815249 97051433 97158610 98479451 99001341 99356759 99772708 101612960 101894696 102186571 102951314 103088329 103116624 104434793 104563357 105860187 106175819 106414572 106601959 106888707 108448846 108692077 109569992 111795703 111989628 112075462 113422725 113734388 116706360 117157665 117196502 117792193 117962382 118352178 118614880 119113698 120652915 121163932 122290394 123431836 124548242 125150547 126346398 128809182 131512268 132108729 135057752 136004374 136653516 137066744 137183468 137366470 137455666 137622383 138166083 138847948 140286942 142805881 144712717 145159487 146906710 147043669 147461784 147787042 148155333 148476118 150400817 150770608 152352981 154368883 154635466 154972484 156296440 157122822 157729385 157767014 158104132 158216035 158630760 159144566 160029634 161813117 162092045 162279176 162364970 163719471 164453074 165090476 165814490 165826885 168402242 168563935 169234290 171424066 175222812 175938534 175997836 176114435 176764759 177096882 177336546 177959094 178897716 179812242 182028677 182172282 182982341 183461152 183626732 184900712 186267547 186633188 188202145 188450258 188867349 189265359 191358215 191667380 193483917 193585697 193703862 193779018 194245667 196071730 198048144 198597076 200685361 201947373 202063776 202789051 202867023 202892149 203290250 204390536 205066491 205544568 207730312 208093309 211977478 212311732 212311866 212950155 213702367 213947558 214112621 216172901 220920045 221452291 222823225 223219109 224428744 226001181 226011338 226659463 227016826 227207387 227686496 229178886 229255063 229328959 230314512 230476419 230525319 231271588 231991793 232230669 233405624 235319539 235482531 236967039 237581493 237996239 238394455 243494256 245928017 250983856 254221946 255509379 259305320 261932674 262035041 262261836 267882860 269700319 
#module 105 size: 378 bs: 0.0161713
785595 5693062 10221752 11673662 12392822 14099516 14233546 14343949 14380462 14549601 14664210 14742479 15044300 15214601 15602091 15618317 15938944 16356317 16496431 16526591 16948493 17092592 17357018 17387554 17420951 17473289 17608059 17676599 17721569 17896640 17927796 18098819 18182511 18242620 18282606 18418944 18431771 18433188 18627463 18692021 18879847 18942695 19022242 19632835 19640035 19713521 20352504 20376532 20612953 20661527 21009554 21023334 21057434 21101803 21113258 21230617 21259003 21275420 21345203 22116240 22174042 22254576 22753132 22840652 23008116 23154642 23389965 23418405 23420024 23530440 23556388 23992868 24636191 24703871 24791281 25100373 25154863 25740983 25762392 26211291 27077432 27143583 28031609 28079769 28226960 28301633 28391808 28402860 28768235 28859686 29015085 29090205 29355945 29427149 29459695 29518132 29708582 30145166 32145253 32300434 32530781 33085590 33158772 33247276 33637010 34030481 34316788 34534533 35748845 36719360 36832842 37391190 37749110 38151136 38976017 39439728 39657792 41159844 41549425 41660436 42468157 42680682 42740377 43050396 43600056 43637692 44206517 44224901 44297180 44388527 44446489 44770529 44853718 45537747 45547073 45928398 46019128 46138858 46878105 47577195 48342996 48504894 50025858 50408030 50832715 50985635 51997163 52553796 53000535 53288855 54623706 54708000 54877998 55885084 56669858 56675544 56706308 57113993 57115373 58149795 59043610 59427376 59845061 60181596 62509989 62554155 62972069 63039818 63290903 63646347 65152219 66480892 67321398 67381805 67656375 68036460 68554574 69072789 69187979 70478756 71423326 71664150 73112424 73986605 74037588 74153376 75289001 79637747 80043372 81189900 83379102 84045446 84488824 85008170 85736993 86831936 87615535 87820847 88321965 88471653 88776484 91071674 91396258 91694445 91943914 92063493 92102625 92117844 92285511 92364623 92678445 93176964 93740417 94577861 94579136 94826232 95037522 95137513 95300430 95740429 96316448 96387764 98479451 98505044 98673557 98706590 98895591 99325018 100426508 100479447 103106691 103651694 105623556 105860187 106375859 107186135 108020454 109671957 109995803 110259781 110404277 110986584 111435350 116108369 117792193 117943004 119446586 119710421 120735491 121237632 122153660 122540204 123334275 123963034 124073829 124203804 124854403 124942059 125150547 125409467 126598407 126688022 127198803 128882329 130899627 131021790 131066597 131643746 132109821 132581307 133431287 133559534 133834939 134149133 134841238 136378375 136461307 137786520 138111295 139362133 139628316 139889120 141361726 142705588 144311568 145196076 146512958 148418872 149747560 149815436 151212561 152935567 153042732 153559103 153586491 154959835 155029302 155899912 158136469 158875382 159001530 159144566 159658784 160097143 161524303 162557157 163424898 163565993 164199982 164830389 165418860 166839611 167959400 169443688 170394787 171084149 173941018 174350413 175413619 178053334 179964691 181783656 182987447 183271121 186118905 188185864 188683808 190229279 192236628 194955084 198380384 199381244 199486235 199624094 199746127 200139454 200230533 202376476 202849351 204578326 204768565 204979872 208703350 213487656 216902526 217181024 217793491 218375995 218902597 219011376 220419374 220502693 220982094 223443158 223488253 223679418 226207535 229517477 230314512 230589809 231496926 231535622 233597060 236242567 239186520 240062530 241801946 242477546 243321948 243848799 244791392 245816373 249818868 251744064 255234205 257636956 259171181 264320420 
#module 106 size: 1 bs: 1
22577042 
#module 107 size: 1 bs: 1
190397000 
#module 108 size: 1 bs: 1
14908932 
#module 109 size: 1 bs: 1
31536253 
#module 110 size: 1 bs: 1
47938142 
#module 111 size: 1 bs: 1
171519363 
#module 112 size: 1 bs: 1
19418492 
#module 113 size: 1 bs: 1
224138450 
#module 114 size: 1 bs: 1
12350902 
#module 115 size: 1 bs: 1
109648337 
#module 116 size: 1 bs: 1
88090633 
#module 117 size: 1 bs: 1
67090241 
#module 118 size: 1 bs: 1
15522756 
#module 119 size: 1 bs: 1
13363182 
#module 120 size: 1 bs: 1
22141824 
#module 121 size: 1 bs: 1
5998552 
#module 122 size: 1 bs: 1
18706144 
#module 123 size: 1 bs: 1
28578596 
#module 124 size: 1 bs: 1
62865525 
#module 125 size: 1 bs: 1
34486207 
#module 126 size: 1 bs: 1
22360594 
#module 127 size: 1 bs: 1
27845072 
#module 128 size: 1 bs: 1
22987468 
#module 129 size: 1 bs: 1
38186171 
#module 130 size: 1 bs: 1
234099467 
#module 131 size: 1 bs: 1
59697909 
#module 132 size: 1 bs: 1
13354002 
#module 133 size: 1 bs: 1
128100093 
#module 134 size: 1 bs: 1
29707246 
#module 135 size: 1 bs: 1
19721592 
#module 136 size: 1 bs: 1
255682362 
#module 137 size: 1 bs: 1
14898632 
#module 138 size: 1 bs: 1
119480392 
#module 139 size: 1 bs: 1
22301442 
#module 140 size: 1 bs: 1
114950933 
#module 141 size: 1 bs: 1
36279515 
#module 142 size: 1 bs: 1
78906196 
#module 143 size: 1 bs: 1
247042017 
#module 144 size: 1 bs: 1
20960765 
#module 145 size: 1 bs: 1
94776307 
#module 146 size: 1 bs: 1
124252576 
#module 147 size: 1 bs: 1
111701523 
#module 148 size: 1 bs: 1
107223604 
#module 149 size: 1 bs: 1
16337126 
#module 150 size: 1 bs: 1
22792103 
#module 151 size: 1 bs: 1
14096096 
#module 152 size: 1 bs: 1
184886029 
#module 153 size: 1 bs: 1
266389364 
#module 154 size: 1 bs: 1
124742769 
#module 155 size: 1 bs: 1
12294192 
#module 156 size: 1 bs: 1
10284542 
#module 157 size: 1 bs: 1
182686614 
#module 158 size: 1 bs: 1
203137786 
#module 159 size: 1 bs: 1
66350411 
#module 160 size: 1 bs: 1
93151373 
#module 161 size: 1 bs: 1
42934309 
#module 162 size: 1 bs: 1
110178946 
#module 163 size: 1 bs: 1
13140132 
#module 164 size: 1 bs: 1
14216712 
#module 165 size: 1 bs: 1
139552551 
#module 166 size: 1 bs: 1
13102262 
#module 167 size: 1 bs: 1
124908488 
#module 168 size: 1 bs: 1
34676616 
#module 169 size: 1 bs: 1
7205122 
#module 170 size: 1 bs: 1
258731466 
#module 171 size: 1 bs: 1
178817507 
#module 172 size: 1 bs: 1
19533093 
#module 173 size: 1 bs: 1
45450377 
#module 174 size: 1 bs: 1
28936770 
#module 175 size: 1 bs: 1
90577798 
#module 176 size: 1 bs: 1
82328753 
#module 177 size: 1 bs: 1
175018925 
#module 178 size: 1 bs: 1
54662153 
#module 179 size: 1 bs: 1
13028322 
#module 180 size: 1 bs: 1
70688431 
#module 181 size: 1 bs: 1
254184021 
#module 182 size: 1 bs: 1
165482352 
#module 183 size: 1 bs: 1
176929534 
#module 184 size: 1 bs: 1
131847507 
#module 185 size: 1 bs: 1
72627052 
#module 186 size: 1 bs: 1
258721812 
#module 187 size: 1 bs: 1
47986482 
#module 188 size: 1 bs: 1
19006260 
#module 189 size: 1 bs: 1
28738346 
#module 190 size: 1 bs: 1
18576979 
#module 191 size: 1 bs: 1
13222192 
#module 192 size: 1 bs: 1
14919201 
#module 193 size: 1 bs: 1
47785927 
#module 194 size: 1 bs: 1
17939480 
#module 195 size: 1 bs: 1
232451257 
#module 196 size: 1 bs: 1
13362422 
#module 197 size: 1 bs: 1
25570524 
#module 198 size: 1 bs: 1
210819491 
#module 199 size: 1 bs: 1
14236479 
#module 200 size: 1 bs: 1
42668060 
#module 201 size: 1 bs: 1
15631770 
#module 202 size: 1 bs: 1
15859253 
#module 203 size: 1 bs: 1
196671715 
#module 204 size: 1 bs: 1
122477485 
#module 205 size: 1 bs: 1
18818095 
#module 206 size: 1 bs: 1
49121564 
#module 207 size: 1 bs: 1
194465051 
#module 208 size: 1 bs: 1
181233139 
#module 209 size: 1 bs: 1
32266938 
#module 210 size: 1 bs: 1
15398780 
#module 211 size: 1 bs: 1
207977066 
#module 212 size: 1 bs: 1
25799963 
#module 213 size: 1 bs: 1
171994706 
#module 214 size: 1 bs: 1
84843976 
#module 215 size: 1 bs: 1
252760820 
#module 216 size: 1 bs: 1
71530623 
#module 217 size: 1 bs: 1
235324659 
#module 218 size: 1 bs: 1
269747809 
#module 219 size: 1 bs: 1
92513185 
#module 220 size: 1 bs: 1
21784570 
#module 221 size: 1 bs: 1
31036345 
#module 222 size: 1 bs: 1
50638723 
#module 223 size: 1 bs: 1
161772480 
#module 224 size: 1 bs: 1
68475377 
#module 225 size: 1 bs: 1
51319087 
#module 226 size: 1 bs: 1
250968367 
#module 227 size: 1 bs: 1
32059102 
#module 228 size: 1 bs: 1
74622096 
#module 229 size: 1 bs: 1
243914859 
#module 230 size: 1 bs: 1
17074244 
#module 231 size: 1 bs: 1
1129871 
#module 232 size: 1 bs: 1
149729022 
#module 233 size: 1 bs: 1
17226610 
#module 234 size: 1 bs: 1
16988357 
#module 235 size: 1 bs: 1
119946793 
#module 236 size: 1 bs: 1
271127683 
#module 237 size: 1 bs: 1
107500136 
#module 238 size: 1 bs: 1
160919148 
#module 239 size: 1 bs: 1
88342470 
#module 240 size: 1 bs: 1
227818834 
#module 241 size: 1 bs: 1
16864988 
#module 242 size: 1 bs: 1
35929320 
#module 243 size: 1 bs: 1
156959765 
#module 244 size: 1 bs: 1
172107130 
#module 245 size: 1 bs: 1
17579692 
#module 246 size: 1 bs: 1
17981089 
#module 247 size: 1 bs: 1
26374989 
#module 248 size: 1 bs: 1
21587937 
#module 249 size: 1 bs: 1
15117717 
#module 250 size: 1 bs: 1
253349591 
#module 251 size: 1 bs: 1
44458662 
#module 252 size: 1 bs: 1
48123021 
#module 253 size: 1 bs: 1
105235681 
#module 254 size: 1 bs: 1
19709448 
#module 255 size: 1 bs: 1
30761217 
#module 256 size: 1 bs: 1
14753540 
#module 257 size: 1 bs: 1
15803220 
#module 258 size: 1 bs: 1
139535000 
#module 259 size: 1 bs: 1
83393956 
#module 260 size: 1 bs: 1
33872783 
#module 261 size: 1 bs: 1
96477730 
#module 262 size: 1 bs: 1
5489202 
#module 263 size: 1 bs: 1
15462987 
#module 264 size: 1 bs: 1
22277113 
#module 265 size: 1 bs: 1
22660932 
#module 266 size: 1 bs: 1
257522681 
#module 267 size: 1 bs: 1
220885006 
#module 268 size: 1 bs: 1
199400238 
#module 269 size: 1 bs: 1
164856615 
#module 270 size: 1 bs: 1
255704566 
#module 271 size: 1 bs: 1
227153602 
#module 272 size: 1 bs: 1
18189305 
#module 273 size: 1 bs: 1
23594701 
#module 274 size: 1 bs: 1
262966574 
#module 275 size: 1 bs: 1
267791703 
#module 276 size: 1 bs: 1
30386438 
#module 277 size: 1 bs: 1
36230769 
#module 278 size: 1 bs: 1
47791995 
#module 279 size: 1 bs: 1
270021070 
#module 280 size: 1 bs: 1
19783137 
#module 281 size: 1 bs: 1
45526985 
#module 282 size: 1 bs: 1
14959496 
#module 283 size: 1 bs: 1
59518891 
#module 284 size: 1 bs: 1
28784606 
#module 285 size: 1 bs: 1
86188413 
#module 286 size: 1 bs: 1
139757503 
#module 287 size: 1 bs: 1
17495194 
#module 288 size: 1 bs: 1
121223001 
#module 289 size: 1 bs: 1
146452672 
#module 290 size: 1 bs: 1
256060579 
#module 291 size: 1 bs: 1
48892632 
#module 292 size: 1 bs: 1
20813611 
#module 293 size: 1 bs: 1
16799649 
#module 294 size: 1 bs: 1
146965762 
#module 295 size: 1 bs: 1
58438772 
#module 296 size: 1 bs: 1
123614628 
#module 297 size: 1 bs: 1
190969275 
#module 298 size: 1 bs: 1
260518040 
#module 299 size: 1 bs: 1
15229127 
#module 300 size: 1 bs: 1
190722777 
#module 301 size: 1 bs: 1
20954257 
#module 302 size: 1 bs: 1
174811472 
#module 303 size: 1 bs: 1
15479484 
#module 304 size: 1 bs: 1
151546361 
#module 305 size: 1 bs: 1
87590534 
#module 306 size: 1 bs: 1
14850221 
#module 307 size: 1 bs: 1
15583560 
#module 308 size: 1 bs: 1
16278276 
#module 309 size: 1 bs: 1
19245279 
#module 310 size: 1 bs: 1
4583971 
#module 311 size: 1 bs: 1
216838986 
#module 312 size: 1 bs: 1
271745209 
#module 313 size: 1 bs: 1
9324442 
#module 314 size: 1 bs: 1
27050983 
#module 315 size: 1 bs: 1
18375249 
#module 316 size: 1 bs: 1
14416798 
#module 317 size: 1 bs: 1
63073975 
#module 318 size: 1 bs: 1
15683 
#module 319 size: 1 bs: 1
46958309 
#module 320 size: 1 bs: 1
41172680 
#module 321 size: 1 bs: 1
23284990 
#module 322 size: 1 bs: 1
18197912 
#module 323 size: 1 bs: 1
14125005 
#module 324 size: 1 bs: 1
145347010 
#module 325 size: 1 bs: 1
203003361 
#module 326 size: 1 bs: 1
237394359 
#module 327 size: 1 bs: 1
53466911 
#module 328 size: 1 bs: 1
18660690 
#module 329 size: 1 bs: 1
209588239 
#module 330 size: 1 bs: 1
7901042 
#module 331 size: 1 bs: 1
19707468 
#module 332 size: 1 bs: 1
35656602 
#module 333 size: 1 bs: 1
21783716 
#module 334 size: 1 bs: 1
22046753 
#module 335 size: 1 bs: 1
116488585 
#module 336 size: 1 bs: 1
16235927 
#module 337 size: 1 bs: 1
13539592 
#module 338 size: 1 bs: 1
14192412 
#module 339 size: 1 bs: 1
18385897 
#module 340 size: 1 bs: 1
188574103 
#module 341 size: 1 bs: 1
31634255 
#module 342 size: 1 bs: 1
38194761 
#module 343 size: 1 bs: 1
18566129 
#module 344 size: 1 bs: 1
140935817 
#module 345 size: 1 bs: 1
24165974 
#module 346 size: 1 bs: 1
5513352 
#module 347 size: 1 bs: 1
62619975 
#module 348 size: 1 bs: 1
15979153 
#module 349 size: 1 bs: 1
29911860 
#module 350 size: 1 bs: 1
136758945 
#module 351 size: 1 bs: 1
21229200 
#module 352 size: 1 bs: 1
21587712 
#module 353 size: 1 bs: 1
205361935 
#module 354 size: 1 bs: 1
151136998 
#module 355 size: 1 bs: 1
247779244 
#module 356 size: 1 bs: 1
157832459 
#module 357 size: 1 bs: 1
118278304 
#module 358 size: 1 bs: 1
15687170 
#module 359 size: 1 bs: 1
1308101 
#module 360 size: 1 bs: 1
9335042 
#module 361 size: 1 bs: 1
117022831 
#module 362 size: 1 bs: 1
165914228 
#module 363 size: 1 bs: 1
217541234 
#module 364 size: 1 bs: 1
116886298 
#module 365 size: 1 bs: 1
124028136 
#module 366 size: 1 bs: 1
246191415 
#module 367 size: 1 bs: 1
7282132 
#module 368 size: 1 bs: 1
98580028 
#module 369 size: 1 bs: 1
12852572 
#module 370 size: 1 bs: 1
157645081 
#module 371 size: 1 bs: 1
116587005 
#module 372 size: 1 bs: 1
152908018 
#module 373 size: 1 bs: 1
10776882 
#module 374 size: 1 bs: 1
198793430 
#module 375 size: 1 bs: 1
14852158 
#module 376 size: 1 bs: 1
28117912 
#module 377 size: 1 bs: 1
29940127 
#module 378 size: 1 bs: 1
267924448 
#module 379 size: 1 bs: 1
213288408 
#module 380 size: 1 bs: 1
118644821 
#module 381 size: 1 bs: 1
95738226 
#module 382 size: 1 bs: 1
53962656 
#module 383 size: 1 bs: 1
46476708 
#module 384 size: 1 bs: 1
14516697 
#module 385 size: 1 bs: 1
167492987 
#module 386 size: 1 bs: 1
203379278 
#module 387 size: 1 bs: 1
131607538 
#module 388 size: 1 bs: 1
74003363 
#module 389 size: 1 bs: 1
267519951 
#module 390 size: 1 bs: 1
265268942 
#module 391 size: 1 bs: 1
191807566 
#module 392 size: 1 bs: 1
131390753 
#module 393 size: 1 bs: 1
21746170 
#module 394 size: 1 bs: 1
172592448 
#module 395 size: 1 bs: 1
24553362 
#module 396 size: 1 bs: 1
90932230 
#module 397 size: 1 bs: 1
20380789 
#module 398 size: 1 bs: 1
70004519 
#module 399 size: 1 bs: 1
211774252 
#module 400 size: 1 bs: 1
104733034 
#module 401 size: 1 bs: 1
17864262 
#module 402 size: 1 bs: 1
14050006 
#module 403 size: 1 bs: 1
69837017 
#module 404 size: 1 bs: 1
25419816 
#module 405 size: 1 bs: 1
145361923 
#module 406 size: 1 bs: 1
14335761 
#module 407 size: 1 bs: 1
30955860 
#module 408 size: 1 bs: 1
203893499 
#module 409 size: 1 bs: 1
19399298 
#module 410 size: 1 bs: 1
37645675 
#module 411 size: 1 bs: 1
28765331 
#module 412 size: 1 bs: 1
58386031 
#module 413 size: 1 bs: 1
183182089 
#module 414 size: 1 bs: 1
101911812 
#module 415 size: 1 bs: 1
21273939 
#module 416 size: 1 bs: 1
270172081 
#module 417 size: 1 bs: 1
143882311 
#module 418 size: 1 bs: 1
16362662 
#module 419 size: 1 bs: 1
43321377 
#module 420 size: 1 bs: 1
269130040 
#module 421 size: 1 bs: 1
203871835 
#module 422 size: 1 bs: 1
15138003 
#module 423 size: 1 bs: 1
7449512 
#module 424 size: 1 bs: 1
7737642 
#module 425 size: 1 bs: 1
220884100 
#module 426 size: 1 bs: 1
40937566 
#module 427 size: 1 bs: 1
18958597 
#module 428 size: 1 bs: 1
252782082 
#module 429 size: 1 bs: 1
107093676 
#module 430 size: 1 bs: 1
16162490 
#module 431 size: 1 bs: 1
148425035 
#module 432 size: 1 bs: 1
39653094 
#module 433 size: 1 bs: 1
102067385 
#module 434 size: 1 bs: 1
34934712 
#module 435 size: 1 bs: 1
195007168 
#module 436 size: 1 bs: 1
112762523 
#module 437 size: 1 bs: 1
95912884 
#module 438 size: 1 bs: 1
241321163 
#module 439 size: 1 bs: 1
106110915 
#module 440 size: 1 bs: 1
112478283 
#module 441 size: 1 bs: 1
14860195 
#module 442 size: 1 bs: 1
131370098 
#module 443 size: 1 bs: 1
89202951 
#module 444 size: 1 bs: 1
21575880 
#module 445 size: 1 bs: 1
185158668 
#module 446 size: 1 bs: 1
118713710 
#module 447 size: 1 bs: 1
139024456 
#module 448 size: 1 bs: 1
20472901 
#module 449 size: 1 bs: 1
266278152 
#module 450 size: 1 bs: 1
57600394 
#module 451 size: 1 bs: 1
91194630 
#module 452 size: 1 bs: 1
57187935 
#module 453 size: 1 bs: 1
17334372 
#module 454 size: 1 bs: 1
79391196 
#module 455 size: 1 bs: 1
163894281 
#module 456 size: 1 bs: 1
19065393 
#module 457 size: 1 bs: 1
265500964 
#module 458 size: 1 bs: 1
238760716 
#module 459 size: 1 bs: 1
20632381 
#module 460 size: 1 bs: 1
84201313 
#module 461 size: 1 bs: 1
140983662 
#module 462 size: 1 bs: 1
10730842 
#module 463 size: 1 bs: 1
84043516 
#module 464 size: 1 bs: 1
43541405 
#module 465 size: 1 bs: 1
62964460 
#module 466 size: 1 bs: 1
225390538 
#module 467 size: 1 bs: 1
19656274 
#module 468 size: 1 bs: 1
14934063 
#module 469 size: 1 bs: 1
151084354 
#module 470 size: 1 bs: 1
15063931 
#module 471 size: 1 bs: 1
28424289 
#module 472 size: 1 bs: 1
17214701 
#module 473 size: 1 bs: 1
80621298 
#module 474 size: 1 bs: 1
22790425 
#module 475 size: 1 bs: 1
25512025 
#module 476 size: 1 bs: 1
174319881 
#module 477 size: 1 bs: 1
82109274 
#module 478 size: 1 bs: 1
125277965 
#module 479 size: 1 bs: 1
115087202 
#module 480 size: 1 bs: 1
26001722 
#module 481 size: 1 bs: 1
216952758 
#module 482 size: 1 bs: 1
103655819 
#module 483 size: 1 bs: 1
90195278 
#module 484 size: 1 bs: 1
49233038 
#module 485 size: 1 bs: 1
237212345 
#module 486 size: 1 bs: 1
238468639 
#module 487 size: 1 bs: 1
84623393 
#module 488 size: 1 bs: 1
138905522 
#module 489 size: 1 bs: 1
89266401 
#module 490 size: 1 bs: 1
44683837 
#module 491 size: 1 bs: 1
237752191 
#module 492 size: 1 bs: 1
77939719 
#module 493 size: 1 bs: 1
80449471 
#module 494 size: 1 bs: 1
1045701 
#module 495 size: 1 bs: 1
806204 
#module 496 size: 1 bs: 1
221249442 
#module 497 size: 1 bs: 1
250246958 
#module 498 size: 1 bs: 1
89026913 
#module 499 size: 1 bs: 1
96188024 
#module 500 size: 1 bs: 1
17237906 
#module 501 size: 1 bs: 1
14528817 
#module 502 size: 1 bs: 1
61485121 
#module 503 size: 1 bs: 1
216633243 
#module 504 size: 1 bs: 1
92711494 
#module 505 size: 1 bs: 1
252371425 
#module 506 size: 1 bs: 1
25242416 
#module 507 size: 1 bs: 1
4182751 
#module 508 size: 1 bs: 1
19519071 
#module 509 size: 1 bs: 1
16410954 
#module 510 size: 1 bs: 1
83006046 
#module 511 size: 1 bs: 1
178197920 
#module 512 size: 1 bs: 1
24962655 
#module 513 size: 1 bs: 1
20444463 
#module 514 size: 1 bs: 1
18233716 
#module 515 size: 1 bs: 1
51162926 
#module 516 size: 1 bs: 1
15033971 
#module 517 size: 1 bs: 1
78212056 
#module 518 size: 1 bs: 1
260620672 
#module 519 size: 1 bs: 1
247498484 
#module 520 size: 1 bs: 1
232420456 
#module 521 size: 1 bs: 1
27644918 
#module 522 size: 1 bs: 1
19241200 
#module 523 size: 1 bs: 1
106540670 
#module 524 size: 1 bs: 1
241041897 
#module 525 size: 1 bs: 1
220594903 
#module 526 size: 1 bs: 1
35960388 
#module 527 size: 1 bs: 1
17898705 
#module 528 size: 1 bs: 1
241808450 
#module 529 size: 1 bs: 1
251114231 
#module 530 size: 1 bs: 1
65002820 
#module 531 size: 1 bs: 1
234439191 
#module 532 size: 1 bs: 1
135248445 
#module 533 size: 1 bs: 1
152479960 
#module 534 size: 1 bs: 1
269082797 
#module 535 size: 1 bs: 1
219265469 
#module 536 size: 1 bs: 1
179138607 
#module 537 size: 1 bs: 1
40007151 
#module 538 size: 1 bs: 1
241963008 
#module 539 size: 1 bs: 1
146917975 
#module 540 size: 1 bs: 1
75423477 
#module 541 size: 1 bs: 1
160628707 
#module 542 size: 1 bs: 1
38851140 
#module 543 size: 1 bs: 1
163009920 
#module 544 size: 1 bs: 1
102568475 
#module 545 size: 1 bs: 1
193689467 
#module 546 size: 1 bs: 1
96756546 
#module 547 size: 1 bs: 1
184495064 
#module 548 size: 1 bs: 1
185681415 
#module 549 size: 1 bs: 1
222555703 
#module 550 size: 1 bs: 1
37396821 
#module 551 size: 1 bs: 1
211421505 
#module 552 size: 1 bs: 1
137937174 
#module 553 size: 1 bs: 1
103527653 
#module 554 size: 1 bs: 1
197216839 
#module 555 size: 1 bs: 1
97515361 
#module 556 size: 1 bs: 1
197075594 
#module 557 size: 1 bs: 1
18911295 
#module 558 size: 1 bs: 1
116690967 
#module 559 size: 1 bs: 1
40300225 
#module 560 size: 1 bs: 1
18308864 
#module 561 size: 1 bs: 1
64847676 
#module 562 size: 1 bs: 1
20842354 
#module 563 size: 1 bs: 1
17114283 
#module 564 size: 1 bs: 1
109433379 
#module 565 size: 1 bs: 1
71632263 
#module 566 size: 1 bs: 1
15058363 
#module 567 size: 1 bs: 1
33648595 
#module 568 size: 1 bs: 1
152088160 
#module 569 size: 1 bs: 1
59818041 
#module 570 size: 1 bs: 1
67862303 
#module 571 size: 1 bs: 1
15073882 
#module 572 size: 1 bs: 1
51185550 
#module 573 size: 1 bs: 1
81394914 
#module 574 size: 1 bs: 1
89708408 
#module 575 size: 1 bs: 1
33657457 
#module 576 size: 1 bs: 1
53313683 
#module 577 size: 1 bs: 1
242354131 
#module 578 size: 1 bs: 1
15446200 
#module 579 size: 1 bs: 1
58244502 
#module 580 size: 1 bs: 1
68481903 
#module 581 size: 1 bs: 1
116856787 
#module 582 size: 1 bs: 1
236022159 
#module 583 size: 1 bs: 1
54588187 
#module 584 size: 1 bs: 1
81423917 
#module 585 size: 1 bs: 1
115933562 
#module 586 size: 1 bs: 1
24545046 
#module 587 size: 1 bs: 1
63156219 
#module 588 size: 1 bs: 1
38087508 
#module 589 size: 1 bs: 1
71185998 
#module 590 size: 1 bs: 1
62913830 
#module 591 size: 1 bs: 1
42202168 
#module 592 size: 1 bs: 1
122025560 
#module 593 size: 1 bs: 1
39821643 
#module 594 size: 1 bs: 1
82821085 
#module 595 size: 1 bs: 1
59394895 
#module 596 size: 1 bs: 1
174959828 
#module 597 size: 1 bs: 1
36941550 
#module 598 size: 1 bs: 1
170143271 
#module 599 size: 1 bs: 1
159660869 
#module 600 size: 1 bs: 1
39362638 
#module 601 size: 1 bs: 1
60843560 
#module 602 size: 1 bs: 1
35030769 
#module 603 size: 1 bs: 1
154105545 
#module 604 size: 1 bs: 1
14668668 
#module 605 size: 1 bs: 1
40264785 
#module 606 size: 1 bs: 1
154776946 
#module 607 size: 1 bs: 1
110301570 
#module 608 size: 1 bs: 1
14120984 
#module 609 size: 1 bs: 1
182056988 
#module 610 size: 1 bs: 1
60211331 
#module 611 size: 1 bs: 1
123778145 
#module 612 size: 1 bs: 1
132553078 
#module 613 size: 1 bs: 1
203890384 
#module 614 size: 1 bs: 1
131998232 
#module 615 size: 1 bs: 1
49354191 
#module 616 size: 1 bs: 1
106413293 
#module 617 size: 1 bs: 1
182377857 
#module 618 size: 1 bs: 1
124176905 
#module 619 size: 1 bs: 1
17150292 
#module 620 size: 1 bs: 1
199654751 
#module 621 size: 1 bs: 1
216145017 
#module 622 size: 1 bs: 1
236508708 
#module 623 size: 1 bs: 1
194832495 
#module 624 size: 1 bs: 1
25532738 
#module 625 size: 1 bs: 1
46972036 
#module 626 size: 1 bs: 1
131932008 
#module 627 size: 1 bs: 1
269218298 
#module 628 size: 1 bs: 1
51482997 
#module 629 size: 1 bs: 1
146943510 
#module 630 size: 1 bs: 1
42026511 
#module 631 size: 1 bs: 1
231580019 
#module 632 size: 1 bs: 1
139882332 
#module 633 size: 1 bs: 1
8287952 
#module 634 size: 1 bs: 1
228397622 
#module 635 size: 1 bs: 1
30933895 
#module 636 size: 1 bs: 1
244065169 
#module 637 size: 1 bs: 1
29125475 
#module 638 size: 1 bs: 1
69427987 
#module 639 size: 1 bs: 1
147342909 
#module 640 size: 1 bs: 1
39001282 
#module 641 size: 1 bs: 1
54295084 
#module 642 size: 1 bs: 1
106824606 
#module 643 size: 1 bs: 1
92251230 
#module 644 size: 1 bs: 1
25316662 
#module 645 size: 1 bs: 1
156768711 
#module 646 size: 1 bs: 1
56882778 
#module 647 size: 1 bs: 1
18540889 
#module 648 size: 1 bs: 1
203495480 
#module 649 size: 1 bs: 1
80175829 
#module 650 size: 1 bs: 1
262751654 
#module 651 size: 1 bs: 1
60578598 
#module 652 size: 1 bs: 1
57863766 
#module 653 size: 1 bs: 1
62193495 
#module 654 size: 1 bs: 1
68480226 
#module 655 size: 1 bs: 1
43785909 
#module 656 size: 1 bs: 1
28106848 
#module 657 size: 1 bs: 1
110280391 
#module 658 size: 1 bs: 1
193274143 
#module 659 size: 1 bs: 1
162029292 
#module 660 size: 1 bs: 1
38570998 
#module 661 size: 1 bs: 1
18186993 
#module 662 size: 1 bs: 1
122586910 
#module 663 size: 1 bs: 1
54213842 
#module 664 size: 1 bs: 1
222112008 
#module 665 size: 1 bs: 1
19477451 
#module 666 size: 1 bs: 1
14179222 
#module 667 size: 1 bs: 1
119980245 
#module 668 size: 1 bs: 1
52306963 
#module 669 size: 1 bs: 1
18658739 
#module 670 size: 1 bs: 1
235179906 
#module 671 size: 1 bs: 1
95654308 
#module 672 size: 1 bs: 1
166207466 
#module 673 size: 1 bs: 1
78000325 
#module 674 size: 1 bs: 1
132681279 
#module 675 size: 1 bs: 1
9040122 
#module 676 size: 1 bs: 1
188560097 
#module 677 size: 1 bs: 1
240238656 
#module 678 size: 1 bs: 1
688273 
#module 679 size: 1 bs: 1
129730276 
#module 680 size: 1 bs: 1
155668326 
#module 681 size: 1 bs: 1
177407138 
#module 682 size: 1 bs: 1
80481912 
#module 683 size: 1 bs: 1
67775956 
#module 684 size: 1 bs: 1
231546333 
#module 685 size: 1 bs: 1
127686449 
#module 686 size: 1 bs: 1
43803902 
#module 687 size: 1 bs: 1
8757362 
#module 688 size: 1 bs: 1
51312272 
#module 689 size: 1 bs: 1
75541452 
#module 690 size: 1 bs: 1
259288021 
#module 691 size: 1 bs: 1
86241413 
#module 692 size: 1 bs: 1
226672560 
#module 693 size: 1 bs: 1
180481402 
#module 694 size: 1 bs: 1
270781759 
#module 695 size: 1 bs: 1
70449609 
#module 696 size: 1 bs: 1
206198440 
#module 697 size: 1 bs: 1
168893547 
#module 698 size: 1 bs: 1
144378293 
#module 699 size: 1 bs: 1
133456536 
#module 700 size: 1 bs: 1
192809889 
#module 701 size: 1 bs: 1
59577520 
#module 702 size: 1 bs: 1
16916193 
#module 703 size: 1 bs: 1
103175150 
#module 704 size: 1 bs: 1
142127373 
#module 705 size: 1 bs: 1
87484674 
#module 706 size: 1 bs: 1
20288395 
#module 707 size: 1 bs: 1
152189675 
#module 708 size: 1 bs: 1
178275485 
#module 709 size: 1 bs: 1
184700776 
#module 710 size: 1 bs: 1
84894256 
#module 711 size: 1 bs: 1
91148885 
#module 712 size: 1 bs: 1
43266527 
#module 713 size: 1 bs: 1
57030266 
#module 714 size: 1 bs: 1
131317768 
#module 715 size: 1 bs: 1
183088045 
#module 716 size: 1 bs: 1
237197733 
#module 717 size: 1 bs: 1
223757158 
#module 718 size: 1 bs: 1
31962068 
#module 719 size: 1 bs: 1
96898398 
#module 720 size: 1 bs: 1
249485868 
#module 721 size: 1 bs: 1
74285761 
#module 722 size: 1 bs: 1
13578412 
#module 723 size: 1 bs: 1
61238566 
#module 724 size: 1 bs: 1
81314945 
#module 725 size: 1 bs: 1
128144689 
#module 726 size: 1 bs: 1
144538924 
#module 727 size: 1 bs: 1
255325506 
#module 728 size: 1 bs: 1
212095146 
#module 729 size: 1 bs: 1
171594145 
#module 730 size: 1 bs: 1
116234257 
#module 731 size: 1 bs: 1
109302745 
#module 732 size: 1 bs: 1
16087477 
#module 733 size: 1 bs: 1
34728091 
#module 734 size: 1 bs: 1
189374598 
#module 735 size: 1 bs: 1
139965205 
#module 736 size: 1 bs: 1
42992593 
#module 737 size: 1 bs: 1
59122298 
#module 738 size: 1 bs: 1
97855971 
#module 739 size: 1 bs: 1
22240383 
#module 740 size: 1 bs: 1
16376889 
#module 741 size: 1 bs: 1
269734168 
#module 742 size: 1 bs: 1
121235735 
#module 743 size: 1 bs: 1
190120150 
#module 744 size: 1 bs: 1
76862092 
#module 745 size: 1 bs: 1
41959740 
#module 746 size: 1 bs: 1
163222098 
