224808382 225491442 237962820 
51684877 56981225 64166227 64365916 67798741 94541648 141524887 181421726 
11633492 18836209 94856925 162886404 
15935243 17065634 79447979 
116690967 211774252 
148478556 197882703 
173941018 264320420 
18814878 21544692 
29940127 265749910 270172081 270308750 271127683 
21587937 261073782 
759228 29707246 
20649770 94797309 
18242620 18630708 
15618317 112938012 
14578544 16932185 19654787 22204032 22372197 78924375 201242210 268125399 
17214633 17310398 
17627945 18040428 19131613 21429357 66997403 198466520 
41364338 67656375 153428380 200673064 259171181 
9543992 15447545 17464581 17827085 28115822 
13140132 17224082 
14343150 50060799 251487559 
14326003 253727842 
162557157 199624094 
1132281 59191437 76476217 169970345 
121117011 133279867 163745140 250070427 
24442567 36813285 117255869 
42231175 100440668 
17242874 17475281 94358525 
89026913 151136998 
11304762 14516697 16237734 17993310 
15929686 70937408 230974069 
28009658 36697219 100504915 
39031895 51144694 126979577 147595464 166961004 228085717 
192626071 192643153 193035945 194604669 
14128069 17315836 22790425 224428671 
12587982 121209486 
36008885 59818041 
15374280 110812554 
40448583 193362884 
14255263 57131205 
42868982 82655261 122115977 127846497 129319803 205936089 208582686 254639896 
24908830 38164856 
1442101 5547552 12398022 15942716 17988396 18533988 44046468 
16270580 196102552 196281219 
800735 16484677 25057202 
13228592 47103930 77577477 83719783 140663609 
15441450 98976495 
72605385 102324811 
14330959 19404944 23593213 
20173675 24716002 25163231 29708582 126717954 
14150407 222268976 
127188125 131713492 161700842 
35030769 62614001 
16588005 27302814 37546498 
28447455 77292945 123971807 
6567132 10776882 14051159 22155739 25151753 38297358 
66993 14643996 15064389 
6084982 18619708 
30146922 88342470 
67510424 176868644 
14139584 19396560 
137443330 256324516 
14270791 15110531 72343437 
15058363 15138003 
14668668 208920761 
39176418 157122822 
42654335 81453802 
16376889 38570998 
152935567 184876062 204578326 
15767281 31288054 68446061 
17948379 36713201 
17577078 21318183 64576818 
134352532 134487373 144422669 241472180 259638685 
52910865 69443278 
164550070 191478815 208766236 
16521150 117147872 
18028249 29695131 
6269602 8476602 48392114 
270018625 270029137 
16856926 228661575 
35536649 46934475 198597076 
92513185 186957019 
21726416 25904132 
45848865 109150601 237753551 
130554757 236226987 
85267320 209558599 
107789104 236409451 
81052999 159791993 168837176 
14763336 21335770 
26617933 89370731 
7144182 7449512 29641373 
77540628 122895180 
70622187 129176641 
11855222 14090906 18948706 
16970274 31100040 
12047202 33241171 
123905824 148833123 
32633716 68241308 
125150547 158630760 
35798802 40937566 
21784570 25242416 
90469674 110778721 
68209920 165494539 
14121853 156644794 
156121581 170606832 187731482 
23792216 24811584 
222555703 244065169 
18186993 30461425 
10333202 74411287 178368272 
57888537 133893663 
15748737 17898705 21751985 
180607403 243660328 
61291337 61317377 
40340319 99001341 225199394 
773624 19910599 
64624131 128968339 
72311889 92169251 243662422 
230525319 261932674 
91273362 191549398 
54475659 72661977 
12350902 16988357 18604510 49723206 
110424984 128396268 
18939822 23225823 
17569124 114519095 
58438772 146917975 160919148 
178943260 194591750 
20254792 51179919 
184544253 186783403 
147467640 150224559 
254853167 260768576 
66480892 242860285 
81655538 246576590 
28431983 84488824 
146416257 266568519 
60335753 65604392 73359595 99324565 110750328 121834189 129915741 138498796 172769873 229587355 
128693679 135298815 145408456 147314264 151714614 162735344 175533140 188419032 193088908 196853166 198560132 199009858 201763743 208677720 216529788 217576078 226769636 229674969 230859303 231085129 234840602 235633896 235729192 235759321 236368003 240468977 242884484 245453198 245793450 248493560 254493514 259394715 260985403 
21179070 86989704 164391207 240606964 
99031903 110921163 135102077 159049573 190229547 232573485 
28623830 35267268 94945000 119526244 170777800 179999308 
127636504 128040590 140983662 197538143 
16864988 145530134 
87712519 110404277 233409410 
88140118 95738226 185657737 
84972513 115377377 
156783397 253888243 
60304834 235179906 
6426552 19703385 
18706144 65598884 68036460 74153376 83277670 84217059 91106767 106554309 108622476 125409467 172143827 173610845 217318313 220419374 
5972752 7708092 22174042 188474582 210427069 
10438862 95333167 119348430 
47828718 114762261 234099467 262261836 263448462 267882860 
18234520 21975447 
15583292 227726723 
26900011 63009240 168544279 
26943860 194465051 
142513252 151212561 
1957211 8457092 14153491 16641454 18071407 20550830 21625207 36880462 50832208 67603734 119297816 
6976562 7795982 14056454 16411060 16513752 18530171 19035245 19624059 20698002 23077155 28169177 29097048 32574964 36371780 45914093 55391997 62964460 71801107 78066531 105235681 111435350 134141151 198599261 
8496612 12597012 13315172 14464919 14562275 15599014 15683948 18089695 18122984 18353112 19611658 19824145 20209025 21729540 23421006 23628049 25274451 26668603 26713682 30272314 32377446 41874288 43500507 46037408 53443633 63285684 64844059 66158240 70199201 75221587 80796687 84623487 104337086 123116942 132013729 140028928 141242868 165144151 165914228 171719023 189686051 191840628 195165128 217162001 235380880 246290364 247136805 254426170 257186370 260786513 
23324325 79873303 258934913 
53000535 91191989 99325018 
58454165 257467966 
14554078 15046916 66871294 81505840 211011485 
14216821 151084354 155994909 227818834 
50613 6120472 19533093 38851140 82328753 83625882 99536748 118132028 
21266715 34356968 
96655484 163009920 163067164 186791742 
8085432 8184892 12485522 14571531 14632661 14717311 15577052 15936780 16016852 16337126 16560157 17695465 19552126 20441166 25059097 26681722 31220561 35846393 101345179 136952493 139974111 160313219 187015252 191514152 224741780 
33247276 104332218 123318445 124866595 128507642 130158543 146655020 161783675 166235979 166394396 
75243379 76456492 
38151395 234104154 
37076569 135248445 
35551741 42284908 
1308101 6271842 6419872 9491292 12886112 14142231 54662153 161772480 
15878020 54649894 134853224 
16191175 19572909 
84269742 186024338 
9896872 19746341 40486003 
18197912 18258178 20329248 25197341 52866517 58904655 60654941 112479899 161524303 216605516 
14200437 15348564 17172429 17788582 19654406 22830586 34983319 43740591 198699773 
80857771 92063493 94577861 94579136 98673557 98895591 130899627 134149133 234869209 237819356 
15895108 16530557 17024671 21230617 25318477 111047202 
14236479 15323865 44388527 
14680167 18906478 56810786 
75165241 84053324 241210475 
39657792 46529685 48096690 72615435 134156687 167686055 171995715 
142805881 192823256 231472142 238394455 244791392 
14389062 24006057 28738346 
2900 12611642 15842919 17092592 18417216 30780296 34244280 34686024 35671638 97551846 
11922842 13654112 14848179 16320817 16564842 16857066 17878154 30175166 127659721 
15429250 15624385 16217727 17380976 17435271 18343178 18414159 19884721 23335196 25447492 25688058 30734462 34637152 39584114 40957993 53500999 95458918 101207588 107621747 150828573 177507202 202257778 207793457 232191946 236195413 256249279 
15024783 15689313 15928027 23387320 23797396 35577793 75289001 
14349077 18107886 18628769 51695698 188474582 210427069 
6540192 8531352 9405862 10609292 14349449 14354144 15077051 17439117 99740489 120794494 173387492 
14040522 14641606 17945843 18162777 94831581 260278707 266908845 
48470743 57187028 59608784 62584936 85917069 108357234 109059176 124002957 147335676 157524175 168888540 171191429 223961051 232987424 237876854 238341121 
803847 51162926 70190484 
56443851 134841238 249222971 
29862576 58386031 226777208 
24334049 118028227 136378375 165583353 
14169364 14697711 22119456 32451329 168426262 
11541372 14364397 15382111 17259981 19599271 19685572 57102394 107749539 
898171 14052313 14226882 14861579 16023926 16462209 18034962 23130098 23998156 175018925 
38151136 46754894 67574227 76667648 138322735 
12392822 14343949 18087450 18213932 18485106 
61496860 73331245 97122417 101711457 102542634 109881181 129529866 130128230 146321140 152143338 156198826 162060324 166815795 167735296 172223222 179514953 217798695 228331929 241041897 249983793 
31359340 37764670 39774991 91921994 
26001722 37241140 106175819 231858934 232230669 264400863 269218298 
1307011 14532188 15937921 17451602 28584787 204632531 
18429289 20610029 20928893 22091828 22938618 36279515 
14545046 15062528 15307617 15605754 15842676 16668970 19022242 20276964 21152997 22360594 22992918 45537747 48764460 56081354 62509989 63290903 66763589 67321398 68456925 72811901 119946793 131847507 139458881 149075605 198338473 
16234345 16348705 17371061 
3452941 6609072 15040500 17576806 18196308 20192882 20477352 20660146 21817105 25799963 45672770 74613440 
9543092 10224122 14935192 15189849 15400979 15551294 16358939 19732334 33815302 112009840 151546361 
7562622 11299932 15566022 16278038 16356317 16878100 17074457 17301914 17955879 18560205 21690938 25393674 37549379 44234494 60449169 118278304 139889120 
5025251 7929742 9819862 13342982 14153594 15148807 15223252 15247066 16612857 17006370 20731401 44570428 91329057 188911259 
616173 13267622 13546712 16275858 17224164 18345963 18885594 19090407 19774114 24224879 25367291 31620237 32375384 33414867 38109868 43635444 48880548 49013625 57247518 63283271 72353797 83865532 100818788 107572393 162898103 194783022 205094271 
1774081 8614412 9666782 10819662 12383122 14070222 14118937 14134608 14140147 14170736 14304739 14388669 14639235 14641392 14685183 14738804 14763566 14789042 14801380 14803154 14870804 14890621 15109389 15380951 15946540 16248585 16530746 16813361 16886925 16905666 17353481 17400430 17424617 17873348 18478410 18635626 18638821 18914307 21213658 21278570 22681922 22907920 23974021 25276905 31157419 35563232 37679854 53175809 54546622 58866657 64234931 77026018 79740296 89595535 90313639 91836238 97252700 130575807 153875670 195900371 203336407 207669798 225095543 
1774081 14398964 14738804 14763566 15165587 15175391 15367279 16459994 16530746 16928122 17062597 17116782 17130461 17353481 17837216 18603672 18638821 20212448 21213658 21832608 23974021 27018757 28462804 30469863 71410962 75800420 124854403 203149052 257556561 
13410 5179031 7090482 11991832 13884782 14471522 14533716 14625146 14820299 15120037 16290327 16907121 18092306 21158774 39591754 41172680 60321100 72426413 114950933 158788474 
1048931 3533231 5489202 5531562 14304302 14742479 14860922 15488145 15551263 15947185 16191109 16438898 16750984 16880685 17080534 17372386 17486602 17506774 18098819 18370656 18391507 19542974 20160897 20664195 21018559 21812771 23547843 24990215 26870624 27961877 28108567 39001459 41238441 46222099 71015802 73037662 84025309 89280747 96316448 110821538 131979670 133492415 146237367 154105545 155311735 185002853 197962366 210308682 246913322 247779244 249415812 267519951 
1315431 1384531 3041201 7746052 9158962 11774642 12536272 14270757 14985117 17079099 17997511 18188365 18247087 20477352 25931068 27413705 44497235 119777563 
6814492 18072408 31536253 
74543 82363 774909 818176 1528701 2384071 7155782 7526892 7770342 8531352 10400902 11504382 11993412 12095912 12340562 14198011 14369409 14445542 14503316 14533116 14553055 14576426 15077051 15199325 15206692 15250836 15378805 15753937 16010789 16148602 16158012 16463326 16739711 18279169 18565158 18889063 19065393 19996935 21047224 21909890 22053039 47518210 51196532 61772051 64444175 68552069 75236148 78792100 86167256 109370698 151158927 166707502 262226916 
14287191 15762258 17896640 22277113 29451005 52788040 79930408 118644821 139960419 142169165 156475064 176806231 231488894 
15113529 18732075 19560605 27044209 36357300 47684949 67673600 139808538 139953824 145420038 222568217 263312330 
16953 631803 1330151 6695732 8933942 11726442 12386462 12601142 13102262 13267172 13832532 14135237 14727207 15123673 15406144 15781117 16827720 16882886 17134865 17579321 17940962 17952277 19192221 21764657 22110931 22660345 24756213 26548347 27969192 39428095 41721520 45484909 58341833 77292631 103585065 106546060 115944587 
989 1081 2185 3840 4030 10178 11752 11848 13348 31383 50193 57203 67813 69583 76133 113963 678033 683113 691353 703953 759186 772681 774909 780991 788673 817970 818340 821978 822647 824157 833071 1051171 1293051 1380711 1692171 1717291 1724401 2384071 4937061 4959461 5108161 5402752 6141832 6219652 6708952 6900852 6962852 7278032 7865552 8112832 8132322 8340752 8823362 9244262 9324442 9468972 9584882 10284332 10650562 10952962 11413752 11435642 12329252 12566662 12575842 14065215 14128528 14178312 14180249 14320024 14321959 14335404 14388689 14532450 14680596 14706139 14773964 14786110 14802885 14950583 15050305 15135214 15237935 15462987 15635812 16494284 16721263 17179368 17212941 17755042 18152057 18514207 18655567 18697352 19038395 19079941 19207266 19575406 19639071 19826509 20173675 20219382 21509975 22301442 22665665 25163231 28840450 40532389 41296367 60642052 67924644 117218161 123963067 156407255 215370565 
37573 450953 1012071 2226621 5606492 7018942 7145552 7599982 8159652 8435452 8690902 11698322 11784882 13767702 14235323 14350762 14465902 14745283 14774443 15249228 15515538 15578710 15749177 15821556 16133935 16657530 17050705 17165458 17257272 17284883 17460928 17493528 17641725 18120676 18622210 19455487 20017902 24707040 27292941 29392243 30018368 36371780 37222477 39944598 42909484 48604785 48816106 50737978 59833587 69493393 74946653 86080280 123892070 184841559 199848513 202595945 266202805 
1917731 7713202 9376622 10168082 11829282 14389132 14720411 15450996 16363738 16703058 17608059 17971455 18276100 18391075 18791763 18953266 19754122 22935909 23188976 26539097 27789999 31175661 34434801 35195343 36719360 44769565 45190383 55885084 63039818 63796576 68807455 70477603 72475621 78470249 92678445 94607882 109777164 110918004 115753716 129360573 148891227 154876782 161487173 169245808 181633686 234696158 246029073 256134707 
14848221 19532315 20441166 23343266 23939797 26747105 32435460 35105327 39619991 44150150 50489460 73341141 73683746 89121882 103285229 107852396 138267795 145449666 169655919 191514152 224741780 242589987 
9175912 14084098 14562004 14578544 14777850 15342619 15825852 16275014 16630083 16630502 17520649 18039861 18049840 19683498 21975870 64387245 177931290 
608473 651543 809183 2148071 2606911 2941831 4388251 5166511 6014732 6092972 6114252 6136332 6486742 7604502 7721172 7898472 9468812 9604192 9627192 10284472 11443292 12372812 12759102 13678292 14079590 14099435 14110885 14155241 14237354 14331959 14445542 14471169 14573861 14617878 15002220 15075182 15219854 15288377 15292471 15365998 15378805 15476915 15487288 15505550 15511139 15751164 15754851 15768928 15853065 15862839 15905527 15943715 15947897 16201506 16248619 16296026 16338169 16533013 16809329 17058577 17168493 17279500 17578918 17844404 17911617 18000311 18201948 18204677 18300176 18313617 18485558 18547882 18588568 18731203 19411110 19751635 19790018 19993686 20592179 20593866 21159398 21701128 21770568 22076359 22760649 25303296 28371616 28506177 28674090 29779074 30010982 31310594 32428493 33218276 33556583 40362652 44139958 46473076 46574042 46668984 47444914 58988537 70751508 70754730 74021308 75719992 87715947 94175843 103157143 106283898 107112554 115242946 132581307 135579990 137423367 153997237 168537728 176651561 240798167 263234033 
788863 819522 2771891 5153221 5957552 7263402 8293402 9938952 9961332 10773882 14128901 15123270 17477864 80794949 
12696 815476 1020961 1934931 14109075 14188969 14260608 14426771 14638851 14704310 15126388 16366271 18637420 18932935 19461688 20105071 21344725 23075284 23246523 23593412 23834147 26043616 28006501 28167824 30854420 33098495 34302264 45660443 45879513 63280540 81725200 84868368 87765465 94365433 148040105 152088160 200137739 
10786382 18534567 21009554 22341769 22950203 25897762 26815053 26874644 27512005 27753611 28486708 30194186 30404850 33498000 33668466 35520594 36906540 36944780 37077578 37246265 38124429 38260779 38327069 38541154 40185311 40187150 40187188 40248272 40701143 42670114 44278796 45051894 46860582 47520916 48867402 49464688 49814392 52114630 52405458 52582757 52725693 52757236 54200212 54877998 57486140 59197928 59338505 59355478 63260438 63531207 65367727 68456925 70617438 72741498 73978891 74033128 74202957 74586267 76976987 82390302 82977544 83220224 83966731 90668001 90854372 91683053 96109157 96815249 97051433 97158610 102186571 102951314 103088329 103116624 104733034 106601959 106888707 108350879 108448846 111989628 112075462 112760135 115624836 116706360 118614880 121296694 123130128 123431836 126364732 130395742 131512268 133778635 134687004 135057752 136653516 137622383 138077315 138628895 138847948 144712717 147359145 147461784 148476118 154635466 155690100 156296440 157767014 158216035 159144566 161813117 162017343 163719471 165826885 166698317 167915369 169051492 175997836 180390958 182517897 183461152 183626732 186633188 188450258 191667380 193779018 200685361 200713835 202063776 202867023 202892149 204186596 204390536 205341777 207730312 211977478 212311732 212950155 213310819 213937754 218764044 219011376 219690900 219913962 220190718 220578999 222189121 223171168 223219109 226001181 226011338 227016826 227686496 229729919 230299067 230314512 230476419 231998027 233257736 235905598 237581493 238394455 239188819 242444620 244770433 246418321 246648550 247414089 250521819 250582808 251229821 253437303 255315692 256288010 256754305 259123873 259305320 261765367 263517122 268690589 269700319 
5660312 6944972 7172452 7823692 13124962 14607461 17466146 18442894 20628420 20698002 34323672 50387743 61628815 64047804 119777563 165590939 
1585 2258301 3171031 4053841 5793772 5874452 6588122 6723912 6904482 7712452 9011012 9277962 10355872 11412542 12781762 13205902 14157732 14380889 14399357 14624025 14653506 14803061 14936846 14957541 15008449 15013580 15210530 15382147 15553406 15580925 15583287 15648561 15648584 15655296 15661468 15675070 15905565 16040887 16527273 16904101 17071737 17625824 17737138 17871826 18127893 18173027 18188365 18699208 18994034 19248489 19264674 19291219 19408219 19873296 20391685 20596316 22876951 22980460 25079420 29646744 30874865 34938387 36913318 47444849 48722198 50456532 56521633 58842703 61014259 75067140 84652502 84737899 89519051 100507331 111789350 119468133 131625652 135601675 168071804 238914931 245314387 
509 13298 3811511 3954581 4700381 5051171 5153221 5388852 6540192 7112242 7314152 7480172 8156622 9209942 9485202 9590262 9804482 10609292 12855572 13388922 13579842 14109004 14135237 14185424 14346361 14349449 14349894 14354144 14620544 14707115 14758406 14894307 14934718 15106068 15385968 15393195 15770684 15866800 16157980 16956811 17029807 17063238 17177403 17307627 17381284 17451411 18134210 18295455 18566782 18787972 19018185 20030225 20545925 21307269 21700719 23166597 24906998 25191558 26657049 28018958 31213504 34556885 35783898 39216517 44069257 53294779 57133313 57949239 69932023 92342722 99740489 103971994 107633083 120819229 124920374 
819284 3433721 5820022 8402052 9040122 9886592 11896242 12566322 13047322 13191382 13690622 14274606 14320910 14352967 14427431 14451294 14746460 14789122 14799428 14888632 15117599 15353236 15362948 15371730 15485085 15551156 15660796 15749997 15959806 16032700 16069024 16130242 16156302 16201819 16248319 16320817 16334085 16520112 16535920 16536804 16546592 16690175 16787126 16828143 16897237 16956103 16956236 17074240 17083396 17116782 17202143 17300593 17343595 17402349 17413777 17424617 17505487 17522884 17878154 17971670 17997511 18039861 18065823 18175164 18214840 18216761 18239795 18275871 18280155 18322904 18559445 18744397 18754728 18783265 18786047 18790031 18795950 19023804 19047089 19137574 19466732 19532857 19690008 19771162 19774034 19789205 19841754 19886347 19988765 20201647 20338713 20397358 20564713 20764205 20813783 20858400 20882372 20989298 21004344 21080122 21213658 21584163 21863612 22413145 22818133 23032476 23526929 23620612 23843205 24167147 24551605 25202714 25567123 25931068 27413705 28211629 28562298 29005683 29343437 30268257 30376196 30857134 31281673 32998543 33098821 33648595 34057913 34262175 34417776 34425171 34636987 35068546 35523686 36098673 36730935 38668559 38670814 39470262 39700831 42315951 42469463 43226515 43249641 45004183 45051485 51034077 53188888 59095319 59913286 64927053 66350411 69342256 74026628 74625574 77402928 84043516 84438310 87719258 93100491 95499927 100004821 100188468 101551148 101863069 104493815 105305259 113979106 117477071 118837674 120965844 121910714 125090924 129098605 131177653 131246223 131357770 131646552 131881168 135414895 145350228 159245037 159329042 161415195 176929534 180077597 180770812 184517281 192007163 193674723 199503098 201531255 206358757 207205591 209471041 215989468 216905062 232979512 233221276 259288480 265427614 270698836 
24113 749333 780006 790000 926121 1388961 3395021 9286142 9561522 13807132 14782952 14830831 15184929 15274752 15466555 15510638 15555038 16428278 17753670 18281397 19689035 21359690 34924998 56660747 181096818 
246103 819522 9938952 10748252 10773882 14128901 14165957 14293571 14464331 14563894 15123270 15343285 15628274 16273144 16426698 17194090 17542265 18292479 18655567 20447545 21460496 23506185 28017930 28240302 30178173 39897996 44870998 49445813 51028602 53657495 65508813 75300453 98078133 114235871 121558178 144692356 146237367 150435789 159716429 166248847 170270136 178525052 210308682 210666689 215370565 224074946 
12536272 14270757 14319523 14618493 14634197 14641392 14724577 15632835 16148335 16249213 16727007 17204519 17471010 20685484 23388683 31269851 76416892 153586491 
14270757 14325932 14494993 14550012 14945059 15172283 15215190 15302120 15342619 15343458 15445270 15725650 15746214 16419927 16506571 16951971 17083396 18017238 18038375 18173465 18822387 19114943 20567743 22924849 22992850 23095083 23618183 24184567 29624532 29813042 30466915 40268283 45034162 47634020 54296186 55532384 55913654 66799471 69136508 73347023 84097256 99225888 109813572 111556341 111729901 123379214 126928559 141571223 148696421 155396230 156010360 177276579 182798348 214659775 243767573 
5832712 11821622 12070672 14135845 14431213 14712904 14749243 14947289 15030787 17593208 18312678 18503214 18920390 20307019 26089676 39284620 50387743 60775372 63875612 97289556 
456 11983 34173 381203 767715 1042631 2099891 6245232 6774272 7210762 7434272 8883702 9686792 11580962 11984762 12354252 14085088 14111182 14888362 15320887 15414807 15440344 15634516 16212167 16352993 16459994 16694698 16745770 17021619 17325009 17339297 17372379 18252347 18507464 18705078 20851240 22960333 23486491 28562298 33098821 36702921 40953367 96779857 233965578 249260397 252105891 263588145 
12220 8466962 8602152 9013032 14206392 15125371 16167886 16641454 17278906 17453969 18134756 138969362 152145953 202844511 
509 1129701 5447732 6144162 6325632 10636902 13775632 14076943 14109004 14219103 14220249 14346361 14349449 14349894 14496930 14789122 14835646 14870168 14888632 14903294 15354397 16703742 17276841 17312943 17469567 17794287 17856201 18089164 18102284 18295455 18429289 19794129 19977032 20610029 20945245 23343266 25478876 37069994 41841330 42197349 43292618 52814458 214303021 246036260 
8474322 10880202 17449898 17794287 18680985 28609576 
16713 246103 785595 1936361 5693062 6288762 6603672 7209262 7288532 7350652 7867802 9188592 11673662 11732322 11965332 12184042 13306282 13817822 14053295 14079425 14090931 14154581 14233546 14372059 14382508 14435478 14468043 14549601 14568079 14616050 14740408 14763855 14949249 15010777 15044502 15113155 15130462 15228091 15302201 15343285 15399951 15565703 15600217 15628274 15726358 15850769 15896304 15896379 15940736 15978380 16175706 16181186 16253235 16273144 16294267 16308041 16381764 16382820 16426698 16444912 16496431 16506186 16540406 16624180 16630083 16700601 16819278 16908775 16915314 17008328 17062111 17070787 17259640 17301889 17326645 17357018 17393362 17410758 17415305 17420951 17461226 17486092 17520649 17580892 17635363 17746589 17767500 17771429 17781217 17813433 17905825 17936052 17961246 18029498 18073211 18098819 18122984 18124692 18129159 18182511 18183592 18208795 18230113 18282606 18398385 18414159 18483871 18506975 18529151 18536322 18536826 18629665 18637420 18649219 18692021 18706924 18728945 18752726 18773339 18773467 18787132 18829156 18832833 18833982 18879847 18913509 18932935 18933832 18942695 18944608 18953266 18954425 18962975 18988817 19022242 19089993 19138755 19160080 19167202 19187122 19195914 19477159 19490555 19521680 19578025 19590747 19597166 19618046 19624059 19632835 19713521 19886908 19920360 19990190 20071285 20195689 20276964 20352504 20372179 20376532 20414217 20590490 20660925 20661527 20733757 20897273 20954257 20956390 21057434 21101803 21113258 21152997 21200319 21259003 21303464 21323607 21344725 21460496 21507298 21658412 21776768 21777919 21930609 21975870 22040403 22116240 22192559 22254576 22256515 22380908 22589921 22883967 22973224 23008116 23026604 23031702 23041301 23106500 23148563 23154642 23172966 23188976 23219980 23246523 23274866 23282565 23292975 23335196 23343968 23372889 23418405 23420024 23556388 23711425 23721972 23722620 23774237 23844792 23932737 23939797 23992376 24095880 24163850 24247270 24411254 24425906 24500538 24533117 24561449 24603879 24608101 24636191 24703871 24733117 24803181 25127831 25154863 25253084 25688058 25694234 25740983 26045055 26211291 26255541 26306729 26388416 26486510 26681326 26739128 26756907 26773692 26847783 27011541 27043989 27056757 27325141 27386308 27787027 27894046 28018672 28031609 28076703 28167824 28226960 28301633 28377117 28377973 28573074 28768235 29163409 29355945 29459695 29770468 29943167 30308283 30791761 31257590 31403276 31830665 32147116 32300434 32435460 32530781 32613223 32712520 33327241 33452988 33606835 33637010 33778988 33877371 34010454 34075958 34118997 34278049 34376087 34572831 34709013 34733255 34826262 35234203 35524334 35726826 35748845 35910513 36073824 36204399 36563254 36643209 37190491 37222006 37391190 38003948 38109868 38186171 38394199 38600665 38615541 38646243 38793729 38925280 38976017 39047949 39099106 39485994 39584114 39753319 39812315 40187188 40779851 41159844 41238441 41450556 41660436 41883924 41958323 41965009 42119491 42381705 42465046 42468157 42668060 42680682 42740377 43364907 43600056 43607866 43637692 44147853 44206517 44672556 44733866 44817367 44845302 44870998 44986113 45187586 45537747 45547073 45928398 46054692 46159898 46476526 46787956 47110722 47577195 47736537 48181005 48320268 48342996 48469625 48504894 48764460 48900102 49115842 49616509 49620984 50025858 50743805 50832715 50985635 51043119 51131831 51678226 51758990 51908250 52254968 52474527 52553796 52575960 52780400 53324525 53657495 54708000 54709948 54769822 55933111 56081354 56428052 56669858 56706308 56712219 56836415 57505932 58149795 58881671 59043610 60849055 60936367 61250869 62301773 62382288 62509989 62554155 63192289 63290903 63292317 63314023 63614805 64804024 65152219 65260323 65293006 65539550 65587134 65590754 66691421 66763589 67010977 67321398 67436412 68094095 68414446 68442782 68554574 69001280 69072789 69187979 69497763 70062275 70236664 70478756 70833097 71423326 71740672 72019681 72036947 72135569 72218449 72826714 73341141 73683746 73986605 74003363 74681972 74887389 75141533 75347004 75612668 75630518 75711686 75816353 76498257 76866234 77731518 77949533 78315807 78543480 79368271 79799271 80235953 80779692 81189900 82911157 83454492 84045446 84061021 85008170 85665693 86495946 86549560 86711072 87321877 87331481 87820847 88265548 88321965 88829709 89036498 89121882 89385774 89776939 90793521 91071674 91194630 91198297 91943914 92102625 92285511 92439035 92798123 93176964 93666150 94159667 94841257 95137513 95142106 95300430 95448172 95740429 96387764 96477730 96790154 98390827 98479451 98505044 99320433 100281735 100426508 100554896 101106972 101142166 101221067 101612960 101744237 102308453 102363028 103106691 104434793 105214847 105268204 105623556 105860187 106182367 106769185 107186135 107621747 107852396 108020454 108140942 108538150 108679657 109596525 109671957 110470795 111992715 112443324 112558885 112762523 113097921 113422725 113787997 114685387 115036116 115585592 116065011 116999724 117157665 117943004 118557729 119178303 119196878 119480392 120285512 120765039 121239864 121437473 122056847 123055515 123116942 123322544 123634244 124073829 124203804 124942059 125322205 126153057 126351209 126387549 127198803 127810704 128601175 129250534 130682467 131109320 131643746 131862233 132394928 133431287 133923294 134009694 134505123 135033964 136242193 136461307 137786520 138111295 138860140 139292079 139331113 139567380 139628316 140869994 141243524 142303850 142977623 144311568 145755847 146093372 146512958 146965762 147026192 148040105 148055679 148418872 152352981 153559103 154132764 154440966 154708805 154876782 154959835 154972484 155899912 156959765 157314364 157765776 157858384 158104132 158136469 158228752 158875382 159658784 159716429 160658239 160718204 161691702 161993294 162959901 163424898 164033581 165200431 166248847 166584190 167700350 167959400 169443688 169655919 170192703 170270136 171084149 172341029 172397445 172592448 172639027 172886308 173452455 174350413 175344254 176140153 177931290 177959094 178525052 180160839 180605438 180703009 181120728 181800245 181929711 182040558 182377857 183499665 184497682 184518363 184630300 184756173 184900712 185221735 187951011 188185864 189474615 189975197 190229279 190546924 191609459 192709407 192972145 193364199 193703862 193834897 194066377 194245667 196161118 196590443 197511305 198590293 199234560 199381244 200139454 200230533 200664598 200903027 200936459 201947373 202376476 202849351 203290250 203560551 204090866 204979872 206216645 206613587 207379807 207553661 207977066 208703350 209482512 210268467 210666689 211858345 213945499 213961838 216013791 216344199 216902526 217000649 217064519 217527334 218193050 218375995 219089755 220502693 220756966 220982094 221265281 221452291 221489828 221919129 222444337 222485748 223679418 224830108 226207535 229255063 229517477 230770866 231496926 231535622 232276959 232378811 232445524 232603412 232834568 233597060 233986555 234895094 235319539 236242567 237193691 237358682 239186520 239190317 239576675 239682389 239923310 240062530 240552704 240878542 241310760 241382533 242454810 242477546 243825310 245094866 245167786 245188974 246024271 246600472 248960481 248988432 249096055 249259023 250928526 252759457 252769982 252855619 253414535 253422875 253473812 253784340 255708730 256134707 256249279 256291383 258039690 258475508 258731466 258843668 260136602 261277321 261630686 262312950 264046056 266151992 266761504 267579171 271781804 272418328 272566820 272754640 273004438 
5149 10588 79543 626233 759186 799630 809092 832831 1189601 1319141 1428831 1979591 4312721 5727392 5780992 5885772 6566712 7277852 8481222 8867682 10781952 11145002 11204762 14222176 14387542 14389648 14562685 14596506 14801380 14874721 14891245 14993466 15041902 15103213 15412816 15426896 15503968 16148602 16527332 16680941 18176747 18481782 18619836 18685602 19356110 20466813 21132950 21626871 23221629 23757784 25003235 26089676 26236577 34012344 34394575 39341556 41626400 60775372 69648081 69687111 98362525 157455254 163712424 171669403 192171500 
9506452 10410632 10928462 11299932 12184042 14433007 14664756 14837928 14871283 15025059 15081182 15284607 15313725 15520700 15678167 15747743 16278934 16561212 16840877 17010854 17130180 17228171 17524007 17543438 17848135 18065823 18239795 18301263 18822866 20477352 23111457 23406304 23797396 24436600 26118186 26334426 33672294 33815302 34074792 41253854 41437506 52927776 70461418 72353797 77151544 87478288 103356166 180911104 211556899 232682267 
13050 2059841 5525212 9654112 9759932 10154052 11148342 11567972 12517792 13601052 14027532 14115587 14133436 14134419 14290415 14315246 14345609 14364397 14519349 14618493 14801984 14855279 15158352 15257682 15364959 15441074 15521495 15537003 15863689 16089513 16106525 16425453 16438898 17068225 17087370 17125155 17366090 17429334 17641457 18137387 18174998 18402888 18497497 18499012 18691494 19505248 20096335 20660609 21132950 21566395 21703120 21781176 21908076 22203887 23155646 23197604 23992198 24865454 25065717 25911549 26287569 26474694 28658384 29529143 29827578 30059550 33063845 39616153 42659612 43155565 50718249 56116936 61014259 69648081 70474548 109595020 112869554 119546373 130974356 149815436 209789811 256172796 
616173 1712831 1953911 5683952 6120472 7144882 8071902 8299792 9175912 9306542 10044022 11010622 12049792 12088232 12304722 13356392 13546712 13693042 14056454 14098332 14125005 14204449 14380462 14421385 14472183 14652452 14721067 14911286 14951992 15182385 15274836 15276401 15481397 15614959 15746084 15947185 15979153 16068825 16127669 16148335 16388972 16615594 16662478 16847211 17011345 17069525 17204519 17225325 17451602 17463660 17734669 17972230 18049840 18066875 18086674 18194787 18460854 18704291 19012615 19471181 19650336 19734025 19961801 20685484 21023334 21507883 21703120 21990854 22513467 22516489 22539801 23135992 23244977 23409989 23546638 23664028 23777198 24224879 24686494 25373949 26287569 27095215 27109378 27503151 31619861 32375384 33369174 36832842 36912323 37420083 41905057 42202168 42300159 46222099 51466642 51678226 53056410 55995317 59683851 62846638 67129024 69780518 70267806 70745737 73037662 73749928 74250663 76416892 79930408 82567107 88677841 89856317 95288092 96889262 98128280 102524769 104236319 107462003 110821538 113619900 114767953 116108369 117850134 119667870 120707178 128023725 131979670 141361726 144892029 144921225 150618868 155883945 179131373 181520337 184292192 192236628 201515262 203867751 210785308 238299492 238421074 243431726 245042640 246913322 247779244 265977653 
13348 56653 62783 772681 3597921 3855911 4958911 9355162 10268302 13363182 14098332 14264410 14363211 14429823 14476147 14652452 14985117 15699754 16539573 18300176 23172966 26590781 31059620 34343816 45085003 
11426 11489 12716 12916 13348 79543 636843 782354 1283361 2564981 5024061 5259391 5385262 7277852 8132322 8294022 9158962 9831802 10546442 11884342 12702572 13354002 14152445 14238738 15081182 15768141 15845496 16818880 16888514 17848135 29767444 143879476 171669403 173871192 
2900 11489 79543 854291 926121 1040391 5449422 7277852 8039442 9248102 9952152 12611642 14061723 14063033 14217862 14228300 14252191 14819061 14850719 15010721 15080701 15510638 15768141 15842919 15953031 17475108 19689035 20466813 21359690 23594701 30924802 35476723 58561993 63728431 96585127 108811740 124473570 140591488 141527434 171669403 
11332 12716 27953 683523 775861 1253451 4303181 5513352 5693322 5778852 5798602 6118242 6188152 6389222 6535242 6630962 6655632 6811802 7491582 7595842 7746052 7773162 7830812 7853592 8147062 8393112 8417802 8539242 9048222 9615962 9734372 9850782 11235032 11606702 11674822 11892722 12322812 12337592 12693572 13220972 13225072 13272592 13577172 13599852 13785352 14054450 14061723 14083767 14100617 14105540 14144790 14179549 14212028 14212359 14218186 14227897 14248612 14277846 14289835 14291015 14294650 14298819 14299583 14327792 14339520 14345566 14376840 14378281 14389615 14443616 14448173 14452057 14469179 14517899 14543117 14572033 14572196 14575798 14605495 14634197 14634791 14659923 14679080 14705619 14706004 14717311 14753540 14773346 14775487 14796279 14846859 14864169 14883514 14911255 14923682 14937173 14940826 14941009 14998779 15023383 15075459 15120037 15121781 15131310 15230754 15233366 15239123 15293352 15308303 15365429 15391752 15393033 15400332 15442150 15445154 15462767 15483517 15495117 15524002 15534716 15585410 15615591 15686613 15707047 15729205 15811608 15843240 15852054 15885310 15907716 16013349 16027532 16033434 16124611 16153984 16177296 16261638 16353944 16387116 16471088 16492009 16513795 16570335 16586626 16663709 16703461 16716129 16720708 16877448 16886645 16887348 16912241 16941718 17022831 17206658 17224164 17240550 17246888 17280132 17323733 17332386 17365324 17503856 17519222 17576667 17644563 17764146 17824560 17850637 17909421 17945015 18121680 18131988 18155171 18179554 18203404 18231339 18327007 18356346 18375249 18492564 18493879 18500081 18557253 18592579 18766019 18774686 18776351 18873213 18967578 18997715 19085742 19090407 19109017 19111507 19276287 19450841 19475375 19494371 19564474 19641024 19774073 19826674 20250302 20271080 20332142 20351695 20476654 20481131 20996839 21275406 21486753 21622756 21799282 22018221 22077506 22201568 22228327 22736954 23145109 23437737 23655155 23714675 23866339 23998156 24436600 24561424 24797350 24816382 24897332 25266932 25316662 25752513 25780932 26418098 26419638 26470645 26589876 27865199 27944666 27962194 28564127 28599031 28873178 29509119 31520228 31667926 32516316 32964444 33362218 33492243 34700428 35548601 35636804 36407795 36522491 36568789 37240699 38447355 39323281 39645433 40099249 40721661 41123794 43111514 43163302 43635444 43765408 44202114 44961029 45756215 46589508 46707560 46787681 47721240 49121564 49849110 50077710 52090770 53941287 56458700 57135779 61666438 62606223 62950338 63283271 65193458 65363711 66818412 67898690 68982398 69025404 72426413 75192691 77392251 78275869 81505840 82376322 82411192 82444043 84497664 87106149 88214227 89273858 90203791 90776145 91458608 92356909 92437178 93800894 93953977 94919897 95998018 97361708 100817771 101253269 101477465 101631951 102780726 103576036 103976896 104901157 105394663 106185357 106424240 107572393 108417469 109460638 109604578 109841442 110281707 110320464 110532690 111047938 111482299 111662569 113747572 114049072 114467024 114628210 115247248 115596327 119517827 120958573 124257319 124329490 125382460 125867143 126754289 132250957 132526387 132946771 132975929 133941575 137178307 142447390 143638559 145315512 160994217 162052960 162140481 167570736 168730556 171305484 172204281 173899102 174649888 177330882 179154258 179422421 182466412 189092067 195742848 197156324 201242210 208303207 216782324 223704520 227750413 229291215 232568677 235347368 239191123 240469100 244673838 249361812 254092296 255257849 
810579 920991 1069351 3028161 3277401 3286621 4922001 8518862 8596022 9147742 9200242 11073902 11202562 11424902 11632342 13683762 14097725 14152445 14285046 15315857 15891536 15987060 16226484 16807860 17046369 17549229 17925141 22457041 37680820 93730653 132977590 222128283 
10305 10396 12522 754556 755452 777560 792907 814293 816812 1355401 1530371 3041201 5408012 5661792 5738952 6014732 6258192 6509242 6904582 8596022 8769212 8925602 9366702 9527242 9639352 9853212 9952152 10785032 11063312 11413172 11632342 12536272 12727902 14079356 14115587 14141301 14152445 14217862 14228300 14258602 14370358 14435124 14689567 14715504 15087461 15342518 15410368 15520554 15579449 15863689 15891536 16012310 16163790 16807860 17641457 17925141 18621945 21665419 29046105 29827578 30864653 31334049 32629751 34244176 35796925 86272337 119777563 156985004 261947295 
108136710 
243494256 
254221946 
23064510 
15808765 
28733900 
21367818 
197948154 
69490214 
10774532 
18557448 
17514057 
815233 
38388028 
1252191 
7614052 
61127420 
781895 
14065548 
266296850 
119139599 
2663161 
213487656 
131021790 
73429252 
14160471 
19640035 
17446886 
51253969 
17155901 
15231287 
26744291 
14155372 
16680654 
14302111 
115575220 
150770608 
162959093 
18982378 
17545037 
10876852 
49472317 
16825062 
17214701 
229543786 
93837236 
202192724 
54370980 
98714095 
196071730 
198048144 
21182196 
217574343 
15706037 
17995655 
52699786 
16337697 
41871789 
26784273 
192477353 
18857778 
14749220 
34932133 
104211750 
83897393 
15040446 
13539592 
14599422 
11316212 
14840993 
15671214 
16878903 
64122735 
28130246 
144325640 
28448216 
15173486 
24798988 
7159752 
24420867 
109886771 
103969563 
15381346 
17074868 
68696417 
36997036 
88090633 
19477654 
86239624 
46019128 
186426532 
188574103 
67381805 
240247368 
226273650 
39511351 
30667186 
7226972 
14261302 
1309511 
11035782 
18611056 
16393123 
18850958 
811051 
20303224 
700593 
35769941 
15687170 
7315022 
210831524 
69577964 
239221322 
49167436 
21957689 
6719712 
107354278 
257116158 
192968187 
22982474 
2150541 
14332565 
53280402 
14242280 
19044237 
95912884 
80979157 
94378996 
226995027 
30455734 
59541290 
9139352 
42934314 
829771 
16270390 
15400246 
23882123 
245543122 
124524462 
14604049 
18436433 
26174646 
32211808 
15924506 
68592846 
6753242 
22023311 
17528356 
56675544 
69102823 
25491038 
80449471 
16533239 
26283471 
91694445 
18449174 
26374989 
15322793 
8647302 
15745139 
46164502 
19246850 
172225488 
20148513 
84014340 
17273391 
16362662 
14300954 
1363481 
816154 
13448172 
15700362 
20918359 
3558851 
75511224 
14342547 
8757362 
9676152 
16222945 
17926317 
128100093 
63834256 
15270963 
4182751 
28674078 
221749521 
14342975 
44297180 
13475382 
182066809 
782010 
10675 
5708292 
17385961 
48123021 
31303139 
19602429 
187594795 
16592620 
35281506 
83602448 
52162223 
771698 
13445052 
1639601 
14182254 
2241221 
165482352 
237220110 
88776484 
155192639 
90964504 
97468141 
14990031 
68879809 
71632263 
53352349 
17170520 
79666388 
22141824 
6297382 
108803911 
199609635 
7205122 
221526399 
15692087 
15972562 
39439728 
163250088 
16824146 
14664210 
19743196 
19899940 
20318194 
29015085 
219785653 
59845061 
23782518 
223488253 
17066077 
263852695 
21229200 
18737023 
14935079 
50008018 
21889071 
92876427 
87870915 
36982314 
15367795 
5816442 
18872123 
101686868 
50749152 
15991918 
23166140 
4278151 
50408030 
177719652 
62625917 
223691577 
23331830 
223443158 
1322691 
15780594 
25054164 
14437914 
15514266 
15409034 
120735491 
17512738 
91827895 
27067218 
48284445 
44446489 
135011198 
25100373 
16357285 
46360075 
47914845 
27760633 
2737751 
92318904 
109648337 
25490697 
140060120 
59518891 
119220971 
17549096 
90767831 
192589318 
15936194 
14177081 
66395780 
80589255 
17927796 
27845072 
20172321 
14131683 
18824239 
76373 
14908932 
7614632 
7508092 
15062527 
12104222 
28622733 
20873104 
7541642 
25948167 
29724162 
16049723 
10420662 
17789291 
3432881 
7396542 
10252992 
47712248 
18949053 
35301479 
812825 
17042374 
18500852 
251744064 
236711870 
16135362 
15451434 
28140193 
15221975 
16278276 
14110654 
143613967 
27077432 
94397566 
14277276 
120900736 
15469101 
249542643 
13407 
61751708 
24414900 
33085590 
17801384 
9643862 
28784606 
88498786 
5724622 
246061882 
19935490 
163954957 
171023147 
16356833 
780290 
16888904 
16304010 
15076390 
14660213 
23033582 
5608 
17047248 
14786238 
2825191 
10771662 
14083627 
49992096 
195488976 
12477052 
21816096 
15020853 
89414621 
14727152 
16465359 
21404596 
17429788 
77281326 
31179355 
30386355 
28901886 
17779287 
14493526 
15632345 
78789634 
20057454 
170394787 
19631582 
185497324 
241164164 
30025767 
39932500 
14833389 
126912691 
137531481 
83434276 
168296616 
24481083 
16445899 
170351580 
4954131 
147977705 
148425035 
14632998 
183182089 
149747560 
23530440 
18927821 
123437271 
14860195 
15229127 
42793960 
62310536 
26716467 
25330903 
238819163 
15070780 
92563411 
31152881 
56377143 
15826306 
47951693 
155029302 
28402860 
19675857 
208398817 
16425627 
18626582 
1630261 
38329264 
27702107 
15575441 
62996416 
203256940 
52504599 
3297651 
14938248 
5125971 
14628090 
81367143 
18543454 
25570524 
87795802 
23451393 
18332827 
34128302 
804904 
14813149 
16044729 
213069826 
21962567 
89552709 
55979296 
70632952 
27106703 
119230913 
226532196 
16208408 
19498445 
78735819 
17037986 
66906291 
23549240 
811182 
261894735 
243913373 
8803972 
15605402 
16303557 
18680847 
14313749 
15908105 
8906982 
9409732 
15479484 
15067045 
6302382 
13000872 
190722777 
126362262 
16411898 
172107130 
104584453 
17763164 
216838986 
24975816 
9015512 
164453074 
16217220 
15510756 
15868433 
1386571 
25160944 
27890540 
20025220 
140176807 
143502547 
35929320 
22050760 
15939352 
16506383 
46670048 
6965272 
5238371 
14118793 
8765892 
17472945 
19374805 
19062153 
16948493 
100111917 
10654322 
23789698 
212311866 
212248847 
16641718 
23958589 
15001234 
23992868 
14216712 
14475312 
67862303 
14274132 
15051601 
31030273 
150956563 
16733141 
110746020 
16418505 
22866896 
19251173 
19801665 
254629570 
55303089 
17205773 
14714942 
25159698 
16438743 
35402203 
141357881 
20497524 
109440429 
26457416 
12973362 
9574902 
14910806 
13286312 
13012632 
24125006 
14523408 
25478329 
19409508 
30033646 
17713959 
15487499 
62509229 
15839517 
22289075 
19255759 
10284192 
24165974 
15780402 
22490140 
205066686 
25175706 
57115373 
88388566 
255325506 
17206150 
171519363 
6341572 
58751344 
237114951 
19747277 
209588239 
682213 
23584959 
227159879 
60695143 
98793050 
14131420 
240920084 
58855541 
815897 
15819292 
5126871 
14144238 
42055361 
90577798 
22414207 
23560531 
5916122 
71664150 
10921672 
11058922 
197178807 
43803902 
216336191 
90325437 
258939764 
138166083 
13190282 
10155832 
18731529 
114579424 
255682362 
142157110 
44203387 
6018562 
59580078 
15506834 
170225857 
31465017 
15768216 
33452655 
12852572 
231271588 
222496666 
241580495 
41641562 
68551767 
19288077 
18254895 
18083141 
184896140 
14061771 
32503018 
117016997 
86813802 
46573385 
18689581 
260505934 
15529625 
56973737 
22813537 
119710421 
224809136 
117792193 
270021070 
122493098 
180463340 
19790013 
34674286 
85736993 
47938142 
11148742 
15538795 
9994802 
3303571 
4554681 
15412070 
28166828 
188683808 
40300225 
7885972 
18929690 
109569992 
12294192 
14890935 
92074551 
22052924 
245126239 
89468228 
14582352 
53962656 
23257245 
168402242 
36380897 
688483 
9413702 
29518132 
15300020 
14850221 
59697909 
17399774 
20405853 
237752191 
17368610 
50686513 
16818490 
203379278 
55991727 
23485622 
9804222 
15706633 
14943818 
45865465 
28471924 
98964742 
26835100 
16427045 
6572042 
44651055 
16407837 
50300582 
243848799 
129949964 
244404903 
58563977 
110897594 
18455643 
22200186 
12984 
14564986 
14943648 
824211 
37832300 
120652915 
217793491 
223380929 
18196178 
15662467 
17343124 
7181572 
194608987 
23389965 
15975681 
105203822 
26104299 
16302855 
16313592 
23498775 
33617885 
58818905 
21695613 
15724452 
140255945 
228561093 
20472901 
14624115 
9562272 
21069098 
179549579 
1688 
14327478 
15295785 
47470276 
347133 
16169898 
2960101 
21546828 
28230825 
198911524 
47661343 
16226069 
254184021 
130302239 
19006260 
47599165 
104357325 
20778703 
199746127 
82109274 
25736364 
107639543 
17156131 
18280708 
755332 
9135 
16369099 
191964962 
121644896 
14099516 
14316141 
242131117 
17005197 
14524060 
14274372 
15149632 
819546 
14015762 
40907388 
15602091 
155962937 
251718913 
28268371 
105523857 
44224901 
106414572 
136004374 
202789051 
18106809 
17362299 
48900286 
14919201 
29965112 
36368888 
14820724 
21693 
17538588 
16156062 
209150087 
16200143 
53257111 
18355228 
14544864 
51096590 
17495194 
59698845 
128882329 
195007168 
18813157 
10356542 
15398780 
156768711 
116571138 
14184628 
22387220 
14401102 
21814082 
126492276 
203890384 
256060579 
39657206 
137066744 
14213692 
14993616 
25874451 
44693348 
24661289 
134807812 
86780531 
15299357 
19245279 
243522984 
87615535 
93151373 
257664564 
16381178 
145662065 
15434432 
14191626 
85906552 
27732408 
191663507 
140935817 
26618577 
95037522 
14676022 
153483319 
18098655 
17375079 
15872657 
174959828 
76784104 
102617462 
17897020 
245634968 
8615772 
15831093 
20612953 
13107602 
684743 
10284542 
23861287 
28782189 
13900042 
23499247 
91894424 
92117844 
227192133 
24661757 
32992448 
14690254 
17627390 
51294632 
131070862 
79287934 
14661957 
175477079 
181301357 
31070910 
118352178 
110301570 
15455358 
22046753 
21345004 
33870680 
18872519 
121223001 
126346398 
17237906 
18911295 
1054431 
131003396 
17796440 
193689467 
257994974 
208830775 
113420566 
87719730 
63646347 
18064263 
13451802 
17003118 
24654508 
28612042 
153119220 
11069462 
141499502 
33801769 
28765331 
15917510 
165418860 
84697403 
200226529 
63463335 
204824975 
37749110 
91462853 
9081922 
176687793 
162965189 
10473582 
6065942 
234318173 
8143872 
30665326 
174319881 
38610291 
116873115 
130589438 
18358227 
94428870 
22150874 
116234257 
8447862 
186267547 
86160868 
35602818 
10221752 
202090023 
28391808 
205544568 
128151956 
95985617 
19203457 
17565891 
18594996 
204768565 
22987468 
231254156 
46340763 
121738047 
40250971 
18262412 
29985526 
14333690 
61462007 
70335881 
15354042 
215235391 
132108729 
157498350 
54588187 
2507851 
90309379 
251240599 
6183312 
113734388 
3376281 
136802522 
125745997 
76424904 
7042572 
216172901 
8654602 
6911662 
10768282 
20319730 
34146256 
32718488 
17175973 
15063931 
15126651 
15681663 
1120601 
16473793 
203951741 
15487747 
182028677 
20905953 
15925179 
170061178 
140827994 
20960765 
18834180 
119395435 
193483917 
266073365 
16332052 
18609139 
13979662 
123324025 
180084261 
139552551 
3460751 
17473289 
13028322 
17740210 
75356470 
14708747 
14822021 
201835381 
104289815 
212823696 
23743148 
923541 
240854929 
76862092 
113198037 
5024371 
83770292 
160097143 
208093309 
160897794 
231039361 
41549425 
16357245 
176225740 
86843948 
27553223 
28410099 
38194364 
211421505 
84201313 
199400238 
1203641 
19015082 
23898238 
15281078 
3714411 
56994938 
161480745 
184275950 
19600446 
2108241 
48497316 
17874910 
16145206 
14179222 
98928522 
246191415 
66531467 
175876900 
24545046 
51527704 
9588882 
14176242 
26765831 
262292817 
190359605 
169103586 
72084922 
235538483 
16000947 
69366493 
38729990 
219720365 
21867719 
21225270 
227207387 
45526985 
32145253 
16105152 
795448 
25737016 
45045450 
147787042 
135109492 
228636294 
185477564 
25294886 
243768368 
180151159 
25729276 
137366470 
37977930 
20267632 
154787999 
15211133 
15223619 
15898695 
14433757 
208064567 
8261762 
18526308 
20770172 
106831967 
250983856 
21407983 
16970638 
107093676 
122466242 
111053385 
221160429 
6303832 
21881105 
25164847 
79754695 
129899561 
19916228 
189758673 
14266588 
38359820 
267517115 
130893745 
18587662 
21224776 
38087508 
22933904 
16457010 
224255455 
257564668 
145159487 
33832697 
19341833 
174811472 
34507129 
40506540 
13062502 
229766654 
190754647 
15082995 
101563645 
109339635 
21318903 
63726362 
40350303 
1246421 
247042017 
20813611 
7224702 
246124029 
106783888 
162279176 
15033971 
12219832 
177336546 
193585697 
177234194 
17226610 
139984101 
19679188 
30204846 
103331100 
14390076 
19365378 
23204397 
18660690 
143414740 
65507075 
36601355 
122218767 
43171018 
25532738 
34934712 
16980777 
92697733 
14715516 
124908488 
104893393 
38372614 
185187643 
16801452 
12683642 
18406622 
182029374 
107164806 
15093212 
93827358 
96145394 
164338516 
106491960 
17976577 
16191771 
1220351 
43911998 
173938646 
16874616 
125418319 
9813282 
227153602 
18997377 
33158772 
6452782 
25661540 
23014496 
26730532 
138555043 
129878110 
35152869 
51222676 
14186545 
45368137 
39716211 
18143526 
22965779 
72627052 
9926562 
63468801 
14270329 
23171383 
131066597 
24257957 
29807370 
50225755 
76488224 
14828536 
14621637 
14280977 
8348782 
67090241 
74673 
73497064 
221509706 
5998552 
41856927 
174291299 
43613550 
71203121 
122477485 
38748814 
78403223 
29460521 
122540204 
111165159 
18878427 
258582570 
16162490 
75423477 
48791942 
244050895 
1394361 
14095473 
16080020 
9335042 
14430556 
36480743 
191503263 
220020817 
36217004 
19083865 
12834972 
34443244 
14934063 
144383619 
41253398 
28106848 
40822836 
31738235 
34676616 
210118012 
54642207 
73703096 
16120265 
90058548 
55222535 
19583523 
221697034 
169234290 
22387436 
17845906 
14275501 
59539942 
24133831 
16911564 
28039217 
24481863 
55221570 
214788442 
28214315 
64544676 
77750391 
212203440 
50227060 
19183264 
11028352 
88435810 
3750071 
30955860 
14544571 
101171750 
159563937 
15368554 
242179067 
43194865 
225564695 
135715040 
50024842 
230718701 
31214311 
102399171 
94561549 
103944737 
50002300 
139024456 
15443141 
13210 
87358503 
17351052 
101911812 
223524009 
17994525 
129682105 
58256315 
50363926 
89554626 
15631770 
264046779 
25092348 
36071096 
240365217 
19719380 
83370426 
50663525 
18059231 
78634066 
275672060 
221650526 
20686153 
26092570 
38580030 
1485021 
110965120 
214067697 
47791995 
17511523 
164725958 
25610972 
120962212 
69604327 
8935052 
20027256 
20340239 
42140354 
10000642 
58994449 
269889901 
94826232 
31036345 
102747321 
250248024 
62926597 
20611194 
82112778 
20932375 
62698050 
80741351 
158980067 
23401174 
175938534 
15052090 
32422915 
14612263 
23126646 
34486207 
92145218 
15887107 
42601947 
53418720 
240586538 
98200411 
15726500 
107747077 
14631638 
141167217 
46205067 
125277965 
84524757 
11698252 
54113444 
21372803 
19124543 
15497928 
14436072 
14892523 
253589177 
18161157 
41597013 
83491082 
81548178 
27515718 
249818868 
14051193 
8092472 
65098687 
24930382 
216145017 
184221744 
15328388 
29427149 
19338042 
18507199 
49824306 
148273080 
194109571 
11577962 
14742422 
147359386 
252040223 
15126891 
123963034 
17066838 
96640040 
108045600 
182686614 
14862723 
210819491 
14136972 
15639478 
14852158 
104223101 
204838222 
95522978 
23309869 
6021422 
6131832 
16954719 
180275858 
7006712 
263031010 
69033184 
11349102 
27050983 
14117196 
119127201 
198380384 
18368098 
15675424 
15117717 
16592690 
49354191 
15865260 
49011247 
89410778 
14448046 
48059095 
24889586 
47507850 
195796378 
137183468 
79637747 
240551046 
18189305 
16895549 
142705588 
1048951 
18485748 
128240571 
154363906 
29822494 
254812166 
235439150 
18168267 
158552358 
18105493 
21513512 
18642642 
10052552 
190397000 
239020684 
195440552 
12300692 
224883589 
233405624 
232502918 
22577042 
46878105 
22753132 
62545966 
162665603 
15150351 
215797959 
39749553 
39528744 
150400817 
116756735 
233241581 
22108647 
58268797 
17721569 
230589809 
261598031 
16731359 
210852155 
16297675 
19468364 
61543234 
198399355 
38488854 
25513646 
54623706 
45334322 
63073975 
142415173 
89119055 
251425066 
116587005 
107232730 
227986140 
248037849 
26850477 
42630325 
10767712 
188117384 
267059970 
85632018 
19656274 
259603718 
1249431 
16561292 
7511702 
20609319 
19658782 
17682283 
262770233 
195664345 
87534528 
30462898 
164271321 
46138858 
169795819 
16883326 
21316936 
5656332 
20696032 
103651694 
14547107 
137717770 
125290228 
33657457 
55648693 
242864968 
163565993 
117962382 
14079017 
13438712 
18269262 
39815230 
14096096 
48036380 
79039503 
42929595 
200123241 
30340990 
14889185 
15626406 
163383284 
242821748 
13362422 
53411390 
68839777 
181834984 
223848490 
204609287 
84124761 
102019594 
53292314 
176114435 
175222812 
17610796 
14421572 
32059102 
18627463 
23500913 
23920779 
19153333 
268063294 
179054464 
29135440 
84172384 
109504968 
14500374 
27143583 
39241726 
15428401 
147043669 
50335002 
16996238 
120185625 
1441291 
1356261 
43239422 
202075612 
787611 
220885253 
20116255 
11470032 
60100870 
37922200 
96880903 
45617989 
1129871 
52563809 
137455666 
224428744 
163845303 
18818095 
21755807 
84562932 
252760820 
224770553 
15247986 
8307012 
15678008 
8106562 
178053334 
203137786 
18233716 
17393790 
15938944 
61510388 
15924411 
131998232 
215683551 
40007151 
258096381 
17669882 
48726854 
26312359 
90971235 
48737785 
145361923 
126150918 
143882311 
53313683 
14324944 
19783137 
18450898 
108705649 
14959496 
17630773 
265960486 
625323 
109995803 
12160482 
24574222 
150830257 
87212008 
15294706 
175590052 
43266527 
16178737 
273206322 
12594922 
16997044 
6944372 
24794263 
43562100 
88198639 
264014418 
76887105 
83379102 
245439953 
25043966 
124670621 
25512025 
19410436 
39910912 
88822659 
119113698 
18930170 
31503269 
171569791 
49774815 
105343122 
123778145 
8448712 
13728412 
18812573 
11086372 
167488325 
44015183 
9431342 
14416798 
23284990 
76745868 
181233139 
145347010 
259695549 
12935692 
211633957 
90404746 
154906588 
258923616 
14323938 
18433188 
15349653 
22526513 
57689706 
270455224 
102107813 
60650519 
19790783 
10864492 
103864359 
196671715 
24553362 
19673977 
53288855 
38338308 
60696138 
16610527 
212135317 
233306179 
269111650 
260631674 
154435961 
114012228 
61109023 
1797291 
7674792 
159929295 
97515361 
20083563 
106645659 
21668588 
47497885 
8132582 
131370098 
77939719 
129730276 
128361193 
16526591 
244385521 
58617198 
15066876 
58883706 
84430599 
43573375 
18822990 
32584355 
29436139 
14391111 
13418512 
253835890 
50686904 
15379912 
258721812 
133559534 
68452697 
17451031 
15963488 
1045701 
136758945 
126395181 
256148516 
15044300 
19709448 
269082797 
41250334 
14812510 
28578596 
205066491 
44853718 
150845268 
252606479 
65681735 
164830389 
12795662 
141004777 
70449609 
22581361 
16345566 
18710031 
18857922 
242852382 
19828667 
74574719 
15683 
18308864 
34904126 
98968120 
72725104 
15214601 
11403042 
1398 
86770799 
106110915 
47986482 
28676469 
17789501 
72928626 
261344536 
101894696 
159660869 
94776307 
34737705 
19065686 
219979539 
41145894 
83006046 
195979860 
200292780 
9074582 
152692522 
235629835 
33885025 
57795179 
166839611 
20758436 
112266869 
14085277 
16684007 
142761850 
21345203 
123614628 
68475377 
181311417 
179812242 
174095086 
116073715 
85032253 
48663963 
15943690 
27257879 
194832495 
29632619 
236967039 
148081424 
192895653 
21812410 
44770529 
34534533 
226659463 
247498484 
14869791 
62865525 
181783656 
269130040 
17114283 
15522756 
100479447 
17295666 
96089519 
219819147 
260518040 
24164536 
66759379 
69605342 
165404712 
26432499 
15734531 
14192412 
23006156 
14290383 
29802611 
112749574 
47380390 
125668334 
48892632 
166207466 
71530623 
53444887 
1091241 
22084719 
235737404 
110259781 
781493 
77042833 
43746845 
15131428 
111809956 
117836707 
162364970 
14384696 
208687668 
155394436 
33213349 
98706590 
27426996 
37896600 
117700355 
22660932 
14944471 
17935861 
33080831 
28859686 
50638723 
30386438 
29125475 
239286291 
32266938 
28504545 
59427376 
14508983 
15643370 
56805668 
104055955 
14253707 
141379955 
139535000 
51734182 
182562771 
113831847 
30705248 
269747809
228397622
44458662
172771660
84843976
123334275
39362638
19241200
69377877
98025022
99772708
214274567
237996239
124176905
265268942
233796756
40337245
110280391
23953237
183088045
114916798
195779937
30298025
17372256
14263141
41929517
191241796
61485121
198649890
72005983
127692921
198793430
159163111
108274516
125392820
35960388
157645081
23963107
16799649
238602830
112516636
28117912
217541234
47300233
45013235
16951443
216258042
30464510
244934195
13578412
171997599
18576979
182987447
185158668
20288395
19291590
253545416
60211331
29747993
9410912
24351659
36941550
59394895
73112424
54295084
171594145
16510194
255167616
688273
14345113
92711494
18041438
146906710
150872447
17812000
24480639
250246958
78354184
236022159
232571300
65748080
8287952
17939480
15803220
89202951
178808746
70004519
91396258
250968367
165420335
14685174
19432112
234308463
20444463
241321163
224138450
76000222
267926000
208325536
234281590
104563357
184700776
94717868
183781511
61818955
142127373
44683837
183926085
81394914
10334122
132553078
84358598
179138607
40264785
17387554
103725748
221846963
24419425
17864262
11279172
91791843
18331770
203871835
7044252
131607538
18658739
105109640
120926981
176642333
46958309
62193495
197216839
116886298
58845411
68991418
89595069
15098639
103527653
139882332
14614615
8384912
28963641
21273939
61849834
262086880
18540889
88541027
118230146
148155333
25904035
223757158
37396821
165814490
266389364
47216578
128996296
29084075
60698670
57231428
33327675
113662211
167084030
27908385
181217649
185681415
213702367
32182277
15109462
74622096
14462781
159527534
165594154
96980395
3265101
142410443
185124947
196273078
88061302
17495000
150255293
212006174
69971262
58244502
168517618
177407138
183101557
255509379
112478283
20813021
132109821
10730842
18385897
176994614
94229358
30761217
178197920
34316788
29911860
51482804
93328997
31634255
244937270
34405249
255704566
24741411
59577520
48915248
208161241
110986584
107223604
155722772
127686449
28128602
42992593
22164330
108692077
101690924
18544188
42026511
238356204
184495064
121237632
28339843
233707083
133456536
203893499
19687218
19721592
39986906
171908911
44939343
102847829
220884100
217923038
162092045
53311224
124028136
156240003
30145166
182056988
77895702
163894281
59122298
243374286
110609337
21881621
20938935
137917994
74285761
21153270
97481194
16916193
257854565
24166550
234110244
128811995
27827695
241801946
120174685
61755699
21554226
71847229
163222098
85346124
70688431
177156570
84623393
157832459
140979761
104727907
133480857
147756403
10224172
159001530
34030481
32334346
97855971
119160384
18761609
81314945
139788444
178275485
119980245
21783716
131390753
17211751
189374598
231580019
169074286
14529013
17334372
37645675
32957473
242093844
111701523
151959726
75541452
243914859
259288021
62816181
23484051
219265469
122290394
51982828
90932230
245816373
26419482
90195278
28424289
146452672
259493072
30479742
22240383
27234262
44564343
86528620
250532240
164856615
15866023
243164287
214348336
158000381
36986564
20632381
18415509
89492277
68939290
231991793
7737642
242551935
68481903
95654308
232451257
196743148
184886029
47613125
199486235
198056848
26154615
46666938
89929074
53040017
13097772
126598407
56882778
73710819
17074244
149729022
60181596
22792103
252782082
45008312
62635353
244931754
191875463
21575880
64847676
188202145
249485868
78000325
203508691
120694668
205609713
117196502
87484674
20380789
138905522
116856787
233948859
186118905
21746170
226822549
51482997
36585424
22042403
89708408
123940928
85251925
43541405
77905001
7282132
255180880
19399298
19471190
222823225
128126290
205803
92364623
236550275
147342909
42934309
27071190
38202628
265500964
95382723
82821085
260620672
106413293
38194761
32615340
29206300
258852781
5764432
274197373
227838448
151472342
154776946
63054429
222112008
104400450
18431771
69124203
139362133
156693720
15614315
234439191
22547150
243220807
126688022
27644918
117022831
91148885
257636956
245928017
15583560
86241413
205346326
229579510
41188469
20007264
110178946
162029292
14889333
33872783
187594363
85263926
35656602
173534506
255349187
39218350
118102391
68480226
39821643
36198161
145341208
33960315
199015109
63156219
17150292
107025267
239271745
21678847
16814973
22242179
18211473
183998273
19264339
235463218
226672560
93740417
237197733
81020598
83393956
219353003
33014475
144538924
220255068
70416891
96756546
253727920
153042732
49233038
57030266
40944884
42330308
214212019
61421779
24962655
89013228
159265325
95277355
234001935
216952758
36230769
85543520
40004981
53466911
25419816
44268184
35810047
145196076
59616920
188560097
216633243
62619975
27055316
230509267
16410954
139965205
97074438
63337613
131932008
127356642
241808450
132681279
14089271
55927532
167312921
182172282
236719127
213947558
21653513
60843560
193274143
218219246
20990463
167637074
80175829
106375859
32770999
41959740
14335761
220594903
111969688
199382257
70872642
51312272
160628707
79043962
23664655
217181024
229944730
188840004
69435529
41291640
35280301
47050697
16087477
259733469
53091022
96188024
211787112
157729385
21179890
136772862
19707468
182982341
42684074
55533136
230182617
17579692
32529831
152479960
15159129
61481916
39001282
124252576
201656128
256331922
109433379
39653094
821110
65002820
218936223
78606921
29090205
124306740
124009190
22840652
136794736
135399738
21275420
152908018
119446586
221485597
57600394
78905607
78906196
106319129
237212345
118713710
236882308
231546333
189265359
111795703
15859253
262966574
84236250
14257199
46476708
153244255
46114472
91448645
14399289
121797013
154368883
806204
139757503
63230620
106824606
90803319
249964144
16235927
144378293
129347403
121271356
78570188
122153660
29555467
103510832
102568475
22540789
67775956
171424066
22145414
17421818
15831401
116488585
251114231
62913830
109302745
225390538
31293436
170101646
183859873
210909560
25335744
133834939
44123567
253349591
95044697
28079769
70706453
190915626
52306963
22925703
31330292
213288408
21587712
69427987
15446200
42300348
159503258
15073882
232438363
15471640
66925975
35176496
100573490
124248528
164199982
152189675
21953832
46972036
128102692
135687184
51319087
7901042
21321994
188867349
23103362
194955084
182105219
86831936
184274305
35473835
229328959
17304123
178897716
73829527
18418944
22878414
16395482
199654751
156137116
14898632
221249442
54387128
54330827
69837017
238760716
35321567
190120150
57187935
14304203
235324659
139063272
226925720
13222192
185670728
267924448
19519071
235482531
257522681
54213842
267791703
62187962
115087202
19431493
19377400
185152562
122586910
90837985
18222647
57113993
107500136
232420456
179964691
19694104
128809182
127465176
41470157
14528817
118769820
134761691
210886997
129498307
94878320
205007756
90420645
14251373
22483974
22940727
131317768
25762392
18566129
189561195
23555722
102043210
26402434
47628348
43050396
75551503
192809889
218567695
106540670
61476055
152560538
51997163
249956612
64217263
43321377
266278152
176764759
165090476
80621298
255234205
116491722
116994547
15514372
214112621
250477894
47785927
196885303
83938774
94574028
259505321
25887809
17981089
26719898
252371425
28991368
259653783
2676431
194152765
220920045
61238566
30516098
63597788
24791281
259011240
155668326
201290345
261708017
18958597
14247062
253953257
156636089
28936770
78212056
260108644
203003361
168563935
112058406
37920064
20959144
178817507
19477451
101014503
84894256
89266401
206198440
108083117
134743070
212095146
125090401
240238656
192124196
50670648
120309742
259389589
51185550
41305840
18244087
160029634
16272356
97598142
140286942
160984282
103655819
74037588
183271121
31962068
14693622
134908261
232083838
99356759
130650276
64325295
44899126
215259883
250731274
262035041
20751505
122025560
262751654
237394359
92251230
256186650
259615130
269734168
45450377
111410375
166757786
139184917
37818134
191807566
48476949
177096882
80481912
168893547
87590534
62985966
92927188
167492987
62415418
60578598
241963008
81423917
57026817
271625895
18664956
203495480
17727253
171994706
42990133
98580028
36648662
262379715
49216076
22290807
56081642
19927845
30933895
4583971
269105245
14459669
15680214
86188413
115933562
243691549
15431942
14136479
14393904
58929178
106874944
34033504
94757700
214406243
229178886
44936058
34728091
25781647
91117627
106963800
124742769
79391196
188841373
168710679
190395758
57863766
191358215
146943510
62972069
88471653
232674215
80043372
215761524
243321948
180481402
124548242
121163932
218902597
25060042
14245501
14948485
270781759
23961550
53846756
109899569
205361935
65858107
67771977
19418492
139469291
55274676
170143271
103175150
96898398
51531341
83735005
89731752
96933119
121235735
43785909
17676599
28441423
106727127
14120984
71185998
190969275
236508708
16956339
36254904
116526623
14712592
197075594
182357928
29040062
102067385
137937174
247057776
242354131
14050006
238468639
271745209
44636789
220885006
16936459
271160885
128144689
20842354
186901595
175413619
