31257590 236242567 
12611642 14819061 15010721 15434432 16690175 17304123 18254895 53280402 105235681 108811740 
10473582 35301479 
20649770 94797309 
33870680 125277965 
18398385 39657206 
75165241 84053324 
33452655 33872783 59697909 237752191 
134352532 134487373 144422669 241472180 259638685 
19743196 102399171 
54642207 124908488 
210909560 240238656 
172771660 185124947 
26001722 106175819 107789104 182982341 230509267 236409451 269218298 
148478556 197882703 
147467640 150224559 
47599165 84269742 186024338 
15441450 98976495 
127188125 131713492 161700842 
48476949 183101557 
28447455 77292945 123971807 
137443330 256324516 
44123567 97074438 184756173 
94757700 156137116 
16376889 38570998 
15767281 31288054 68446061 
97598142 99031903 110921163 135102077 159049573 190229547 232573485 
26154615 123940928 
16856926 228661575 
128040590 197538143 
21726416 25904132 
45848865 109150601 
85267320 85543520 209558599 
123905824 148833123 
26617933 89370731 
14121853 156644794 
180607403 243660328 
164550070 191478815 201290345 
110424984 128396268 
77540628 122895180 
21153270 56805668 
100573490 139063272 
90469674 110778721 
119980245 269734168 
14051193 24133831 
20254792 51179919 
178943260 194591750 
15565703 21930609 90577798 
23792216 24811584 
18308864 201947373 
63646347 188574103 
10334122 111969688 
9468812 18345963 
23309869 34700428 
44693348 63230620 
35030769 62614001 
18186993 30461425 
42868982 74285761 82655261 122115977 127846497 129319803 163954957 167084030 205936089 208582686 254639896 
13900042 14777850 16630502 
51684877 56981225 64166227 64365916 67798741 94541648 141524887 171908911 181421726 
69780518 179131373 
29862576 44206517 58386031 226777208 
6486742 15862839 17168493 17578918 
14274372 17005197 
1442101 5547552 12398022 15942716 17988396 18533988 34033504 44046468 
18197912 52866517 
40937566 70267806 
128809182 146917975 160919148 
14128069 17315836 22790425 224428671 
21179070 86989704 164391207 240606964 
40448583 193362884 
221650526 275672060 
88140118 95738226 185657737 
83434276 119230913 137531481 168296616 
71847229 129347403 139788444 
16163790 17125155 
147026192 208398817 
16956811 17451411 
13388922 14860195 14919201 
780006 3855911 
1356261 9952152 16996238 
12716 2150541 22982474 
9562272 229543786 
14715504 50363926 
7674792 8348782 
703953 22387220 
41905057 131847507 149075605 175477079 198338473 
821978 8925602 16727007 
5402752 21069098 27890540 179549579 227818834 
7449512 29641373 
6018562 14118793 15058363 15138003 16745770 16997044 
14178312 14242280 
21335770 143502547 
21975447 44388527 
82821085 86241413 156121581 170606832 187731482 
8539242 13225072 16387116 18327007 19276287 23655155 27865199 53941287 125867143 
11984762 14111182 21303464 37922200 39218350 
15109389 19683498 21587937 22526513 
123318445 124866595 128507642 130158543 146655020 150872447 161783675 166235979 166394396 
62625917 102107813 108622476 178808746 191503263 218567695 220020817 223691577 
5693062 6303832 
2676431 16235927 
13062502 16733141 18939822 22240383 23225823 39031895 51144694 76000222 92364623 94561549 126979577 131625652 147595464 166961004 195664345 228085717 
17070787 17579692 89468228 161487173 203867751 210308682 247779244 
4958911 15639478 15808765 51253969 78735819 
9994802 14742479 24741411 42231175 100440668 124009190 155311735 
38615541 57505932 111989628 
10155832 12354252 
14247062 18481782 
6708952 23898238 48123021 110301570 
6900852 23331830 
1386571 12566662 
16911564 39216517 
14153491 14576426 50832208 68552069 
15288377 38329264 
17625824 25079420 135601675 
12300692 16275858 28410099 34128302 185497324 192895653 
72615435 171995715 194152765 199382257 245634968 
32375384 50489460 242589987 
14384696 19790783 216838986 
10268302 15300020 16278276 129878110 
145662065 153119220 165404712 
18761609 25060042 136794736 
120962212 261765367 
28623830 35267268 60335753 65604392 68209920 73359595 94945000 99324565 105109640 110750328 119526244 121834189 129915741 138498796 165494539 170777800 172769873 179999308 190969275 229587355 237753551 259389589 
14185424 14620544 15866800 
651543 5166511 14079590 15505550 15947897 16248619 107093676 153997237 176651561 
14155241 15768928 
6136332 17935861 
7721172 22760649 
2606911 15905527 
17042374 20376532 67510424 176868644 217798695 241041897 
19673977 23506185 224074946 
15751164 29965112 35402203 38388028 95499927 107462003 
14352967 22992918 
15825852 17873348 18638821 24798988 35563232 53175809 100188468 130575807 159245037 184517281 
18087450 18485106 
18143526 25948167 29343437 
25567123 59095319 71015802 131357770 145350228 180077597 
20858400 20918359 
15117599 19789205 
49121564 117850134 
15117717 16592690 
6120472 8287952 15469101 18526308 19062153 19377400 19533093 20173675 24716002 25163231 25478329 25762392 28562298 29708582 36008885 38186171 38851140 59818041 62816181 82328753 83625882 86272337 94717868 98793050 118132028 123334275 126717954 139362133 155962937 182056988 217000649 224255455 232445524 233986555 
14180249 14643996 16332052 32629751 146416257 231580019 258939764 266568519 
13107602 14054450 14517899 14659923 14679080 14706004 14775487 15615591 15811608 17022831 17475281 18231339 20660925 44015183 241210475 245543122 255257849 
19167202 20318194 21784570 23008116 25242416 25610972 75612668 88541027 120652915 134009694 
15929686 70937408 230974069 
14139584 19396560 19719380 116571138 174811472 
14100617 14543117 15520554 16886645 20351695 54708000 95998018 120958573 140869994 
1315431 1384531 9048222 11148342 13356392 14370358 14664756 14721067 14892523 15575441 15831093 16278934 17343124 17997511 18822866 49115842 49472317 66480892 77151544 103356166 242860285 
80857771 92063493 94577861 94579136 98673557 98706590 98895591 130899627 134149133 234869209 237819356 
11489 79543 14376840 15768141 62865525 124473570 126362262 140591488 
16237734 17993310 
33085590 60181596 
14949249 15510756 
95037522 109995803 
96815249 101612960 
113787997 172143827 173610845 226532196 232276959 232571300 239923310 241580495 246418321 250521819 
23963107 108538150 154972484 
36906540 108448846 124248528 138847948 184274305 207730312 226011338 
87712519 212006174 233409410 
39986906 42990133 48867402 168402242 227207387 
96655484 163009920 163067164 186791742 208064567 
34244280 35671638 102019594 
10305 17514057 23014496 45617989 
9734372 15284607 15520700 15678167 17543438 20477352 20564713 22813537 23343968 23546638 23777198 24436600 26306729 26847783 27503151 28573074 28733900 29807370 39897996 42315951 65260323 65590754 70478756 81189900 89026913 119178303 139552551 151136998 154876782 156636089 217574343 229944730 243522984 256134707 266761504 
42740377 58149795 67656375 91273362 95137513 104434793 111165159 152935567 153428380 175413619 179964691 184876062 184886029 191549398 200673064 202789051 203290250 204578326 217793491 238468639 259171181 272418328 
10438862 14685174 14889185 20990463 24334049 37222006 39584114 41597013 53846756 56081642 56443851 68991418 69187979 73829527 79043962 80741351 88321965 92145218 95333167 95382723 101690924 103285229 106319129 107747077 110609337 111809956 116073715 117836707 118028227 119348430 120926981 121117011 123634244 124306740 128151956 128240571 128811995 133279867 134841238 136461307 141167217 151959726 161480745 163745140 169795819 176687793 180605438 181834984 190359605 190915626 192124196 195779937 202090023 219011376 226925720 233796756 241801946 249222971 253422875 260518040 
51734182 67862303 139535000 
28486708 94831581 255315692 266908845 
6567132 7018942 7145552 10776882 14051159 14350762 14774443 15943690 16970274 17493528 18783265 18885594 19065686 19455487 21755807 22155739 25151753 27292941 29392243 30018368 31100040 33414867 34904126 38297358 41364338 48900286 50737978 58563977 74946653 84562932 86080280 161415195 170225857 184841559 209150087 252040223 258721812 
1040391 3432881 7396542 14472183 15040446 17897020 18824239 
13362422 20956390 22116240 34278049 54475659 71632263 72661977 83006046 86188413 88061302 107025267 127356642 154105545 210886997 
1917731 4388251 12340562 13028322 14437914 14676022 15292471 15529625 16363738 17179368 17610796 18244087 18368098 18791763 22938618 28339843 28768235 35602818 36279515 40506540 63009240 79637747 96880903 104584453 111410375 158228752 162959093 253835890 
6419872 6944972 7614052 14079425 14191626 14326003 14493526 15052090 15746084 15896379 16304010 16825062 17399774 17813433 18818095 18954425 19990190 20372179 20405853 23155646 23664028 24481083 26681326 26756907 34826262 36912323 38793729 45334322 49616509 51678226 55303089 66691421 69497763 75347004 75511224 78315807 88265548 105523857 105623556 119667870 129498307 133923294 145755847 161691702 170394787 173452455 175590052 177719652 200936459 201835381 204090866 213069826 216344199 220884100 253727842 263031010 265977653 
8614412 9666782 10819662 14070222 14118937 14134608 14140147 14170736 14304739 14388669 14685183 14738804 14763566 14789042 14801380 14803154 14870804 14890621 15380951 15946540 16248585 16530746 18478410 18635626 18914307 21278570 22681922 22907920 31157419 35563232 37679854 43249641 53175809 54546622 58866657 64234931 77026018 79740296 82328753 83625882 84438310 89595535 91836238 97252700 109440429 153875670 199503098 203336407 207669798 225095543 
20897273 26306729 29940127 30340990 46860582 50663525 51294632 54370980 58904655 65590754 81189900 119178303 122056847 165594154 168563935 202192724 221489828 233707083 254426170 254629570 258731466 261932674 265749910 266761504 270172081 270308750 271127683 271745209 272754640 
14294650 15075459 17365324 18356346 18557253 18776351 20332142 20481131 25780932 39323281 41123794 50077710 65363711 81505840 103576036 108417469 110532690 111482299 119517827 232568677 
10284542 14245501 15852054 18039861 18737023 31334049 128100093 156985004 
6976562 7795982 11010622 14056454 14519349 15131310 17415305 18530171 19138755 20414217 20698002 21179890 21658412 23077155 28169177 28431983 29097048 32574964 41450556 41641562 49167436 55391997 62964460 68551767 71801107 78066531 96477730 108705649 111435350 134141151 152692522 171084149 198599261 217541234 
1630261 48470743 52910865 57187028 59608784 62584936 62996416 69443278 72928626 81052999 85917069 98928522 108357234 109059176 124002957 147335676 150845268 157524175 168837176 171191429 184544253 186783403 186901595 189561195 198649890 203256940 223961051 230182617 232987424 236719127 237876854 238341121 
15481397 15628274 16526591 17721569 119710421 132394928 191964962 200230533 257564668 
13050 16953 631803 803847 819546 1091241 6695732 11726442 12601142 13267172 14433757 14727207 15123673 15342619 15406144 15781117 15850769 16410954 16882886 17134865 17579321 17940962 17952277 19083865 19192221 21407983 21764657 22110931 22360594 22660345 23484051 24756213 25874451 27969192 39428095 58341833 77292631 103585065 106546060 115944587 
26874644 62635353 75243379 171424066 235538483 
14890935 22052924 92074551 245126239 
625323 812825 821110 9896872 12049792 13286312 14342975 14911286 15113529 15381346 15483517 15706633 15928027 16297675 16302855 16313592 17451031 18066875 18732075 18812573 19560605 19746341 23387320 24930382 27044209 28676469 29624532 34733255 35281506 36357300 40486003 43562100 47684949 57689706 64544676 65098687 67673600 68452697 139808538 139953824 145420038 175876900 221846963 222568217 242864968 263312330 
8933942 13102262 14083627 14500374 14571531 15412070 18731529 20696032 32503018 59539942 108274516 
62783 74673 854291 3452941 3533231 5531562 6753242 8039442 9248102 10864492 10952962 11884342 14063033 14304739 14448173 14660213 15681663 15865260 16261638 16381178 17801384 20025220 20192882 20466813 20660146 25159698 26618577 32182277 36601355 46529685 48096690 58561993 64122735 77750391 117016997 167686055 191663507 
5793772 5874452 14957541 15082995 15210530 15553406 15905565 16527273 17871826 18127893 19264674 19291219 19873296 22980460 30386355 52563809 96145394 
780991 1132281 1330151 1388961 5660312 6774272 12834972 14290383 14300954 14421572 15343458 15487747 18028249 18604510 30146922 46958309 47736537 54296186 59191437 76476217 86711072 110897594 110965120 169970345 214067697 263852695 
13979662 14304203 14562004 14578544 14749220 15189849 15907716 16932185 17486602 17565891 19409508 19654787 22204032 22372197 28268371 30033646 33815302 37818134 64387245 78924375 100817771 158788474 201242210 212823696 268125399 
2185 74673 76373 3452941 7315022 8039442 9409732 14828536 15040500 15479484 15908105 17576806 18196308 18699208 18857922 20192882 20466813 20660146 29827578 38488854 59191437 74613440 
1308101 2258301 3171031 4053841 6271842 6723912 6904482 12594922 12781762 12886112 14142231 14380889 14399357 14624025 14653506 14803061 14936846 15013580 15231287 15382147 15580925 15583287 15648561 15648584 15655296 15661468 15675070 15734531 16561292 16588005 17627945 18040428 18098655 18994034 19131613 19248489 19365378 19408219 20596316 21429357 22876951 22933904 23500913 26765831 27302814 29646744 30667186 30874865 33606835 34938387 37546498 45368137 47444849 48722198 50456532 56521633 58842703 61014259 66997403 75067140 84172384 84652502 84737899 89519051 100507331 111789350 119468133 130589438 168071804 190754647 198466520 238914931 245314387 
2941831 6014732 6114252 9604192 10880202 11443292 12372812 12759102 13678292 14052313 14110885 14331959 14345113 14573861 15219854 15365998 15487288 15754851 15943715 16201506 16296026 16338169 16533013 16809329 17402349 17911617 18000311 18201948 18313617 18485558 18547882 18588568 18731203 19790018 19993686 20592179 20778703 21159398 21701128 21770568 22076359 28371616 28471924 28506177 28674090 33556583 40362652 44139958 46473076 46574042 58988537 70754730 74021308 75719992 94175843 103157143 106283898 107112554 115242946 121797013 135579990 137423367 168537728 195488976 240798167 252606479 263234033 
815897 3954581 7604502 7898472 9604192 10284472 14052313 14099435 14237354 14332565 14471169 15002220 15075182 15270963 15292471 15476915 15853065 17844404 18204677 18927821 19044237 19790018 20593866 25303296 33218276 49774815 70751508 107639543 
2507851 3597921 13884782 14325932 14349077 14494993 14550012 14628090 14945059 15172283 15215190 15302120 15725650 15885310 16419927 16427045 16506571 16886925 16951971 17259981 17295666 17512738 18017238 18107886 18173465 18611056 18628769 18822387 19015082 19114943 20307019 20567743 21345004 22924849 22992850 23095083 23618183 24184567 26089676 29813042 30466915 35796925 40268283 42793960 43226515 45034162 47634020 53257111 55532384 55913654 66799471 73347023 84097256 99225888 109648337 109813572 111556341 111729901 117477071 123379214 124742769 126928559 141571223 143414740 148696421 156010360 177276579 195900371 210852155 214659775 243767573 262770233 
27077432 31830665 52780400 53324525 59355478 65539550 96790154 116999724 157765776 249259023 
9543092 10224122 14136972 14433007 14617878 14871283 14935192 15221975 15400979 15551294 16358939 16546592 18239795 19732334 43171018 112009840 151546361 
15371730 16248319 17083396 17424617 18322904 25202714 30268257 32998543 34425171 35523686 38668559 45004183 45051485 100004821 117477071 120965844 161415195 201531255 216013791 216905062 232979512 243374286 270698836 
23620612 34057913 34417776 34425171 182066809 192007163 
11922842 13654112 14848179 15126891 15632345 39470262 
5126871 14612263 14959496 15051601 28018958 61755699 129250534 
509 5153221 7314152 14135237 15106068 15555038 16157980 17063238 17469567 18134210 19018185 39774991 57949239 72343437 79873303 92342722 107633083 120819229 
1934931 7209262 8132582 10333202 13451802 14109075 14188969 14346361 14435478 14554078 14638851 14704310 15046916 15066876 15868433 16366271 16395482 16521150 18106809 18414159 18637420 18932935 19160080 19461688 20105071 20945245 21321994 22050760 23593412 26043616 26784273 28006501 28167824 30854420 33098495 33801769 34302264 39812315 41159844 41958323 44817367 45660443 45879513 50008018 58883706 58994449 62926597 63280540 71423326 74411287 74574719 81725200 84868368 87765465 93666150 94365433 98964742 108020454 108045600 116065011 117147872 128126290 130893745 144892029 148040105 150618868 152088160 152560538 156240003 178368272 183626732 200137739 211011485 223488253 260631674 
74543 381203 1528701 2384071 3028161 6245232 7155782 7434272 7526892 7770342 8106562 8457092 8615772 8935052 9676152 10400902 11069462 11086372 11504382 11993412 12095912 13775632 14198011 14401102 14445542 14503316 14533116 14553055 14653506 15199325 15206692 15250836 15378805 15753937 16010789 16148602 16158012 16463326 16721263 16739711 17279500 17789291 18279169 18565158 18889063 18948706 19790018 21047224 21909890 22053039 23204397 47380390 47518210 51196532 60696138 61127420 64444175 78792100 78905607 86167256 95044697 103971994 108803911 151158927 166707502 210118012 262226916 
24113 749333 790000 1020961 3376281 3395021 9013032 9561522 13807132 14448046 14782952 14830831 15125371 15184929 15274752 15466555 16167886 16200143 16428278 16641454 17278906 17453969 17753670 18071407 18134756 18281397 20550830 34924998 84972513 87358503 115377377 138969362 152145953 181096818 202844511 267519951 
11304762 12973362 14015762 15257682 15354042 15839517 16080020 17524007 19521680 21544692 32428493 35798802 46668984 50638723 83602448 86272337 121209486 
10748252 14061771 14128901 14165957 14266588 14464331 14563894 14604049 14614615 14943818 15123270 16888904 17194090 17542265 18089164 18292479 20447545 20851240 28230825 29046105 30178173 38372614 49992096 51028602 65508813 68592846 75300453 98078133 114235871 121558178 144692356 150435789 200226529 
11332 13107602 14212028 14218186 14233546 14248612 14339520 14469179 14572196 14911255 14940826 15239123 15293352 15442150 15445154 15585410 16033434 16941718 16988357 17224164 17576667 17644563 17945015 18121680 19477654 20267632 20476654 21275406 22077506 22753132 23797396 24797350 24897332 26589876 26900011 29509119 31667926 33362218 33492243 35636804 38447355 39485994 43635444 45756215 46589508 52553796 61666438 65193458 78275869 82376322 84124761 90203791 92356909 106185357 109604578 110281707 110320464 110746020 113747572 114467024 126754289 145315512 160897794 162052960 195742848 229291215 244673838 
450953 1012071 2226621 5606492 7145552 8159652 8435452 11698322 12383122 14144238 14235323 14465902 14693622 14745283 15249228 15515538 15578710 15749177 15821556 16226069 16657530 17050705 17165458 17284883 17449898 17493528 17641725 17669882 18120676 18559445 18622210 24707040 29392243 30018368 36371780 37222477 39944598 48604785 48816106 59833587 60100870 69493393 123892070 161415195 199848513 202595945 266202805 
17420951 18483871 21275420 61496860 63531207 70872642 72218449 73331245 74153376 96089519 97122417 101711457 102043210 102542634 106727127 108140942 109881181 113198037 118230146 125409467 127465176 130128230 146321140 148425035 152143338 154906588 156198826 162060324 166815795 167735296 172223222 179514953 190546924 192236628 193703862 195979860 202075612 208703350 228331929 249096055 249983793 264014418 
7885972 9491292 11279172 14188969 14253707 14327792 14378281 14554078 14990031 15046916 15276401 15487499 15534716 15872657 15895108 15907716 16272356 16411060 16513752 16513795 16818490 17037986 17242874 17301914 17323733 18029498 18280708 19035245 20770172 23244977 25092348 25266932 25897762 27055316 32613223 33014475 34572831 37396821 42601947 48663963 49354191 50008018 54330827 66871294 89013228 97361708 101253269 106963800 109460638 111047202 118614880 131021790 136004374 142761850 148081424 155994909 156783397 211011485 212950155 213487656 
781493 788863 819522 1380711 2771891 5153221 5957552 6426552 6719712 7263402 8293402 8384912 9938952 9961332 10773882 10876852 14390076 15123270 16465359 19703385 56377143 80794949 85906552 
12088232 15624385 15895108 17301889 17435271 18343178 19747277 19884721 20960765 25447492 25688058 27894046 30734462 32613223 33778988 40250971 40957993 46159898 46205067 53500999 61462007 75141533 89013228 89552709 95448172 95458918 101207588 120765039 141499502 150828573 163894281 177507202 194608987 202257778 207793457 223524009 232191946 236195413 240552704 
781895 815233 3041201 5179031 9081922 11413172 14910806 15308303 15367795 15488145 15579449 15699754 17641457 19012615 19109017 20397358 20664195 21703120 21812771 26470645 26590781 28564127 28578596 39932500 41856927 41874288 72019681 74250663 84025309 89280747 90776145 104236319 119777563 133492415 163424898 180084261 196885303 234318173 241164164 246913322 261947295 
5125971 6535242 7562622 8085432 8184892 12485522 14632661 14717311 15551263 15936780 16016852 16217727 16337126 16560157 17695465 17955879 18560205 19552126 20441166 22547150 23145109 26681722 28936770 29822494 31220561 35846393 37549379 101345179 136952493 139974111 160313219 187015252 196671715 258039690 
13298 755452 811182 824157 829771 1042631 1220351 1530371 2099891 4700381 7511702 7712452 9147742 9366702 9588882 12795662 14184628 14421385 14596506 14680596 17080534 17627390 17755042 18514207 28108567 44203387 48663963 58855541 96585127 103944737 141527434 182987447 
246103 608473 8496612 9627192 11965332 12597012 14040522 14053295 14464919 14544571 14562275 14641606 15455358 15599014 15626406 15683948 16382820 17635363 17779287 18083141 18089695 18122984 18162777 18353112 18689581 18752726 18822990 19471181 19824145 19916228 19920360 20209025 21729540 23154642 23324325 23421006 23628049 24636191 25274451 26419482 26548347 26668603 26713682 28031609 29985526 30272314 32377446 32712520 33877371 34674286 43500507 44733866 46037408 47110722 51758990 53443633 56973737 58341833 61849834 62554155 63285684 64844059 65681735 67436412 68839777 70199201 75221587 76866234 77281326 84623487 85032253 85665693 97468141 104337086 123116942 124524462 124670621 128601175 130302239 132013729 138267795 139567380 140028928 141242868 145449666 155192639 165144151 165914228 171719023 177234194 184896140 189686051 191514152 191840628 195165128 195796378 217162001 222444337 231254156 231472142 231488894 235380880 246290364 247136805 254184021 257186370 258934913 260278707 260505934 260786513 269082797 
14169364 18332827 20590490 22119456 28076703 32451329 49464688 83277670 84217059 87331481 91106767 107232730 147977705 150956563 168426262 205007756 216258042 217318313 219979539 
104223101 128693679 135298815 135687184 145408456 147314264 162735344 171997599 173534506 175533140 182357928 187594363 188419032 188840004 190395758 193088908 196853166 198560132 199009858 201763743 204838222 208677720 216529788 217576078 226769636 229674969 230859303 231085129 233948859 234001935 234840602 235633896 235729192 235759321 236368003 238356204 238602830 240468977 242884484 245453198 245793450 248493560 250731274 254493514 259011240 259394715 259493072 260985403 
50193 810579 1315431 1384531 7746052 8803972 9048222 9139352 9158962 10355872 11774642 12536272 12702572 14270757 14298819 14370358 14519349 14985117 15605402 16459994 17047248 17079099 17997511 18188365 18216761 18247087 18557448 18705078 21678847 23526929 27413705 44497235 62310536 
3297651 8769212 10636902 14216712 14216821 14324944 14638851 14938248 15110531 15349653 15660796 16880685 18385897 18621945 19251173 21889071 22084719 22150874 22256515 24247270 28562298 38003948 45004183 50408030 51527704 56428052 74887389 82109274 86239624 90964504 91683053 99320433 101551148 112443324 119127201 123437271 134761691 228561093 230589809 240365217 
3041201 5179031 5660312 6509242 7172452 8039442 9081922 11413172 11577962 12047202 12536272 13124962 14217862 14430556 14607461 15367795 15410368 15488145 15953031 16012310 16381178 16807860 17641457 18442894 20466813 20628420 22203887 22289075 26334426 28599031 30059550 31269851 31310594 33617885 33637010 34323672 34983319 35476723 50387743 50686513 50718249 61628815 64047804 69648081 72426413 119777563 158788474 165590939 199609635 241164164 265427614 
14378281 14554078 14990031 15046916 15121781 15534716 17824560 18168267 18280708 23437737 25092348 31520228 47791995 50008018 66871294 67898690 88214227 92437178 93800894 111047938 114628210 142761850 208303207 211011485 239191123 
11489 74673 79543 1307011 1322691 5259391 5885772 15579449 18182511 21266715 34356968 41660436 43600056 47300233 47914845 63292317 68696417 89595069 92102625 92285511 92563411 124473570 164830389 204632531 214406243 219720365 245188974 253953257 
57203 113963 833071 1293051 5832712 6944372 7712452 8823362 10420662 11202562 12219832 12935692 14065215 14095473 14333690 14388689 14523408 14532450 14749243 14773964 14943648 15030787 15033971 15076390 15223619 15583292 15936194 16145206 16494284 19575406 20219382 21509975 22665665 23006156 24166550 28166828 36071096 39341556 41145894 41296367 78354184 252105891 
11983 24113 749333 3395021 4959461 7210762 11633492 14264410 14389062 14707115 14993616 15093212 15184929 15831401 15963488 16818880 18038375 18196178 18358227 20303224 21224776 21225270 23486491 41305840 49824306 94428870 94856925 135109492 162886404 180463340 249260397 
3041201 8769212 9081922 11413172 15158352 16334085 17170520 17593208 17641457 18312678 18621945 19251173 19356110 21132950 21460496 22141824 22150874 36480743 69648081 79666388 90964504 91462853 160718204 261344536 
4312721 10654322 10774532 10781952 12587982 14562685 15041902 15103213 16527332 16680941 17926317 18176747 19255759 39341556 41626400 98362525 192171500 
5798602 6811802 7491582 7773162 11235032 11892722 12322812 12693572 14061723 14277846 14376840 14389615 14443616 14634791 14796279 14937173 15025059 15391752 15400246 15442150 15462767 15495117 15729205 15843240 16013349 16124611 16153984 16303557 16407837 16492009 16912241 17206658 17246888 17280132 17332386 17503856 17519222 18131988 18155171 18774686 18967578 18997377 18997715 19090407 19111507 19494371 19641024 19774073 19826674 20250302 20271080 23998156 24816382 26418098 29509119 30791761 32516316 36522491 36568789 37240699 46787681 49849110 52090770 57135779 62606223 72353797 82444043 94919897 102780726 109886771 115247248 132250957 143879476 160994217 167570736 182466412 240469100 249361812 251425066 
27953 775861 5693322 5778852 7853592 9615962 9850782 11674822 14212359 14378281 14923682 14990031 15120037 15233366 15393033 15534716 15662467 17130180 17740210 17850637 18280708 18592579 22866896 28873178 32964444 37977930 68552069 87106149 90767831 142761850 
5693322 6188152 6630962 6655632 7830812 9850782 13220972 13272592 14083767 14105540 14469179 14575798 14605495 14705619 14773346 14941009 14998779 15393033 15400332 15524002 15707047 16353944 16586626 16877448 16887348 17495000 17764146 28564127 43111514 46707560 63283271 66818412 67898690 101477465 103969563 103976896 109841442 114628210 132975929 189092067 235347368 
8654602 9574902 10786382 14255263 14378281 14990031 15409034 15618317 15726500 16275014 17242874 17357018 17387554 18105493 18234520 18280708 18282606 18543454 19124543 19477159 19675857 20007264 20116255 21665419 21881621 21953832 22341769 22925703 22950203 23031702 23033582 23103362 23257245 23401174 23594701 23782518 23961550 24351659 24411254 24654508 27234262 27257879 27512005 27908385 28214315 28391808 29015085 29518132 29555467 29770468 30194186 30404850 31330292 32334346 32584355 32633716 32770999 32957473 32992448 33080831 33498000 33668466 35726826 36585424 36713201 36944780 36982314 37077578 38151136 38260779 38541154 38610291 38729990 39176418 39657792 39910912 40248272 40337245 40340319 40701143 40907388 41549425 42670114 43364907 44278796 45013235 45045450 45051894 46754894 46860582 47628348 50025858 51531341 51982828 52114630 52405458 52474527 52504599 52582757 53292314 54200212 54387128 55222535 56675544 57486140 58751344 60304834 63192289 63260438 63337613 63597788 64217263 65367727 65598884 65748080 67574227 68241308 68442782 69490214 72741498 73710819 73978891 74033128 74202957 74586267 76456492 76667648 76976987 77895702 78403223 79368271 82977544 83220224 83966731 85632018 86549560 86780531 86831936 89776939 90668001 90854372 95522978 97051433 98714095 99001341 99772708 102951314 103088329 104055955 106601959 108692077 109569992 112075462 112760135 112938012 115624836 116706360 116756735 117157665 117792193 117962382 123130128 124548242 125150547 126346398 126364732 127810704 131066597 132108729 134687004 135057752 137455666 137622383 138322735 140286942 142761850 142805881 144712717 145159487 145341208 145347010 146906710 147359145 148476118 150255293 150770608 152352981 155899912 157122822 157729385 158104132 158216035 158630760 159144566 159563937 160029634 160984282 162017343 163719471 165814490 165826885 166698317 167915369 169051492 169074286 169103586 169234290 169443688 175222812 176114435 177336546 179812242 181311417 182028677 183461152 186267547 186633188 189265359 191667380 193585697 198048144 198399355 198597076 200685361 202063776 202892149 204390536 205066686 208093309 211977478 212311866 213310819 216172901 219690900 220578999 223848490 225199394 227016826 227686496 230476419 231271588 231998027 232230669 233405624 235737404 236967039 237581493 237996239 243494256 244050895 246648550 247414089 250983856 251229821 253437303 256288010 256754305 259603718 259695549 269700319 
7209262 12386462 13817822 14763336 15313725 15506834 15746214 15762258 16032700 16381764 16496431 16535920 17368610 18879847 19187122 20071285 20096335 20989298 21200319 23171383 25737016 26486510 28076703 33247276 39616153 57795179 81367143 87331481 90404746 104332218 105214847 106874944 114950933 129098605 131643746 133834939 140176807 142169165 142513252 151212561 164033581 177330882 226995027 
13267622 14664756 15686613 16278934 17909421 19774114 19790013 21881105 25367291 37240699 41253854 41437506 44202114 48880548 54113444 66480892 72353797 75192691 89273858 100818788 103356166 103864359 107572393 162898103 172204281 189975197 194783022 204824975 205094271 239186520 242860285 269889901 
626233 759186 832831 1428831 6452782 6566712 11028352 11035782 11145002 12070672 13438712 14258602 14261302 14387542 14624115 14891245 15281078 15426896 15445270 15503968 16357285 18038375 18685602 21626871 23221629 23547843 25003235 25164847 28674078 34012344 34394575 60775372 69136508 109648337 120185625 157455254 163712424 210852155 
781895 6609072 8071902 9175912 9355162 12392822 13539592 14363211 14391111 14429823 14433007 14524060 14599422 14652452 14840993 14871283 15081182 15182385 15221975 15250836 16348705 16438898 16539573 16546592 18239795 18497497 19751635 23172966 26850477 48497316 51131831 83897393 133431287 249415812 
3750071 5024371 6092972 9926562 14270329 14436072 14740408 14948485 15428401 15978380 16700601 17905825 18485748 18929690 20733757 21316936 23064510 23958589 24733117 28377973 28448216 28738346 30308283 31303139 36997036 65293006 69971262 75630518 79039503 88498786 118102391 119139599 140060120 182686614 192477353 214112621 224808382 225491442 236711870 237962820 240878542 242852382 253473812 
16506186 18629665 22792103 22973224 23335196 25570524 29090205 31403276 34486207 36648662 36813285 42119491 46878105 48764460 48900102 52254968 54213842 56836415 68554574 70236664 72826714 75816353 76498257 77905001 79754695 87719730 89036498 101106972 111992715 125392820 126153057 126387549 127636504 129529866 131512268 136242193 141243524 158000381 166757786 168710679 184518363 187951011 188683808 192972145 198590293 199234560 203893499 207379807 210268467 218193050 219089755 231496926 239682389 241310760 252769982 253414535 253784340 255708730 270455224 
9306542 14287191 14616050 14950583 15274836 16357245 17896640 19734025 21962567 22277113 22513467 23292975 27109378 29451005 31619861 35321567 46164502 50335002 52788040 54623706 55221570 69366493 73497064 78606921 83370426 87534528 91117627 101686868 113619900 116108369 118644821 133456536 139960419 165200431 168544279 172225488 174095086 176806231 190722777 193834897 238299492 242454810 251718913 261894735 
1322691 5832712 11821622 12935692 14135845 14333690 14431213 14523408 14749243 14862723 14894307 14947289 15030787 15299357 15935243 16145206 17065634 18503214 18920390 19006260 19356110 21957689 25490697 26744291 36913318 39284620 63875612 78354184 79447979 92318904 97289556 246061882 252105891 
898171 1309511 5525212 5816442 9639352 14226882 14452057 14861579 15044300 15349653 15365429 15780594 15972562 16023926 16462209 18034962 18189305 19338042 20928893 22091828 22201568 23130098 35929320 175018925 268063294 
1692171 16177296 16570335 18492564 18587662 19564474 22228327 23714675 26589876 27894046 27962194 35548601 39645433 40721661 43163302 44961029 86160868 115596327 124257319 125382460 132526387 133941575 142447390 143638559 171305484 179422421 197156324 223704520 227750413 
5972752 7713202 9188592 10044022 10168082 11829282 11855222 12294192 13577172 13728412 14389132 14720411 15450996 15700362 15887107 15979153 16253235 16624180 16703058 17781217 17927796 17961246 17971455 18276100 18391075 18791763 18953266 19153333 19754122 20444463 21158774 21776768 22040403 22935909 23188976 24661757 24975816 25491038 25799963 26539097 27553223 27789999 30479742 31175661 32422915 34434801 35195343 36563254 44769565 44845302 45190383 55885084 55991727 63039818 63796576 63834256 68807455 70477603 72475621 74037588 78470249 91191989 94607882 109777164 110918004 112058406 115753716 119160384 124942059 128882329 129360573 131109320 148891227 169245808 171569791 180151159 181800245 188474582 189758673 193035945 196161118 214212019 227192133 234696158 246029073 273004438 
8417802 9081922 14144790 14291015 14299583 14327792 14572033 14634197 14664756 14883514 15023383 15230754 15293352 15308303 16561212 18301263 18493879 18500081 18766019 18967578 19475375 20195689 20996839 21344725 21622756 27944666 36702921 43765408 56458700 66158240 68982398 90776145 91458608 100817771 101253269 107186135 132946771 140935817 250248024 
15842919 16840877 18417216 19713521 20661527 20954257 23932737 34010454 34118997 47103930 77577477 79799271 83719783 97551846 140663609 191241796 227159879 241382533 
6188152 7595842 7830812 8393112 9081922 13785352 14131683 14227897 14705619 14864169 14941009 15067045 15113155 15891536 16177296 16570335 16877448 17240550 17246888 17764146 18492564 18962975 18967578 21799282 22018221 22736954 27962194 56458700 62950338 67898690 69025404 90776145 111047938 115247248 143879476 200123241 240920084 
10221752 14213692 15398780 17939480 18534567 18627463 18872519 19632835 20497524 21101803 22581361 23389965 23555722 24006057 25154863 25740983 26457416 28402860 29911860 30386438 31070910 32300434 33158772 33960315 35536649 45547073 57231428 88388566 95985617 104563357 118352178 120285512 137066744 147787042 155029302 162364970 165090476 175997836 193779018 194245667 226822549 
10396 11426 12522 12916 56653 636843 683523 754556 777560 795448 816154 816812 1249431 1253451 1283361 1315431 1355401 1630261 2737751 3433721 4303181 5661792 5738952 6084982 6219652 6258192 6904582 7277852 7746052 8393112 8596022 9081922 9639352 9759932 10785032 11632342 12852572 13683762 14079356 14099435 14110654 14115587 14134419 14179222 14227897 14238738 14370358 14435124 14471522 14476147 14582352 14855279 14864169 15087461 15131428 15348564 15537003 15845496 15987060 16222945 16369099 16694698 16720708 16813361 17087370 17156131 17372386 17464581 17848135 17925141 17997511 18460854 18609139 19012615 21182196 21546828 30924802 51096590 113420566 132977590 143879476 171669403 257664564 
205803 920991 3277401 3286621 4922001 8518862 11424902 13000872 14860922 16226484 17549229 22457041 23664655 26835100 28009658 31214311 36697219 37680820 62545966 93730653 100504915 
683523 1249431 1252191 2663161 6288762 7508092 7595842 8393112 13601052 14131683 14134419 14289835 14330959 14345566 14532188 14846859 15067045 15342518 15678008 16127669 16356833 17024671 17204519 17463660 17538588 17549096 17577078 18609139 18962975 19195914 19404944 19505248 19572909 19640035 21318183 22018221 22387436 23498775 23593213 25294886 27067218 30025767 31036345 34709013 35769941 39241726 43321377 60654941 64576818 73749928 76416892 103331100 112762523 122540204 137717770 139984101 143613967 153586491 240920084 253349591 267924448 
6118242 6389222 8147062 11606702 13599852 14179549 14753540 16471088 16703461 16716129 18873213 20351695 23866339 24561424 25253084 26419638 28106848 34074792 47721240 84497664 93953977 102524769 104901157 114049072 173899102 179154258 
509 989 1081 1398 3840 10178 10588 11752 12696 12916 13348 37573 62783 683113 688483 749333 787611 788673 809183 815476 818340 854291 923541 1048931 1048951 1307011 1322691 1394361 1639601 1724401 2148071 2564981 3041201 3265101 3303571 3460751 3533231 4554681 4959461 5179031 5408012 5531562 6965272 7006712 7144182 8039442 8132322 8159652 8261762 8435452 8474322 9074582 9244262 9248102 9324442 9413702 9431342 9468972 9527242 9804222 10864492 11063312 11470032 11698322 12834972 14063033 14076943 14079017 14128528 14133436 14134419 14136479 14141301 14182254 14217862 14260608 14263141 14264410 14277276 14290415 14304302 14313749 14319523 14327478 14342547 14389062 14416798 14426771 14528817 14724577 14908932 15063931 15073882 15080701 15150351 15211133 15367795 15462987 15514372 15537003 15631770 15699754 15831401 15924411 15936194 15953031 15963488 16120265 16249213 16381178 16484677 16530557 16731359 16818880 17058577 17224082 17796440 18092306 18196178 18252347 18300176 18370656 18660690 18710031 19498445 19542974 19996935 20466813 21266715 21575880 21584163 22145414 24420867 25057202 25318477 25513646 28609576 30204846 31536253 32718488 34356968 36217004 41188469 42654335 47712248 47951693 52162223 58561993 59580078 60642052 60698670 75423477 76424904 81453802 90803319 92563411 119395435 123963067 124473570 126492276 128361193 134156687 141004777 156407255 165482352 185002853 236550275 244404903 253953257 
1774081 9335042 14398964 14544864 14639235 15165587 15175391 15367279 16905666 16928122 17062597 17116782 17130461 17771429 17837216 18603672 20212448 20813783 21832608 22483974 23974021 26118186 27018757 28462804 30469863 34507129 50225755 71410962 75800420 77042833 94776307 114579424 124854403 164725958 170351580 203149052 233221276 246124029 257556561 
1069351 1129871 5916122 6911662 8402052 11028352 12517792 14097725 14285046 14763855 15315857 16069024 16270390 16668970 16878903 17046369 17068225 17214633 17310398 17413777 17771429 18137387 19532857 19658782 20764205 21004344 24551605 29724162 29965112 31503269 33832697 72725104 76488224 108136710 113979106 119297816 127659721 135011198 138555043 187594795 212203440 222128283 
785595 7226972 7867802 8447862 10546442 13306282 14372059 15322793 15680214 16270580 16425627 16426698 16819278 16915314 17069525 17410758 17580892 17630773 17746589 17763164 18073211 18211473 18262412 18626582 18944608 19461688 20276964 20319730 20959144 21018559 21344725 21345203 21777919 22973224 23111457 23126646 23246523 23451393 23711425 24095880 24803181 24865454 24962655 25100373 25393674 25694234 25897762 27515718 27760633 27787027 28018672 28431983 28612042 28782189 28859686 29779074 30780296 32145253 34534533 34572831 34932133 36254904 38580030 38925280 39812315 40007151 40185311 42468157 42601947 42680682 43607866 43637692 44672556 45187586 46138858 47577195 48764460 49354191 50985635 51482804 54877998 56081354 60650519 61481916 68456925 69072789 72135569 74681972 84488824 87870915 91198297 91396258 95142106 103651694 106414572 106769185 106888707 109671957 113831847 119446586 121237632 121437473 126395181 133559534 136378375 136653516 137183468 142705588 148055679 148891227 153042732 153559103 154635466 158136469 159929295 161524303 173941018 174291299 176994614 182040558 190397000 194955084 196102552 196281219 197511305 201515262 202849351 205544568 211858345 212135317 212311732 213702367 213937754 216605516 219785653 220594903 220756966 221509706 223219109 223679418 224808382 224809136 225491442 225564695 226659463 235439150 237193691 242477546 244937270 246600472 248960481 248988432 250477894 258923616 264320420 269111650 
824211 920991 8596022 9366702 11073902 11424902 14152445 19602429 37680820 41721520 93730653 
616173 792907 926121 13546712 14631638 15510638 17175973 19689035 21359690 45672770 186426532 
9506452 10410632 11299932 13190282 13475382 14690254 14837928 15010777 15566022 16356317 16663709 17008328 17010854 17074457 17301914 17845906 21372803 21690938 24425906 33672294 42929595 60449169 87478288 92117844 166839611 260108644 
9543992 11732322 14200437 15447545 16337697 16438743 17172429 17788582 17827085 19654406 22830586 28115822 38338308 198699773 
14200437 17466146 18402888 29767444 112869554 209789811 
15374280 16425453 17074240 19650336 102747321 110812554 120900736 
15689313 18649219 24990215 35910513 39001459 50024842 59845061 75289001 223443158 
1081 2900 4030 10178 10588 12220 12984 13348 31383 50613 67813 69583 76133 691353 780290 782010 804904 817970 822647 1051171 1189601 1246421 1717291 3811511 4937061 5025251 5108161 5388852 6141832 6245232 6297382 6566712 6719712 7112242 7181572 7224702 7278032 7434272 7614632 7865552 8448712 8602152 9527242 9590262 10000642 10284332 10650562 10767712 10768282 11435642 12575842 13140132 14061771 14076943 14085088 14090906 14182254 14206392 14274132 14293571 14321959 14335404 14349449 14349894 14354144 14426771 14564986 14706139 14786110 14786238 14802885 14813149 14822021 14870168 14934718 15050305 15126651 15135214 15148807 15223252 15237935 15247066 15328388 15379912 15385968 15429250 15462987 15471640 15514266 15551156 15583560 15635812 15770684 15803220 15831401 15898695 15936194 16352993 16393123 16883326 17177403 17179368 17212941 17307627 18152057 18450898 18655567 18872123 18930170 19038395 19079941 19207266 19374805 19639071 19826509 20017902 20905953 21653513 21700719 22200186 22290807 22301442 24889586 25752513 27106703 28991368 31030273 31359340 38164856 40532389 40953367 43194865 43239422 43911998 44936058 46670048 49445813 50749152 53411390 61317377 63073975 67924644 69604327 69932023 70622187 89119055 91921994 92876427 99536748 117218161 120819229 129176641 131070862 192589318 215259883 215370565 224138450 246036260 
6962852 7480172 8340752 14320024 14547107 14697711 15443141 16156062 17006370 17477864 29802611 49011247 89414621 
12916 10928462 14217862 14270757 14319523 14618493 14634197 14641392 14724577 15632835 17471010 19137574 20660609 20685484 22164330 23388683 25276905 
13410 16713 755332 1020961 1485021 1953911 2241221 5724622 5998552 6183312 6269602 8294022 8476602 8765892 8906982 9654112 11058922 11316212 11991832 12727902 13012632 14098332 14125005 14154581 14228300 14316141 14343150 14345609 14382508 14399289 14625146 14820299 14910806 15247986 15441074 15602091 15671214 15863689 16127669 16191109 16345566 16610527 16750984 16827720 16907121 17273391 17451602 17463660 17569124 17641457 17972230 18179554 18183592 18203404 18242620 18433188 18460854 18506975 18630708 18680847 18814878 19012615 19089993 19490555 19521680 19920360 20160897 20660609 20932375 21367818 21566395 21695613 21816096 22108647 23075284 23406304 24908830 26092570 26255541 26943860 28076703 29529143 29943167 30025767 31738235 32428493 33241171 34244176 34343816 34376087 35280301 36217004 36880462 39591754 39753319 41172680 41905057 43746845 44203387 46476708 47444914 47507850 49620984 53444887 54662153 54769822 55933111 58454165 59043610 60321100 61510388 63728431 68475377 69342256 70474548 72019681 72615435 76416892 78634066 83393956 84045446 84697403 86843948 87212008 87795802 88471653 89280747 90058548 92513185 98025022 100426508 102363028 104289815 112266869 113662211 114519095 122153660 122540204 123322544 123614628 124203804 131607538 134505123 139458881 141357881 144921225 153483319 158875382 161772480 171519363 171995715 180703009 186957019 193483917 195440552 197962366 201835381 210785308 210831524 221526399 222268976 227986140 239221322 240062530 242821748 243825310 243848799 245042640 255682362 
684743 5385262 11673662 13228592 14099516 14451294 15062527 15062528 15229127 15745139 15947185 16027532 16044729 16191175 16362662 16615594 16641718 16840877 17074244 17092592 17545037 17734669 18065823 18529151 18933832 18962975 19246850 19341833 19468364 19631582 19713521 19721592 20661527 20954257 21023334 21158774 21507883 21817105 22018221 22589921 23420024 26870624 27143583 29427149 29460521 38151395 40822836 55274676 59683851 62415418 63314023 65152219 68879809 70062275 84201313 88829709 94397566 97051433 110259781 126688022 127198803 133778635 145196076 154959835 159503258 163222098 163250088 172592448 204609287 208161241 210819491 211633957 215683551 217923038 223380929 224770553 227838448 237197733 242179067 243321948 244791392 253727920 
5820022 9886592 9994802 10154052 10252992 10284192 11896242 11922842 12566322 13047322 13191382 14274606 14746460 15343285 15353236 15362948 15371730 15634516 15660796 15749997 15825852 15940736 15959806 16032700 16105152 16130242 16156302 16201819 16320817 16536804 16564842 16690175 16703742 16787126 16828143 16897237 16956103 16956236 17202143 17226610 17300593 17339297 17343595 17351052 17353481 17371061 17400430 17475108 17505487 17873348 17878154 17971670 18039861 18175164 18214840 18275871 18280155 18322904 18406622 18744397 18786047 18790031 18795950 18857778 19023804 19047089 19532315 19532857 19690008 19771162 19774034 19841754 19988765 20201647 20212448 20338713 20758436 20813783 20989298 21080122 21213658 21372803 21404596 21812410 21863612 22413145 22818133 23032476 23843205 24167147 25202714 25567123 25931068 27011541 28128602 28562298 28622733 29005683 29436139 29724162 29965112 30857134 31281673 34262175 35068546 35563232 36098673 36730935 38670814 39700831 41238441 42469463 42909484 45004183 51034077 53188888 57247518 59913286 64927053 67603734 69001280 70632952 74026628 74625574 77402928 84043516 87719258 90313639 93100491 96640040 100004821 101863069 105305259 118837674 119480392 121738047 121910714 125090924 131177653 131246223 131646552 135414895 155396230 159245037 159329042 161415195 176929534 192007163 193674723 203508691 206358757 209471041 215989468 239576675 251487559 259288480 
11299932 16208408 18967578 19085742 19450841 19774114 31620237 33885025 54113444 56458700 62509229 72353797 100818788 101631951 107572393 144325640 194832495 
814293 14632998 15937921 18258178 18787132 21230617 25197341 37920064 39047949 47613125 57131205 96316448 101744237 112479899 184221744 208687668 
21486753 36407795 40099249 77392251 82411192 109841442 132946771 137178307 168730556 174649888 254092296 
1081 11848 13407 31383 57203 79543 82363 678033 759186 772681 773624 774909 817970 1189601 2825191 5024061 5025251 5238371 5708292 6962852 8092472 8448712 8466962 8531352 8823362 9468972 9831802 11148742 11202562 12104222 13767702 14065215 15077051 15379912 15538795 15936194 16612857 17439117 18161157 18697352 19079941 25160944 28840450 61772051 143882311 252760820 
347133 1129701 1441291 7480172 8883702 9405862 9686792 10052552 11204762 11580962 13342982 13690622 14155372 14323938 14604049 14712904 14742422 14758406 14799428 14850719 14891245 15320887 15440344 15485085 15692087 16212167 16680654 16694698 16954719 17006370 17021619 17074868 17300593 17312943 17325009 17372379 17460928 17511523 18038375 18102284 18436433 18507464 18566782 18754728 18787972 18850958 18982378 19532315 19794129 19977032 20030225 20083563 20851240 22960333 23343266 24661289 25054164 25059097 25191558 25330903 26174646 26716467 28211629 28674078 31465017 33098821 34636987 39619991 42197349 43292618 44651055 49824306 57026817 57888537 63614805 80589255 89410778 91827895 96779857 102617462 107354278 109339635 109370698 118837674 125668334 135109492 141379955 173387492 174959828 182029374 203951741 214788442 216336191 232502918 233965578 263588145 
456 1585 5149 10588 10675 13298 21693 24113 626233 700593 771698 799630 809092 811051 818176 819284 1054431 1319141 1363481 1724401 1957211 1979591 2108241 3558851 5656332 5661792 5727392 5780992 6144162 6325632 6588122 7541642 7599982 7929742 8112832 8307012 8435452 8481222 8690902 8867682 9011012 9277962 9286142 9485202 9639352 9819862 9853212 10356542 11204762 11412542 11413752 11698322 11784882 12160482 12477052 13205902 13445052 14065548 14118937 14153594 14155372 14157732 14176242 14186545 14222176 14369409 14389648 14653506 14661957 14689567 14714942 14789122 14820724 14874721 14888632 14889333 14993466 15008449 15020853 15070780 15159129 15368554 15412816 15780402 15826306 15939352 16040887 16049723 16133935 16156062 16506383 16904101 17071737 17205773 17257272 17493528 17737138 17874910 17994525 18134756 18173027 18455643 18619836 18834180 18836209 19583523 19600446 19679188 20172321 20391685 20545925 20731401 20873104 23757784 25478876 25661540 26236577 27961877 30864653 41841330 44570428 45368137 52814458 53352349 58818905 59541290 69577964 91329057 101563645 110821538 140827994 160718204 188911259 229766654 
682213 1203641 5447732 6341572 8615772 9584882 10921672 13448172 14219103 14220249 14346361 14496930 14680167 14708747 14888362 14903294 15497928 15511139 15925179 16801452 17276841 17381284 17794287 18429289 23549240 23584959 32211808 39716211 56660747 61291337 61485121 75236148 138969362 176225740 214303021 
6540192 8156622 9209942 10609292 12855572 13579842 14109004 14219103 14220249 14835646 15354397 15393195 17029807 17856201 18064263 18295455 20610029 21307269 21513512 23166597 24906998 26657049 31179355 31213504 34556885 35783898 37069994 37764670 44069257 53294779 63054429 99740489 120794494 124920374 133893663 180770812 
2059841 2960101 6572042 9200242 11349102 11541372 11567972 14027532 14252191 14364397 14801984 14869791 15364959 15382111 15521495 15553406 15863689 15991918 16089513 16106525 16418505 17214633 17310398 17366090 17429334 17641457 18174998 18269262 18497497 18499012 19599271 19685572 20660609 21781176 21908076 23166140 23197604 23992198 24125006 25065717 25911549 28658384 30025767 39001459 42659612 43746845 47986482 57102394 69033184 70474548 79287934 95300430 105203822 109595020 130974356 131881168 155394436 198911524 207205591 221485597 221749521 
246103 785595 1936361 4954131 5764432 7090482 7144882 7350652 7867802 8647302 9376622 12184042 12304722 13306282 13354002 14079425 14090931 14131420 14154581 14200437 14508983 14545046 14935079 15044502 15302201 15399951 15451434 15520554 15599014 15726358 15747743 15768216 15819292 15842676 15878020 15896304 15975681 16148335 16181186 16217220 16273144 16290327 16294267 16444912 16520112 16533239 16540406 16684007 16819278 16878100 16895549 16908775 16956339 17066077 17155901 17172429 17326645 17385961 17393362 17446886 17461226 17486092 17520649 17528356 17580892 17635363 17788582 17945843 17995655 18129159 18211473 18230113 18355228 18507199 18536826 18559445 18691494 18728945 18773339 18829156 18832833 18833982 18878427 18913509 18953266 18962975 19187122 19410436 19578025 19590747 19624059 19709448 19886908 19899940 20148513 20329248 20472901 20612953 20660609 20751505 20882372 20932375 21113258 21152997 21259003 21318903 21323607 21777919 21975870 22023311 22174042 22254576 22540789 22940727 22987468 23026604 23155646 23274866 23372889 23418405 23530440 23556388 23711425 23721972 23774237 23834147 23953237 23992868 24095880 24414900 24603879 24608101 24803181 25694234 26104299 26432499 26474694 26773692 27043989 27386308 27760633 27787027 27845072 28017930 28079769 28130246 28140193 28240302 28584787 29632619 29707246 29708582 29779074 30145166 30455734 30464510 30665326 31152881 31220561 32059102 32530781 32615340 33063845 33213349 33327241 34030481 34075958 34676616 34737705 34826262 34934712 35176496 35524334 36073824 36643209 36648662 37391190 38394199 38976017 39099106 39439728 40004981 40187150 40779851 41238441 41253398 41883924 42055361 42934314 43050396 43155565 43607866 44147853 44224901 44234494 44683837 44870998 44939343 44986113 45085003 45334322 45914093 45928398 46340763 46360075 46476526 47050697 47470276 47785927 47938142 48036380 48342996 48764460 48791942 49814392 50025858 51758990 51997163 52699786 53056410 53288855 53443633 53466911 53657495 54708000 54709948 54769822 56458700 56669858 58881671 59427376 60695143 61818955 62382288 63290903 63463335 64844059 65260323 65587134 66395780 66763589 67381805 67436412 68036460 69435529 70335881 70688431 71664150 72036947 73429252 73683746 73986605 75711686 76745868 78543480 80235953 87715947 88776484 89121882 89385774 90971235 91198297 91943914 93176964 94826232 95740429 99325018 100111917 100281735 101221067 104211750 106375859 106424240 107164806 109596525 110404277 112558885 113097921 115575220 116587005 119546373 121437473 122466242 123055515 125290228 126598407 132109821 135033964 137786520 137937174 139292079 139628316 146093372 148273080 149747560 152908018 157314364 157498350 157832459 159658784 162557157 162959901 163565993 165914228 167700350 172341029 173871192 175590052 176140153 177959094 178525052 181120728 182172282 183271121 183998273 184900712 192823256 194066377 194604669 196071730 199486235 199624094 202376476 203137786 203560551 211556899 215235391 224883589 232378811 237114951 238760716 240586538 244931754 244934195 248037849 250928526 266296850 270029137 
1712831 1936361 6603672 7867802 13315172 13832532 14084098 14089271 14251373 14343949 14380462 14427431 14468043 14848221 15228091 15274836 15343285 15614959 15938944 16068825 16127669 16175706 16388972 16662478 16980777 17008328 17062111 17070787 17259640 17362299 17380976 17676599 17767500 17789501 17936052 18086674 18098819 18124692 18129159 18194787 18208795 18449174 18536322 18594996 18619708 18692021 18706924 18949053 18962975 18988817 19597166 19611658 19961801 21080122 21507298 21990854 22380908 22414207 22883967 23041301 23106500 23135992 23148563 23920779 23939797 24164536 24224879 24533117 24791281 25127831 25373949 25736364 26211291 26739128 26747105 27095215 28076703 28301633 28377117 29747993 30705248 32147116 32435460 33369174 34146256 34637152 35105327 35234203 36832842 37076569 38748814 41238441 41470157 42300159 42465046 43607866 44150150 44297180 45537747 48469625 49013625 50060799 51043119 51222676 51253969 51908250 52575960 53657495 55933111 55979296 55995317 56116936 56428052 62301773 64804024 67010977 67129024 67321398 68879809 69102823 71203121 71740672 73037662 73341141 75141533 76416892 77731518 79930408 80779692 82567107 82911157 83379102 84014340 85736993 87321877 89856317 90309379 90325437 92697733 92798123 93151373 93740417 93827358 96640040 96889262 98128280 98390827 101171750 104357325 106182367 107852396 108679657 110470795 116873115 120707178 120735491 121223001 121644896 124073829 125322205 125745997 128023725 129682105 131979670 132581307 136802522 138860140 141361726 146237367 149815436 150830257 153586491 154708805 159527534 161993294 163383284 166248847 166584190 169655919 170270136 172639027 176642333 177931290 179054464 180160839 180275858 181520337 183499665 184292192 189474615 191358215 191609459 192626071 192643153 199381244 199746127 200139454 200903027 203560551 203867751 204768565 204979872 206613587 207553661 210308682 210666689 220982094 221452291 221919129 228636294 229517477 232603412 232682267 233241581 233306179 233597060 235629835 238421074 240247368 243431726 245167786 245188974 250532240 252855619 253589177 255180880 259615130 260108644 262312950 266151992 269105245 271781804 272566820 
5449422 8299792 9175912 13363182 13693042 14951992 15600217 16127669 16630083 17011345 18049840 18066875 18124692 18194787 18460854 18704291 22516489 22539801 23219980 23409989 23844792 23882123 24224879 24481863 24561449 27095215 28226960 31059620 33452988 37420083 37832300 46222099 50300582 51466642 53000535 55979296 56712219 62846638 70745737 91071674 95288092 106491960 107223604 114767953 122218767 129949964 138111295 148418872 155883945 177931290 180911104 220885253 
9015512 11732322 14160471 14200437 14382508 14475312 14549601 14664210 15109462 15675424 16234345 17172429 17206150 17228171 17429788 17473289 17506774 17788582 18391507 18773467 19920360 20660609 21668588 23406304 26092570 28076703 35577793 43740591 43746845 44564343 48181005 50024842 55933111 63726362 66350411 69342256 70474548 75289001 88435810 94378996 106783888 126912691 212248847 221160429 
7288532 13306282 14275501 16473793 18962975 19022242 20352504 21009554 21777919 21867719 23992376 26815053 27056757 27325141 27753611 27827695 28768235 29163409 29355945 29459695 32145253 33327241 34686024 35520594 37190491 38124429 38600665 38646243 40187188 40350303 41965009 42330308 44770529 44853718 46934475 48320268 48726854 48764460 50832715 52725693 52757236 55927532 56706308 56994938 58268797 59698845 60936367 61109023 61250869 62415418 62509989 62972069 63468801 65587134 66906291 67771977 68094095 68414446 70461418 70833097 82390302 83454492 84061021 85008170 86495946 93328997 94159667 94841257 96109157 98479451 98505044 100554896 101142166 102186571 103106691 103116624 104733034 105268204 105860187 107621747 108350879 111795703 113422725 113734388 115585592 117943004 119113698 119196878 121239864 121296694 121437473 122290394 123431836 130395742 135715040 138166083 138628895 139331113 139889120 140255945 142303850 146512958 147043669 147461784 149747560 154132764 154368883 154440966 157858384 158552358 160097143 161813117 167959400 170192703 172397445 172886308 174350413 175938534 176764759 178897716 184497682 184630300 188185864 188450258 190229279 191875463 192709407 192968187 196590443 199654751 200292780 200713835 203890384 205341777 205346326 206216645 208830775 209482512 213945499 213947558 213961838 215761524 218375995 219913962 220190718 220419374 221697034 222189121 222485748 223171168 226001181 229255063 229729919 230299067 230314512 230770866 231535622 232674215 232834568 234895094 235319539 236508708 236882308 238394455 239188819 239286291 244770433 249542643 249818868 250582808 250968367 251114231 253888243 254853167 256186650 257854565 258096381 258582570 259123873 259305320 260136602 261630686 262292817 262379715 265960486 266073365 
17608059 19687218 19935490 29135440 36719360 37896600 44458662 83735005 92678445 158980067 159791993 183182089 205609713 227153602 239271745 267579171 
15605754 16824146 27426996 131998232 154363906 185152562 
13354002 14315246 14727152 16135362 16445899 19183264 19618046 20611194 23499247 26283471 27787027 42381705 44446489 50743805 87615535 103285229 128240571 154363906 183781511 194109571 217064519 220502693 237358682 240586538 261277321 
1307011 1322691 5683952 13354002 16270580 18230113 30376196 35748845 39511351 41660436 43155565 43600056 88090633 89273858 91198297 92102625 92285511 92563411 194109571 196102552 196281219 226273650 
76887105 105394663 144311568 226207535 
146965762 
46787956 
254221946 
155690100 
221265281 
197948154 
131003396 
228397622 
97158610 
24703871 
30462898 
18072408 
216902526 
255234205 
15024783 
39362638 
69377877 
114762261 
17421818 
61543234 
181233139 
18041438 
257116158 
193364199 
267926000 
242444620 
181783656 
91694445 
54649894 
257994974 
33327675 
118557729 
239020684 
124329490 
70617438 
36380897 
19288077 
16169898 
188202145 
256291383 
29206300 
165418860 
74003363 
181633686 
185221735 
106831967 
258843668 
24686494 
164338516 
229328959 
4278151 
185670728 
242551935 
50002300 
26374989 
21625207 
21229200 
207977066 
134743070 
23282565 
48504894 
127692921 
188117384 
18431771 
263517122 
14302111 
41871789 
66531467 
122493098 
88822659 
155722772 
27644918 
24500538 
20027256 
18942695 
24165974 
47520916 
86770799 
257467966 
185477564 
101894696 
126351209 
26402434 
15522756 
245094866 
268690589 
15307617 
267517115 
156959765 
22490140 
15706037 
36368888 
17948379 
17393790 
26045055 
235905598 
252759457 
188867349 
22965779 
105343122 
59197928 
5608 
116690967 
170101646 
14177081 
46666938 
128102692 
134853224 
16948493 
18958597 
9813282 
159163111 
57115373 
15917510 
24163850 
246191415 
20938935 
9135 
97481194 
49723206 
17225325 
35656602 
36230769 
42202168 
46019128 
88677841 
123963034 
220885006 
145361923 
3714411 
16970638 
204186596 
17214701 
93837236 
47661343 
26388416 
44899126 
147756403 
43803902 
260768576 
234104154 
21554226 
95277355 
121163932 
139024456 
237220110 
118278304 
14944471 
154787999 
14568079 
159001530 
19264339 
60849055 
183088045 
261073782 
43613550 
256172796 
94358525 
217181024 
759228 
7282132 
15173486 
89731752 
58617198 
182517897 
46054692 
256249279 
234308463 
47828718 
244385521 
66759379 
243913373 
246024271 
90793521 
237394359 
243691549 
114916798 
17375079 
12337592 
162665603 
14621637 
7205122 
72627052 
131862233 
7901042 
26312359 
15323865 
14812510 
30175166 
14320910 
114012228 
112749574 
15431942 
51162926 
23722620 
11403042 
222823225 
218219246 
72005983 
15643370 
251744064 
37246265 
81548178 
42668060 
196743148 
234110244 
7159752 
14096096 
59518891 
199015109 
50670648 
82112778 
150400817 
245816373 
23789698 
219265469 
124252576 
144383619 
19432112 
16592620 
218902597 
208920761 
42934309 
26287569 
74622096 
52927776 
98200411 
129899561 
18375249 
104400450 
73112424 
21814082 
15687170 
104493815 
19245279 
28117912 
133480857 
41250334 
80979157 
39749553 
84430599 
22242179 
257522681 
157645081 
41291640 
24553362 
156768711 
19411110 
5513352 
4182751 
48392114 
19801665 
118769820 
95912884 
53962656 
29125475 
17713959 
80621298 
16799649 
14850221 
14236479 
112516636 
116491722 
33648595 
270021070 
18642642 
15924506 
16951443 
233257736 
261708017 
83491082 
65507075 
156475064 
88198639 
45526985 
157767014 
61751708 
28784606 
17522884 
38202628 
80449471 
18418944 
22840652 
145530134 
18059231 
32266938 
264400863 
37645675 
14280977 
26730532 
16000947 
80043372 
156296440 
115036116 
216145017 
217527334 
109899569 
75356470 
200664598 
27732408 
31634255 
16847211 
72084922 
234099467 
249956612 
120174685 
116488585 
136772862 
264046779 
101014503 
77949533 
800735 
37241140 
8757362 
270018625 
57113993 
178817507 
23861287 
197178807 
14833389 
39528744 
56810786 
104893393 
238819163 
100479447 
224741780 
45484909 
19291590 
43573375 
14050006 
18540889 
167488325 
42630325 
15614315 
15149632 
1797291 
16864988 
58438772 
205361935 
199400238 
147359386 
96933119 
18566129 
140983662 
215797959 
131390753 
16857066 
16936459 
195007168 
16278038 
245439953 
101911812 
15294706 
22042403 
16178737 
15001234 
18906478 
19466732 
122477485 
69687111 
172107130 
14257199 
76784104 
45450377 
20813021 
58929178 
30933895 
117255869 
171594145 
7708092 
110986584 
5489202 
123324025 
41929517 
16510194 
1688 
67090241 
28901886 
255167616 
53311224 
151084354 
20813611 
27071190 
91894424 
64624131 
245928017 
175344254 
119220971 
185187643 
239190317 
6065942 
182798348 
236022159 
14335761 
135248445 
267791703 
29695131 
15683 
231039361 
78906196 
19203457 
10771662 
89202951 
16874616 
20057454 
70190484 
39821643 
1120601 
263448462 
167637074 
70706453 
273206322 
24480639 
17981089 
142410443 
18331770 
24574222 
102568475 
23743148 
14715516 
35551741 
234281590 
164453074 
231546333 
43541405 
229178886 
218764044 
13222192 
177096882 
29084075 
247498484 
18500852 
224830108 
15577052 
184700776 
213288408 
22192559 
38194761 
19828667 
14529013 
14270791 
6814492 
117700355 
271160885 
84524757 
103725748 
12683642 
7823692 
23560531 
767715 
128996296 
231858934 
12350902 
20380789 
30010982 
16814973 
180390958 
38327069 
220255068 
211787112 
25729276 
198056848 
160658239 
123778145 
163845303 
9643862 
266389364 
171023147 
45865465 
181301357 
241963008 
197216839 
5051171 
193689467 
265268942 
59338505 
99356759 
18576979 
13097772 
91791843 
247057776 
28765331 
18706144 
14898632 
15098639 
18233716 
136758945 
232451257 
18213932 
235482531 
184275950 
182377857 
140979761 
69605342 
72605385 
102324811 
232083838 
72811901 
138077315 
25904035 
28039217 
17150292 
68481903 
14085277 
194465051 
242131117 
67775956 
18544188 
170061178 
66993 
117196502 
49233038 
249485868 
87484674 
96980395 
121271356 
45008312 
44268184 
219819147 
196273078 
63156219 
262751654 
107749539 
22660932 
62985966 
261598031 
19656274 
138905522 
112478283 
58244502 
17727253 
191807566 
255325506 
203379278 
139184917 
254812166 
174319881 
16411898 
102847829 
243220807 
84236250 
66925975 
92927188 
181217649 
88342470 
20686153 
49216076 
126150918 
18813157 
118713710 
91448645 
142157110 
16888514 
15064389 
14459669 
31293436 
53091022 
259505321 
28963641 
83770292 
132553078 
42284908 
222496666 
162092045 
77939719 
25043966 
18680985 
16087477 
59122298 
57600394 
86813802 
19065393 
14668668 
130554757 
129730276 
128968339 
134807812 
17495194 
14150407 
23485622 
104727907 
19910599 
106110915 
19519071 
240551046 
34405249 
227726723 
17211751 
182105219 
40944884 
38087508 
64847676 
110178946 
25419816 
19477451 
14393904 
110280391 
19471190 
243914859 
36198161 
15295785 
90932230 
119946793 
35152869 
16162490 
25316662 
235463218 
94878320 
255509379 
185158668 
86528620 
15866023 
24545046 
222112008 
149729022 
89492277 
83865532 
231991793 
62913830 
84894256 
22878414 
89929074 
17372256 
220920045 
85346124 
81394914 
21273939 
51695698 
256060579 
171994706 
259288021 
14192412 
89554626 
27050983 
14462781 
94229358 
24794263 
1045701 
183859873 
81020598 
21746170 
28504545 
116856787 
139757503 
62187962 
230718701 
35810047 
90837985 
54588187 
216952758 
22046753 
106413293 
197075594 
19927845 
14516697 
236226987 
135399738 
17237906 
18911295 
162140481 
14852158 
69124203 
17003118 
24257957 
42300348 
58256315 
262966574 
28424289 
262261836 
103655819 
262035041 
267882860 
34173 
15748737 
91148885 
19694104 
36204399 
6302382 
162029292 
64325295 
17898705 
102067385 
68480226 
20288395 
48892632 
14712592 
19707468 
106554309 
116234257 
51312272 
33657457 
19783137 
48915248 
182562771 
219353003 
267059970 
256331922 
17864262 
61421779 
168517618 
61476055 
159265325 
13210 
15446200 
83938774 
95654308 
92711494 
152189675 
40264785 
78000325 
10730842 
90195278 
208766236 
90420645 
192809889 
61238566 
155668326 
13578412 
122025560 
21751985 
98968120 
103175150 
92169251 
36941550 
188560097 
241808450 
42026511 
25512025 
51482997 
85251925 
139469291 
132681279 
235324659 
266278152 
43266527 
109302745 
80481912 
180481402 
166207466 
128144689 
54295084 
94574028 
58845411 
34443244 
8143872 
162279176 
131317768 
32529831 
193274143 
211421505 
17682283 
226672560 
259733469 
203495480 
55533136 
39653094 
65002820 
137366470 
18222647 
222555703 
20609319 
806204 
16457010 
53418720 
106540670 
106824606 
38359820 
103510832 
170143271 
185681415 
20340239 
16308041 
96756546 
205066491 
12329252 
173938646 
17114283 
159660869 
81314945 
35473835 
25887809 
30955860 
10224172 
107500136 
57187935 
232420456 
241321163 
782354 
14934063 
240854929 
7042572 
203003361 
232438363 
271625895 
18664956 
108083117 
24419425 
165420335 
214348336 
258852781 
256148516 
28441423 
25781647 
17812000 
120309742 
259653783 
18415509 
6021422 
89266401 
206198440 
244065169 
210427069 
37749110 
62193495 
48737785 
178197920 
62698050 
16916193 
264046056 
98580028 
11698252 
211774252 
48059095 
144378293 
252371425 
96898398 
71185998 
26719898 
116526623 
15414807 
242354131 
62619975 
269747809 
19241200 
69427987 
124176905 
30761217 
131370098 
224428744 
146452672 
111701523 
142415173 
97515361 
72311889 
243662422 
15126388 
125418319 
111662569 
59394895 
73703096 
688273 
75541452 
42140354 
70004519 
243768368 
179138607 
18658739 
121235735 
42684074 
47216578 
13418512 
59577520 
265500964 
42992593 
19418492 
177407138 
153244255 
250070427 
17334372 
70449609 
164856615 
243164287 
209588239 
9040122 
260620672 
235179906 
216782324 
20632381 
234439191 
146943510 
39001282 
50686904 
55648693 
190120150 
269130040 
115933562 
9804482 
60578598 
4583971 
57863766 
40300225 
20842354 
43785909 
71530623 
