48476949 183101557 
107789104 236409451 
14121853 156644794 
123905824 148833123 
26617933 89370731 
46573385 86813802 
30516098 130650276 
100573490 139063272 
147467640 150224559 
128040590 197538143 
21153270 56805668 
26154615 123940928 
110424984 128396268 
20254792 51179919 
178943260 194591750 
94757700 156137116 
90469674 110778721 
77540628 122895180 
21726416 25904132 
14290383 16484677 25057202 110965120 214067697 
16856926 228661575 
69124203 173938646 
13348 1120601 3395021 8071902 8384912 9431342 10768282 14090906 14544571 14712592 15866023 16510194 16539573 16819278 17042374 17421818 17812000 18415509 18526308 18536826 18664956 18939822 19022242 19694104 19828667 21678847 23792216 24257957 24419425 24480639 25043966 25151753 25335744 25781647 28504545 28963641 29641373 32266938 32529831 33014475 34033504 36601355 36713201 38151395 41305840 41929517 42300348 43573375 43613550 47661343 50335002 51294632 53091022 54200212 55533136 56377143 58845411 59539942 63337613 65098687 65858107 66925975 70190484 70706453 72605385 81020598 81655538 85251925 88677841 89202951 89929074 90058548 91117627 91462853 91791843 94229358 94574028 94717868 94878320 96933119 102324811 102399171 105343122 106554309 106963800 108083117 119297816 120285512 120309742 125090401 128996296 134156687 136772862 138077315 140979761 142169165 145662065 151472342 153119220 164338516 165404712 165420335 167637074 180151159 181217649 181301357 183859873 184275950 185152562 188841373 191663507 197948154 201656128 202192724 210909560 214274567 214348336 217574343 219353003 222496666 223380929 229579510 230718701 232438363 234104154 238760716 240854929 242093844 242131117 242551935 246576590 252782082 253835890 254812166 256148516 256331922 258731466 258852781 259288021 259505321 259653783 260108644 260518040 261598031 262086880 263448462 265749910 267059970 271160885 271625895 273004438 273206322 
52910865 69443278 
40250971 202257778 207793457 
70622187 129176641 
147026192 208398817 
1630261 51684877 56981225 64166227 64365916 67798741 94541648 141524887 171908911 181421726 
7795982 18530171 19195914 20414217 21179890 23077155 27055316 28169177 28431983 29097048 32574964 41450556 41641562 45914093 49167436 54642207 55391997 68551767 71801107 78066531 108705649 111435350 134141151 152692522 190722777 198599261 223524009 
196743148 234110244 
15767281 31288054 68446061 
1630261 48470743 50686904 53418720 55648693 57187028 59608784 62584936 62996416 72928626 83434276 85917069 96980395 108357234 109059176 119230913 124002957 134908261 137531481 147335676 157524175 168296616 168888540 171191429 189561195 198649890 203256940 223961051 232987424 237876854 238341121 
1630261 39031895 42868982 45848865 51144694 71847229 74285761 82655261 85267320 85543520 97598142 98968120 99031903 99324565 109150601 110921163 122115977 126979577 127846497 129319803 129347403 135102077 139788444 147595464 159049573 163954957 166961004 167084030 172769873 190229547 190969275 205936089 208582686 209558599 228085717 232573485 237753551 254639896 
16506186 17011345 27043989 33452988 95142106 108538150 111992715 126351209 171023147 182040558 194066377 246600472 248960481 248988432 
14304203 14578544 16932185 19409508 19654787 22204032 22372197 28268371 30033646 37818134 78924375 90203791 100817771 201242210 268125399 
44123567 97074438 184756173 
91273362 150830257 152935567 179964691 184876062 184886029 190359605 200673064 203290250 204578326 230509267 
809092 10654322 10774532 10781952 14562685 14862723 15041902 15299357 16527332 17926317 18920390 19044237 41626400 98362525 110897594 
6120472 14079425 15819292 18254895 19650336 40448583 61421779 61476055 124248528 168517618 181217649 182562771 193362884 216952758 240551046 244931754 244934195 244937270 249956612 249964144 250477894 250532240 250968367 270018625 270029137 
2258301 3171031 4053841 5793772 5874452 6723912 6904482 7712452 9011012 10355872 11412542 12219832 12587982 12594922 12781762 14128069 14142231 14380889 14399357 14431213 14614615 14624025 14653506 14803061 14812510 14890935 14936846 14957541 15013580 15082995 15210530 15231287 15302120 15382147 15553406 15580925 15583287 15648561 15648584 15655296 15661468 15675070 15681663 15905565 15908105 15935243 16249213 16334085 16527273 16561292 16588005 17065634 17315836 17625824 17627945 17871826 18040428 18098655 18127893 18565158 18822387 18994034 19131613 19248489 19264674 19291219 19365378 19408219 19873296 20596316 21429357 21509975 22790425 22876951 22933904 22980460 23500913 25079420 26744291 26765831 27302814 29646744 30386355 30667186 30874865 33606835 34938387 36913318 37546498 39284620 45368137 47444849 48722198 50456532 52563809 56521633 58842703 61014259 63875612 64325295 66997403 75067140 79447979 84172384 84652502 84737899 89519051 92318904 96145394 97289556 100507331 101563645 111789350 119468133 121209486 130589438 131625652 135601675 156010360 190754647 195007168 198466520 224428671 238914931 245314387 252760820 
815476 1774081 8614412 9666782 10356542 10819662 12383122 14070222 14118937 14134608 14140147 14170736 14304739 14388669 14448046 14639235 14685183 14738804 14763566 14789042 14801380 14803154 14870804 14890621 15109389 15380951 15825852 15946540 16248585 16459994 16905666 17130461 17353481 17873348 18478410 18914307 19023804 21213658 22526513 22681922 22818133 22907920 24551605 28009658 28128602 29822494 31157419 35563232 37679854 39657206 43249641 53175809 54546622 58866657 62614001 64234931 77026018 79740296 83625882 84438310 89595535 91836238 97252700 109440429 130575807 153875670 199503098 203336407 225095543 240365217 
812825 821110 7090482 8071902 9804482 13286312 14342975 14911286 15024783 15113529 15483517 15689313 15706633 15724452 15928027 16297675 16302855 16313592 17451031 18086674 18196178 18732075 18812573 19560605 20564713 23387320 24803181 24930382 27044209 28441423 28676469 29624532 32422915 35281506 36357300 40944884 43562100 47684949 57689706 64544676 65098687 67673600 72615435 88822659 139808538 139953824 145420038 175876900 221846963 222568217 242864968 245634968 263312330 268125399 
23171383 29862576 44206517 58386031 61849834 125290228 140176807 143502547 164033581 170061178 226777208 235629835 245167786 267791703 
14300954 15734531 16308041 18331770 19183264 20376532 33637010 33832697 39749553 40004981 43573375 44446489 50227060 58454165 61818955 63463335 76745868 102363028 106375859 134807812 162665603 168071804 180703009 217064519 220502693 237358682 240586538 257467966 
1774081 14398964 14870804 15165587 15175391 15367279 16928122 17062597 17837216 18603672 18638821 20212448 21213658 21832608 23974021 27018757 28462804 30469863 34507129 71410962 75800420 77042833 114579424 170351580 203149052 257556561 
785595 7288532 10438862 14343150 14685174 14889185 18506975 18629665 20990463 21275420 22414207 23135992 23418405 23992376 24334049 24533117 26870624 28166828 28859686 30462898 30464510 34686024 36254904 37222006 41597013 45187586 46114472 53040017 53846756 56081642 56443851 58149795 62698050 63039818 68939290 68991418 70416891 73829527 79043962 80741351 81548178 83491082 84358598 85263926 85346124 90837985 92145218 94776307 95037522 95333167 95382723 101014503 101690924 103510832 104400450 104727907 106319129 107747077 109504968 109596525 109881181 109995803 110609337 111410375 111809956 116073715 116526623 117836707 118028227 118713710 119348430 120694668 120707178 120926981 121117011 124306740 128151956 128240571 128811995 129498307 132109821 133279867 136461307 139469291 139628316 141167217 143613967 151959726 154363906 156636089 159265325 161480745 162965189 163745140 164199982 165583353 169795819 175413619 176687793 179514953 181120728 181834984 182028677 183926085 188474582 190359605 190915626 192124196 195779937 196273078 202090023 208325536 215235391 217923038 219011376 223488253 226925720 233796756 249222971 250070427 253727920 257636956 259171181 261630686 264046779 269111650 272566820 
1630261 21179070 24442567 28447455 35551741 36813285 42284908 47216578 47599165 54475659 62625917 68209920 72661977 77292945 81052999 82821085 84269742 86989704 88140118 102107813 104223101 105109640 117255869 123971807 128693679 134352532 134487373 135298815 135687184 137443330 144422669 145408456 147314264 148478556 150845268 151714614 156121581 162735344 164391207 165494539 168837176 170606832 171997599 173534506 175533140 180607403 182357928 185657737 186024338 186901595 187594363 187731482 188419032 188840004 190395758 193088908 196853166 197882703 198560132 199009858 201763743 204838222 208677720 216529788 217576078 223691577 226769636 229674969 230859303 231085129 233948859 234001935 234840602 235633896 235729192 235759321 236368003 237212345 238356204 238602830 240468977 240606964 241472180 242884484 243660328 245453198 245793450 248493560 250731274 254493514 256324516 259011240 259394715 259493072 259638685 260985403 
651543 2148071 2663161 6486742 8476602 14192412 15002220 15862839 15947897 16191175 16248619 17168493 17578918 17844404 18204677 19411110 19751635 41250334 48392114 58563977 70751508 80979157 108811740 118769820 123963067 128361193 153997237 
17237906 18911295 20340239 21783716 28424289 38600665 42140354 42202168 47828718 62619975 66531467 71632263 83006046 87590534 103655819 109302745 114762261 116886298 118352178 128809182 129730276 131370098 139965205 146452672 146943510 154105545 199654751 203890384 209482512 224428744 232420456 234099467 242354131 245439953 247779244 249485868 256060579 260620672 262035041 262261836 262966574 267882860 270781759 
14169364 22119456 107232730 123318445 124866595 130158543 146655020 147977705 150956563 166235979 166394396 168426262 205007756 219979539 
2900 12611642 13228592 14462781 15643370 15842919 17092592 18417216 18540889 21224776 21554226 24481863 34118997 34244280 35671638 47103930 64624131 77577477 83719783 97551846 128968339 140663609 180463340 188474582 191241796 224809136 227159879 
14270329 14740408 15529625 15978380 16700601 18485748 23064510 23958589 28018958 28377973 36997036 40506540 41159844 44899126 65293006 69971262 75630518 79039503 88498786 119139599 140060120 192477353 193689467 236711870 237962820 242852382 253473812 258731466 
14550012 14628090 15172283 15215190 15725650 16419927 16951971 17259981 18017238 18173465 18391507 18611056 18685602 19015082 19114943 20307019 21345004 22924849 22992850 23095083 23618183 24184567 26104299 29813042 30466915 40268283 43226515 45034162 47634020 55532384 55913654 66799471 73347023 84097256 99225888 109813572 111556341 111729901 123379214 126928559 141571223 148696421 155396230 177276579 182798348 210852155 214659775 243767573 262770233 
16953 631803 819546 5660312 6695732 8933942 11726442 12601142 13102262 13267172 14433757 14690254 14727207 15123673 15406144 16827720 16882886 17134865 17579321 17940962 17952277 19192221 20696032 21407983 21764657 22110931 22660345 24756213 26548347 27969192 39428095 76784104 77292631 81367143 89554626 97468141 103585065 106546060 115944587 204824975 224255455 
1630261 15929686 28623830 35267268 60335753 65604392 70937408 73359595 89492277 94945000 110750328 119526244 121834189 127188125 129915741 131713492 135399738 138498796 161700842 164550070 170777800 179999308 191478815 201290345 208766236 229587355 230974069 259389589 
926121 2606911 2941831 3954581 6014732 6114252 6136332 7604502 7721172 7898472 9468812 9604192 10284472 11443292 12372812 12759102 13678292 14052313 14079590 14099435 14109075 14110885 14155241 14237354 14331959 14332565 14345113 14445542 14471169 14573861 14944471 15010721 15075182 15219854 15292471 15365998 15378805 15476915 15487288 15505550 15511139 15754851 15768928 15853065 15905527 15943715 16023926 16201506 16296026 16338169 16473793 16533013 16809329 17058577 17402349 17850637 17911617 17935861 18000311 18162777 18201948 18204677 18313617 18485558 18547882 18588568 18731203 19521680 19673977 19751635 19790018 19993686 20592179 20593866 20609319 20778703 21159398 21701128 21770568 22076359 22760649 25303296 28371616 28506177 28674090 33556583 40362652 44139958 46473076 46574042 49774815 58988537 60698670 70751508 70754730 74021308 75719992 87715947 94175843 103157143 106283898 107112554 115242946 121797013 132581307 135579990 137423367 168537728 176651561 240798167 252606479 263234033 
8085432 8184892 12337592 12485522 14571531 14717311 15577052 15936780 16016852 16217727 16337126 16560157 17399774 17695465 18706924 19396560 19552126 19990190 20405853 20441166 22547150 25059097 26681722 31220561 34128302 35846393 38394199 38793729 78315807 101345179 136952493 138267795 139974111 187015252 224741780 
4937061 10748252 14128901 14165957 14464331 14563894 14614615 15123270 16888904 17194090 17542265 18292479 20447545 28017930 28230825 29040062 29046105 30178173 38372614 44224901 49992096 51028602 65508813 68592846 75300453 94397566 98078133 114235871 121558178 144692356 150435789 200226529 224074946 
759186 832831 4312721 5885772 6452782 6566712 11028352 11035782 11145002 12587982 13438712 14222176 14261302 14399289 14533716 14562685 14596506 14624115 14945059 15103213 15281078 15382111 15426896 15445270 15503968 16357285 16680941 17512738 18176747 18685602 19255759 19658782 20307019 21626871 22924849 23221629 24125006 25003235 26089676 34394575 39341556 63875612 69687111 108274516 109648337 143414740 157455254 163712424 192171500 
74543 82363 774909 782010 926121 1528701 5547552 6904482 7155782 7526892 7770342 8457092 10400902 11069462 11148742 11504382 11993412 12095912 13775632 14165957 14198011 14369409 14401102 14445542 14503316 14533116 14553055 15199325 15206692 15250836 15753937 16010789 16023926 16148602 16158012 16463326 16739711 17279500 17669882 17737138 17789291 18279169 18358227 18635626 18731529 18814878 18889063 18948706 19996935 21047224 21909890 22053039 23204397 29005683 47518210 51196532 53280402 60696138 61127420 61772051 64444175 78792100 78905607 86167256 108803911 151158927 166707502 210118012 262226916 
774909 1917731 3750071 4388251 6092972 7526892 7713202 8474322 12340562 14226882 14270329 14676022 15250836 15292471 15808765 15898695 16023926 16148602 16363738 17971455 18244087 18368098 19719380 21316936 22938618 28339843 171569791 179549579 233707083 
450953 1012071 2226621 5606492 6567132 7018942 7145552 8159652 8435452 9158962 10748252 11010622 11698252 11784882 12683642 14144238 14235323 14350762 14465902 14693622 14745283 14774443 15126891 15249228 15515538 15578710 15749177 15821556 15943690 16226069 16657530 17050705 17165458 17284883 17449898 17641725 18120676 18252347 18622210 18783265 19065686 19455487 21755807 24707040 27292941 29392243 29822494 30018368 36371780 37222477 39944598 41364338 48604785 48816106 48900286 50737978 59833587 60100870 62310536 69493393 74946653 84562932 86080280 123892070 131177653 161415195 170225857 184841559 199848513 202595945 252040223 266202805 
788863 819522 6426552 6719712 6962852 7263402 8340752 8384912 9938952 9961332 10773882 14320024 14547107 15123270 15443141 16156062 17477864 19703385 20611194 29802611 49011247 56377143 80794949 135109492 
10221752 14275501 16948493 17763164 17864262 18398385 18543454 21230617 22792103 24414900 24654508 24733117 27056757 30340990 36204399 37241140 38124429 39218350 39753319 47628348 51997163 59698845 60849055 65598884 66395780 67510424 72811901 94841257 95277355 101014503 103725748 104584453 112749574 113787997 113831847 135033964 138322735 139331113 142705588 155722772 172143827 173610845 176868644 184221744 184274305 184630300 187951011 191875463 191964962 198399355 212006174 212311866 217793491 218219246 220419374 225564695 235737404 237193691 239923310 241580495 243913373 244050895 246029073 254853167 258096381 259615130 260136602 261073782 267926000 268063294 269105245 270455224 
11332 6753242 12693572 13225072 14144790 14248612 14339520 14469179 14517899 14664756 14911255 14940826 15025059 15046916 15239123 15293352 15393033 15445154 15522756 15524002 15534716 15585410 15707047 15729205 15811608 15843240 15852054 16153984 16177296 16208408 16570335 16586626 17206658 17224164 17393790 17495000 17576667 17644563 17764146 17945015 17948379 18131988 18493879 18500081 18766019 18997377 19160080 19450841 19494371 19790013 19826674 20267632 20476654 21275406 21881105 22018221 22077506 22228327 23145109 23309869 23998156 24797350 24816382 24897332 25092348 25367291 26589876 26900011 27894046 27962194 28599031 31667926 33362218 33492243 33877371 33885025 34302264 34700428 35548601 36568789 36601355 38447355 39645433 40721661 41856927 43050396 43163302 43635444 44015183 44202114 44961029 45756215 46159898 46589508 61666438 62509229 62606223 63230620 65193458 72426413 73429252 82376322 82444043 86160868 92356909 94919897 105394663 106185357 107572393 111047938 111662569 113747572 114467024 115596327 124257319 124742769 126754289 132250957 132526387 133941575 142447390 142761850 143638559 144325640 145315512 160897794 162052960 163383284 167570736 171305484 179422421 185497324 195742848 197156324 223704520 227750413 229291215 240469100 241210475 245543122 
15842919 17435271 18343178 19747277 19884721 20105071 20932375 21344725 30734462 46205067 53500999 62926597 89552709 95448172 95458918 101207588 115036116 150828573 170394787 177507202 232191946 236195413 
1630261 40907388 72311889 92169251 96655484 98928522 112516636 116491722 123324025 163009920 163067164 172771660 184544253 186783403 186791742 199486235 208064567 229944730 230182617 243662422 
9410912 13228592 16270390 16526591 17608059 17897020 18824239 18939822 19640035 19687218 19935490 20960765 21335770 28301633 28738346 31334049 36719360 44458662 44693348 47785927 57795179 66759379 92678445 119446586 121237632 126688022 134761691 147977705 159001530 159791993 165914228 183182089 204090866 220885006 224770553 239271745 248037849 
205803 810579 920991 3028161 3277401 3286621 4922001 8518862 10000642 11202562 11304762 11424902 11632342 13000872 14280977 14578544 14860922 16226484 17549229 18269262 18292479 18402888 19338042 19602429 22457041 22483974 23618183 23664655 26835100 31214311 36697219 37680820 39815230 62545966 93730653 100504915 
19632835 21259003 23420024 25154863 31070910 32300434 33158772 57231428 72005983 88388566 95522978 106175819 118352178 137066744 158136469 162364970 205066491 229255063 231991793 
1917731 9188592 9376622 10168082 14544571 15450996 15700362 16181186 16362662 16703058 17461226 17522884 18391075 18791763 19153333 19590747 19754122 20444463 22040403 22935909 23188976 24661757 24975816 26539097 27553223 27789999 31175661 34434801 35195343 35602818 36563254 40506540 44769565 44845302 45190383 55991727 63009240 63796576 63834256 64576818 68807455 70477603 72475621 78470249 91191989 94607882 109777164 110918004 115753716 119160384 128882329 129360573 130893745 131109320 148891227 161487173 162959093 169245808 181800245 219819147 227192133 233306179 234696158 
10334122 15044300 16533239 18706144 26283471 26486510 33247276 58244502 59616920 62187962 68036460 70872642 72218449 74153376 80481912 83277670 84217059 86770799 87331481 90404746 91106767 104332218 106554309 106831967 106874944 108622476 121271356 125409467 128507642 161783675 191503263 208703350 217318313 218567695 
13410 1132281 3297651 6183312 9081922 9654112 11316212 14342547 14459669 14524060 14599422 14910806 15110531 15302201 15381346 15605402 15839517 16345566 16418505 16445899 16750984 16827720 17214701 17466146 17569124 17577078 17713959 17779287 18203404 18604510 18630708 19471181 19505248 19920360 20813611 21318183 21367818 21566395 21625207 21695613 21812410 22490140 23126646 23594701 23789698 24908830 24990215 25478329 26474694 26590781 26943860 27067218 27845072 27890540 28130246 29529143 30268257 32503018 34244176 35301479 35577793 35798802 36380897 38194761 38329264 38338308 39001459 39616153 41721520 41905057 44203387 45334322 46360075 46529685 47300233 47444914 47507850 48181005 49115842 49620984 50024842 51096590 56712219 57689706 59191437 60321100 67603734 68879809 72627052 74613440 74887389 82328753 86711072 86843948 88435810 89856317 91894424 94561549 112869554 113420566 114519095 118132028 119127201 120900736 122477485 123322544 126912691 131003396 131070862 131625652 131979670 133492415 140935817 141357881 153483319 155394436 157498350 165418860 167686055 169970345 176994614 177234194 184517281 186957019 194109571 194152765 195900371 196102552 199382257 201515262 201835381 203137786 203560551 207669798 209789811 210785308 210831524 211556899 221526399 237220110 239221322 242821748 243825310 246191415 253953257 255682362 265427614 
13050 811182 898171 1069351 1485021 2059841 2960101 3714411 5525212 5660312 6509242 6572042 6695732 8092472 9200242 9405862 10785032 11035782 11058922 11073902 11541372 11567972 11577962 11991832 12047202 12517792 12536272 13012632 13356392 13546712 13601052 13683762 13884782 14027532 14097725 14285046 14290415 14315246 14345609 14364397 14384696 14430556 14519349 14533716 14618493 14749220 14801984 14855279 14869791 15052090 15257682 15315857 15364959 15410368 15488145 15521495 15632835 15768141 15863689 15987060 16089513 16106525 16226484 16425453 16506571 16668970 16807860 16878903 17046369 17068225 17125155 17214633 17310398 17366090 17429334 17429788 17463660 17641457 17925141 17972230 17993310 18137387 18174998 18188365 18312678 18402888 18442894 18455643 18499012 18710031 18754728 19356110 19564474 19599271 19685572 20096335 20628420 20764205 21132950 21225270 21781176 21816096 21908076 22164330 22203887 22289075 22992918 23014496 23197604 23547843 23992198 25054164 25911549 27413705 27426996 28115822 28658384 30025767 30146922 31503269 32428493 33617885 34737705 34983319 35476723 36217004 36480743 42659612 45879513 46476708 46668984 50718249 57102394 63728431 68452697 69648081 70474548 72725104 78634066 79287934 83602448 86272337 91827895 96585127 105203822 108136710 109595020 117477071 119777563 125745997 130974356 132977590 139458881 140591488 141527434 156985004 171995715 187594795 195440552 198911524 221485597 221749521 222128283 
1692171 6567132 9158962 10776882 14051159 15126891 18885594 19207266 20172321 22155739 25151753 33414867 35783898 38297358 44069257 57133313 124920374 209150087 
7209262 14435478 15868433 16395482 16521150 18106809 18637420 19461688 19468364 20105071 20932375 21303464 21321994 21344725 23075284 23246523 23593412 23834147 28167824 28471924 30854420 33098495 39812315 44817367 50008018 62926597 63280540 69605342 74574719 81725200 84868368 93666150 93827358 94365433 108045600 116065011 117147872 144892029 148040105 150618868 253727842 
11279172 15895108 15907716 17024671 17323733 23498775 25266932 32613223 61462007 100817771 101253269 103969563 109460638 111047202 148081424 163845303 
11983 2099891 6245232 7210762 7434272 7511702 8531352 9584882 9588882 9686792 14128528 14128901 14321959 14576426 14888362 15320887 15414807 16212167 16694698 16745770 17021619 17179368 17325009 18507464 18885594 22960333 23486491 57026817 233965578 
16425627 17357018 18626582 18872519 18878427 19927845 21784570 21953832 22581361 23389965 23451393 23555722 24574222 24733117 25242416 26312359 26457416 27071190 27827695 28402860 29459695 32266938 34075958 35748845 37241140 39986906 45051894 54877998 63260438 91448645 98505044 104563357 125277965 145341208 147787042 160097143 160658239 163250088 181233139 184900712 186633188 188202145 193779018 200713835 205346326 209482512 212006174 258843668 
7746052 9734372 11299932 14136972 14188969 14433007 14568079 14617878 14664756 14864169 15113155 15308303 15400979 15462767 15566022 15662467 15678167 15907716 16027532 16261638 16278934 16303557 16358939 16561212 16663709 17130180 18345963 18460854 18560205 18737023 18822866 19774073 23797396 24436600 28006501 37549379 41437506 52927776 54113444 56458700 59518891 70461418 72353797 75192691 75356470 77151544 90776145 103864359 107572393 109886771 110746020 112009840 124908488 151546361 172204281 182066809 
5820022 9886592 9994802 10252992 10284192 11896242 12392822 12566322 13047322 13191382 14274606 14320910 14746460 14870804 15001234 15343285 15353236 15362948 15371730 15412070 15660796 15749997 15781117 16032700 16105152 16130242 16156302 16201819 16320817 16520112 16536804 16592690 16787126 16897237 16956103 16956236 17083396 17116782 17202143 17300593 17343595 17351052 17400430 17424617 17505487 17593208 17771429 17878154 17927796 17971670 17997511 18039861 18087450 18175164 18214840 18216761 18247087 18275871 18280155 18322904 18406622 18485106 18744397 18786047 18790031 18795950 18857778 18949053 19023804 19047089 19466732 19532857 19690008 19771162 19774034 19789205 19841754 19886347 19988765 20201647 20338713 20397358 20758436 20813783 21004344 21584163 21863612 22084719 22413145 23032476 23155646 23620612 23843205 24184567 24798988 25202714 25567123 25736364 25931068 25948167 28562298 28622733 29005683 29343437 29436139 29965112 30268257 30376196 30857134 32998543 33648595 34057913 34262175 34417776 34425171 35068546 35523686 36098673 36730935 38359820 38668559 38670814 39470262 39528744 39700831 39932500 40268283 42909484 43226515 43249641 45004183 46340763 47470276 48284445 51034077 53188888 59095319 59913286 64047804 64927053 70632952 71015802 74026628 74625574 77402928 87719258 90313639 93100491 95499927 100004821 100188468 101863069 104211750 104493815 105305259 112266869 117477071 120965844 121644896 121738047 121910714 125090924 131177653 131246223 131357770 131646552 131881168 135011198 135414895 136802522 145350228 155396230 159245037 159329042 165590939 176929534 180077597 184517281 193674723 201531255 206358757 209471041 212203440 215989468 216013791 216905062 233221276 239576675 242179067 259288480 270698836 
6118242 6188152 8417802 9048222 9491292 11892722 12322812 13272592 13599852 13785352 14100617 14105540 14178312 14179549 14212359 14218186 14227897 14253707 14289835 14291015 14294650 14298819 14299583 14345566 14378281 14389615 14532188 14543117 14554078 14572033 14572196 14634197 14634791 14705619 14706004 14773346 14941009 15023383 15062527 15075459 15121781 15233366 15400332 15442150 15487499 15495117 16033434 16124611 16332052 16356833 16387116 16492009 16513795 16716129 16877448 16886645 16887348 16936459 16941718 16951443 17240550 17246888 17280132 17365324 17475281 17503856 17519222 17824560 17909421 18121680 18155171 18168267 18231339 18280708 18356346 18557253 18592579 18774686 18776351 18873213 18967578 18997715 19085742 19111507 19641024 20250302 20271080 20332142 20351695 20481131 20770172 21486753 21622756 21799282 22201568 22736954 23714675 23866339 23998156 24561424 25197341 25780932 25887809 26418098 26419638 27865199 29509119 31520228 32516316 32964444 36702921 39323281 39485994 40099249 41123794 46164502 46707560 46787681 47721240 49849110 50077710 57135779 62950338 65363711 66871294 67898690 68982398 69025404 77392251 81505840 82112778 82411192 84124761 84497664 87106149 88214227 92437178 93800894 95998018 97361708 100818788 101253269 101631951 103576036 103976896 108417469 109604578 109841442 110281707 110320464 110532690 111482299 114049072 114628210 115247248 119517827 120958573 132946771 132975929 137178307 142415173 160994217 162140481 173899102 174649888 182466412 189092067 194783022 201242210 208303207 211011485 232568677 235347368 239191123 240920084 249361812 250248024 254092296 255257849 269889901 
27953 683523 775861 814293 5693322 5778852 5798602 6389222 6630962 6655632 6811802 7491582 7595842 7773162 7830812 7853592 8147062 8393112 8539242 9615962 9850782 11235032 11606702 11674822 13107602 13220972 13225072 13267622 14054450 14061723 14083767 14179549 14212028 14227897 14242280 14245501 14277846 14327792 14376840 14443616 14452057 14575798 14605495 14659923 14664756 14679080 14753540 14775487 14796279 14846859 14883514 14923682 14937173 14998779 15120037 15230754 15293352 15391752 15400246 15495117 15615591 15686613 15811608 16013349 16261638 16304010 16353944 16471088 16570335 16703461 16716129 16912241 17022831 17206658 17240550 17332386 17519222 17740210 18131988 18327007 18460854 18493879 18997715 19090407 19111507 19276287 19475375 20351695 20660925 22018221 22866896 23437737 23655155 25318477 27944666 28106848 28564127 28873178 31620237 34074792 35636804 36368888 36407795 36522491 37240699 37977930 42934314 43111514 43635444 43765408 52090770 53941287 54370980 63283271 66818412 72426413 78789634 90776145 91458608 93953977 94919897 101253269 101477465 102780726 104901157 107572393 114628210 125382460 125867143 168730556 179154258 216782324 244673838 246024271 254629570 
4278151 11922842 14255263 14493526 14848179 15632345 15850769 16382820 16564842 16857066 17522884 17781217 18143526 19203457 30175166 31281673 38003948 38670814 39241726 58617198 64844059 89468228 109899569 114916798 127659721 174291299 192007163 221509706 
8447862 8496612 12597012 13315172 14233546 14464919 14562275 15599014 15683948 16381764 17635363 18083141 18089695 18353112 18689581 18822990 19721592 19824145 20209025 21729540 23324325 23421006 23628049 26419482 26668603 26713682 28901886 29985526 32377446 32712520 33452655 34118997 34674286 43500507 44733866 46037408 47110722 50300582 51758990 52866517 53443633 58341833 63285684 64844059 66158240 67436412 70199201 75221587 76866234 77281326 80796687 84623487 85665693 104337086 118102391 123116942 124524462 132013729 138267795 139567380 140028928 141242868 145449666 155192639 159716429 160313219 165144151 171719023 172341029 189686051 191514152 191840628 195165128 195796378 217162001 217527334 222444337 231254156 231472142 232979512 246290364 247136805 254426170 257186370 260505934 260786513 
608473 1307011 3297651 5693062 6303832 11673662 12566322 13062502 14040522 14099516 14154581 14287191 14380462 14382508 14437914 14545046 14549601 14631638 14664210 14721067 14742479 14763855 14935079 15229127 15307617 15481397 15529625 15565703 15602091 15618317 15628274 15726500 15745139 15747743 15878020 15938944 15975681 16337697 16535920 16787126 16825062 17074244 17092592 17387554 17473289 17475108 17486602 17630773 17676599 17721569 17767500 17789501 17848135 17896640 17936052 18073211 18098819 18122984 18182511 18183592 18196308 18242620 18262412 18282606 18418944 18431771 18433188 18449174 18529151 18692021 18773467 18833982 18879847 18913509 18942695 19022242 19083865 19251173 19418492 19432112 19618046 19713521 19824145 19886908 20160897 20192882 20276964 20376532 20567743 20612953 20664195 21023334 21057434 21101803 21278570 21323607 21345203 22108647 22174042 22256515 22753132 22973224 23008116 23154642 23530440 23992868 24164536 24716002 25065717 25276905 25491038 25610972 25740983 26118186 26211291 27143583 27702107 28031609 28140193 28301633 28782189 29708582 29747993 29779074 30145166 30924802 31257590 32059102 33085590 33098495 33637010 34316788 34376087 34534533 35524334 35910513 36585424 36719360 36880462 36912323 37076569 37391190 37749110 38748814 39047949 39511351 39591754 39657792 40822836 41159844 41549425 41660436 42300159 42381705 42468157 43155565 43607866 43637692 43746845 44733866 44853718 45537747 47380390 47791995 47914845 48036380 48181005 48342996 48469625 48497316 48900102 49472317 50025858 50060799 50408030 51131831 52699786 52788040 53000535 53288855 53466911 54649894 54708000 54769822 55885084 55933111 56081354 56116936 56669858 57115373 59043610 59427376 60181596 63292317 65590754 66480892 66763589 67321398 67381805 69072789 69342256 69497763 70062275 71664150 72019681 73037662 73341141 73986605 74037588 74153376 75165241 75289001 75511224 75711686 79368271 80043372 80779692 80857771 81189900 82567107 83379102 84014340 84045446 84697403 85736993 87615535 87870915 88090633 88321965 88471653 88776484 89273858 89280747 89731752 90309379 90793521 90971235 91198297 91396258 91694445 92063493 92364623 92798123 93176964 93740417 94378996 94577861 94579136 94826232 95300430 96316448 98706590 98895591 99325018 100426508 102363028 103651694 106424240 106769185 107186135 107639543 108020454 109671957 110259781 110404277 110986584 112479899 112869554 113662211 114012228 115575220 116108369 119710421 120735491 122153660 122466242 122540204 123334275 124203804 124854403 126598407 126688022 127198803 127810704 129098605 130899627 131643746 132394928 133431287 133559534 133834939 134149133 134853224 136378375 138555043 139362133 139552551 139889120 142513252 144311568 148418872 149747560 149815436 151212561 153042732 153586491 154708805 159929295 161524303 163565993 171084149 173941018 176225740 178053334 184896140 189474615 192626071 194604669 196281219 198338473 198380384 199381244 199746127 204768565 211858345 219720365 226273650 229517477 234869209 237819356 241801946 251487559 257564668 
7314152 7614052 12088232 15842676 16308041 17011345 19631582 19734025 20105071 20372179 21962567 21990854 23664028 27109378 29451005 31619861 46222099 49616509 51678226 54623706 73497064 75347004 79930408 87534528 88265548 89856317 104236319 105523857 113619900 119667870 124670621 129250534 129949964 133923294 141361726 145755847 161691702 170394787 173452455 177719652 200936459 204090866 213069826 216344199 231488894 251425066 251718913 265977653 
456 1585 5149 10178 10588 10675 13210 13298 13348 21693 24113 37573 50613 79543 626233 700593 755452 767715 771698 799630 811051 821978 898171 1054431 1309511 1319141 1724401 1957211 1979591 2108241 3171031 3558851 4959461 5025251 5656332 5727392 5780992 6588122 6900852 7541642 7599982 7674792 8112832 8307012 8435452 8448712 8481222 8602152 8765892 8823362 8867682 9011012 9277962 9286142 9561522 9627192 9643862 9813282 9819862 9853212 10356542 11204762 11412542 11413752 11821622 12104222 12160482 12477052 13205902 13445052 14065548 14111182 14118937 14141301 14153491 14153594 14155372 14157732 14176242 14186545 14258602 14369409 14389648 14471522 14562685 14653506 14689567 14714942 14820724 14874721 14891245 14947289 14993466 15008449 15020853 15159129 15184929 15210530 15368554 15412816 15441074 15551156 15681663 15780402 15780594 15826306 15939352 15972562 16040887 16049723 16133935 16249213 16494284 16506383 16530746 16904101 17071737 17205773 17493528 17737138 17801384 17874910 17994525 18134756 18173027 18455643 18503214 18565158 18619836 18813157 18834180 19583523 19600446 19679188 20303224 20391685 20731401 20873104 23743148 23757784 25661540 26236577 30864653 35796925 44570428 53352349 58818905 59541290 60775372 69577964 81453802 91329057 101563645 188911259 229766654 
749333 1388961 3395021 9013032 9561522 13807132 14782952 14830831 15125371 15184929 15274752 15510638 15555038 16167886 16641454 16970274 17278906 17453969 17753670 18071407 18134756 19689035 20550830 21359690 23485622 31100040 31738235 33801769 34924998 56660747 74411287 84972513 87358503 115377377 138969362 152145953 152560538 154435961 181096818 202844511 260631674 267519951 
20352504 23135992 61496860 72218449 73331245 96089519 97122417 101014503 101711457 102043210 102542634 106727127 109596525 109881181 113198037 116873115 118230146 121437473 127465176 129529866 130128230 146321140 152143338 154906588 156198826 159503258 162060324 164271321 165200431 166815795 167312921 167735296 179514953 195979860 218936223 228331929 249983793 253545416 
509 682213 1203641 1934931 5447732 6325632 6341572 6774272 7042572 8132582 8474322 8615772 9013032 9926562 10333202 10880202 11984762 13448172 13451802 14061771 14185424 14220249 14346361 14352967 14496930 14638851 14704310 14708747 14835646 14888362 14903294 15066876 15211133 15409034 15639478 15925179 16366271 16801452 17276841 17449898 17469567 17794287 18565158 18929690 19038395 21584163 21668588 21814082 22050760 23549240 26043616 26784273 28609576 31303139 32211808 39216517 39716211 45660443 48880548 49011247 53411390 58994449 61291337 61317377 75236148 85906552 87765465 96880903 103331100 138969362 156240003 200137739 
1315431 3433721 5125971 6288762 6535242 6965272 7562622 8402052 9015512 9506452 10224122 10252992 10410632 10928462 11299932 12300692 12386462 12566322 12973362 13190282 13354002 13418512 13475382 14089271 14131683 14160471 14204449 14251373 14326003 14391111 14393904 14427431 14433007 14451294 14494993 14544864 14562275 14621637 14632661 14632998 14641606 14661957 14664756 14763336 14833389 14837928 14910806 14935192 14938248 15010777 15109462 15117599 15130462 15189849 15221975 15247986 15295785 15313725 15323865 15343285 15348564 15506834 15520700 15551263 15551294 15566022 15575441 15671214 15678167 15689313 15747743 15872657 15940736 15959806 16016852 16069024 16135362 16270580 16356317 16358939 16411898 16426698 16546592 16630502 16720708 16818490 16840877 16895549 16897237 16908775 17010854 17074240 17074457 17116782 17155901 17172429 17301914 17343124 17368610 17375079 17380976 17410758 17413777 17524007 17565891 17788582 17845906 17945843 17955879 17971670 18034962 18065823 18083141 18143526 18239795 18301263 18355228 18460854 18560205 18642642 18691494 18737023 18752726 18773467 18988817 19047089 19137574 19246850 19288077 19477654 19611658 19732334 19916228 20071285 20212448 20567743 20954257 20989298 21080122 21200319 21372803 21690938 22023311 22387436 23111457 23406304 23861287 24425906 25127831 25274451 25393674 25737016 26255541 27011541 27702107 28936770 29724162 30272314 30705248 32998543 33063845 33672294 33815302 34637152 35769941 35929320 37549379 39700831 41238441 41253854 42929595 42934309 43155565 43171018 44234494 45051485 45450377 47444914 48663963 48791942 50743805 51222676 51253969 52927776 53444887 55221570 56712219 60449169 63314023 68839777 69001280 69342256 70267806 70335881 72084922 76488224 77151544 78570188 82911157 86239624 87478288 92117844 98025022 100111917 103356166 104337086 106182367 113979106 116571138 117850134 129682105 145530134 174811472 180911104 192895653 196671715 198699773 232682267 
5683952 10044022 14125005 14850221 15274836 15434432 15455358 15605754 15614959 16044729 16127669 16248319 16253235 16980777 17008328 17070787 17362299 17528356 18059231 18587662 18761609 18953266 19291590 19801665 19961801 20477352 22192559 22813537 22840652 23135992 23282565 23343968 23555722 23844792 24006057 24545046 24603879 24686494 25729276 26306729 26847783 27503151 28733900 29206300 29807370 30455734 33778988 34674286 34733255 34826262 35321567 36279515 38087508 38202628 39099106 41253398 41291640 41470157 41871789 41874288 42630325 44564343 44683837 48096690 48504894 50663525 50670648 58904655 58929178 60849055 62554155 62635353 63726362 65152219 65681735 74613440 77949533 78606921 79799271 83938774 84014340 84053324 84236250 89026913 89856317 91462853 93151373 95288092 96477730 96889262 96933119 98128280 98200411 102847829 111165159 112058406 114685387 119178303 123963034 125322205 126492276 127356642 127692921 128023725 128601175 130302239 130682467 131862233 132553078 134743070 137786520 139292079 140869994 142977623 144383619 150255293 151136998 151959726 152908018 154876782 155883945 155962937 156959765 158000381 161487173 161993294 164830389 167959400 168544279 170394787 171519363 172225488 172639027 174095086 174319881 175477079 176140153 176642333 177330882 179131373 181520337 181633686 183499665 183998273 185187643 185477564 189758673 189975197 191358215 192477353 192643153 193834897 195488976 195664345 197178807 203867751 204609287 204632531 205346326 205609713 207553661 208920761 210886997 214406243 215761524 215797959 217181024 220255068 220885253 221265281 224808382 225491442 228561093 228636294 231858934 232083838 232378811 232603412 233241581 234308463 234318173 236242567 238299492 238421074 239221322 239286291 242454810 242589987 243522984 243913373 245188974 251240599 251487559 252855619 253589177 255180880 256134707 256291383 258923616 260108644 260505934 261894735 266151992 266761504 269105245 272418328 275672060 
7350652 16624180 18649219 19035245 20733757 22242179 22925703 23401174 23722620 24733117 26045055 26388416 26874644 27515718 28768235 29355945 30780296 35520594 35536649 37077578 38646243 39176418 42330308 42684074 43364907 45865465 52725693 52757236 55927532 58256315 61109023 63468801 63531207 67771977 69366493 72135569 75243379 76456492 77895702 82977544 86528620 86549560 88388566 89385774 90668001 91683053 112760135 113787997 113831847 115585592 123130128 126395181 130395742 130554757 135715040 138628895 139184917 140255945 142410443 147359145 147359386 147756403 153428380 154368883 154787999 155029302 155690100 156783397 157767014 158228752 158552358 158980067 159563937 160984282 169051492 170192703 175997836 181311417 183626732 184497682 186633188 190359605 191549398 192823256 192968187 196590443 197511305 198399355 200292780 200664598 200713835 204186596 204979872 205066686 205341777 213945499 218764044 219690900 219913962 220190718 220578999 220982094 221697034 223848490 225199394 226532196 226995027 229729919 230314512 230476419 230770866 231039361 231998027 232276959 232571300 232674215 233986555 234895094 235319539 235463218 236226987 236882308 237581493 239188819 239682389 240247368 241580495 243220807 244770433 245094866 246418321 246648550 247414089 249542643 250521819 250582808 251229821 253422875 253437303 253888243 256186650 256249279 256288010 256754305 257854565 258582570 259123873 259305320 260768576 261277321 261765367 262292817 263517122 267517115 268690589 
13298 381203 819284 1129701 1428831 6144162 8159652 8435452 8883702 9405862 10636902 11580962 11633492 11698322 12354252 12601142 13342982 13690622 14085277 14117196 14184628 14219103 14323938 14430556 14604049 14680167 14712904 14742422 14758406 14789122 14799428 14870168 14888632 14889333 14894307 14934718 14993616 15070780 15126891 15184929 15440344 15485085 15634516 15692087 16393123 16680654 16694698 16703742 16954719 17021619 17066838 17074868 17170520 17202143 17257272 17300593 17312943 17339297 17372379 17460928 17511523 18038375 18089164 18102284 18134756 18429289 18436433 18507464 18705078 18754728 18836209 18850958 19532315 19794129 19977032 20030225 20083563 20303224 20441166 20545925 20610029 20851240 20858400 20945245 21957689 22050760 22818133 23166140 23343266 24661289 25054164 25059097 25164847 25191558 25330903 25478876 25490697 26174646 26716467 28211629 28562298 28674078 29965112 30178173 31465017 32375384 33098821 34012344 34636987 38109868 39619991 41841330 42197349 42469463 43292618 44651055 49824306 52162223 52814458 54296186 63614805 69033184 69136508 75236148 80589255 89410778 91827895 94428870 94856925 96779857 102617462 107354278 109339635 109370698 118837674 120185625 125418319 125668334 141379955 162886404 173387492 174959828 182029374 186426532 203951741 214788442 216336191 232502918 238819163 
509 682213 2676431 3811511 4700381 5153221 5388852 5447732 6540192 8156622 8690902 9013032 9209942 9485202 10155832 10609292 11829282 12855572 13388922 13579842 14076943 14109004 14135237 14219103 14220249 14293571 14346361 14349449 14349894 14354144 14620544 14835646 14870168 15051601 15106068 15354397 15385968 15393195 15428401 15555038 15681663 15770684 16157980 16235927 16956811 17029807 17063238 17177403 17307627 17381284 17399774 17451411 17469567 17856201 18064263 18089164 18134210 18295455 18566782 18787972 18930170 19018185 21307269 21513512 21653513 23166597 23343266 24906998 26657049 31179355 31213504 35783898 37069994 37764670 39774991 41841330 44069257 49445813 53294779 57888537 57949239 58883706 63054429 69932023 72343437 79873303 83865532 89266401 91921994 92342722 96640040 98793050 99740489 103971994 107633083 120794494 120819229 128126290 133893663 143882311 180770812 214303021 246036260 252105891 258934913 
12522 1252191 1315431 1384531 3041201 3533231 5816442 6944972 7172452 8769212 10785032 11349102 11567972 12536272 13124962 13979662 14027532 14056454 14217862 14228300 14363211 15367795 15410368 15488145 15699754 15768141 15924506 15991918 16012310 16163790 16234345 16237734 16348705 16438898 16506571 16907121 17079099 17224082 17371061 17576806 17641457 17925141 17972230 18402888 18460854 18497497 18557448 18565158 18621945 18754728 19685572 20628420 20660146 20698002 21544692 21703120 23331830 23526929 23584959 25911549 26287569 26334426 26474694 27413705 31269851 31310594 34244176 34323672 34343816 35402203 38388028 40486003 44497235 50387743 50718249 61628815 82109274 83897393 90964504 107462003 110812554 117477071 119546373 119777563 134156687 158788474 170101646 199609635 241164164 261947295 
246103 1936361 7562622 13832532 14435478 14848221 15399951 16275858 16290327 16444912 16496431 16878100 17259640 17301889 17326645 17813433 18124692 18332827 18706924 18795950 18829156 18962975 19552126 19774114 20105071 20477352 20882372 20956390 22380908 23324325 23506185 23939797 25688058 26419482 26739128 26747105 26756907 26773692 27077432 28018958 28076703 28410099 28765331 32147116 32435460 35105327 35846393 36073824 39897996 41958323 42465046 44870998 44986113 45484909 46476526 47497885 48737785 49013625 50489460 51043119 53657495 55979296 57247518 58341833 60654941 62301773 69102823 71423326 71740672 73683746 74003363 75141533 78470249 78543480 80235953 80796687 90325437 92697733 103285229 105214847 107852396 111701523 112938012 114685387 114767953 116994547 120765039 122218767 130682467 134505123 138111295 138860140 141499502 142977623 145449666 146093372 146237367 146965762 155994909 159716429 160313219 162898103 162959901 166248847 170270136 175590052 177507202 178368272 178525052 179054464 180160839 191514152 191609459 200903027 210308682 210666689 212823696 215370565 224074946 232979512 243431726 245167786 250928526 258475508 262312950 
16713 1712831 4954131 5449422 5683952 5764432 6084982 6603672 7044252 7144882 7226972 7823692 7867802 8299792 8447862 8647302 9175912 9306542 10284542 10546442 11732322 11855222 11922842 11965332 12049792 12184042 12304722 12611642 13097772 13306282 13362422 13363182 13654112 13728412 13817822 14053295 14098332 14131420 14177081 14200437 14204449 14216712 14216821 14270329 14313749 14316141 14342547 14372059 14382508 14389062 14389132 14429823 14433007 14436072 14472183 14616050 14625146 14641392 14652452 14720411 14727152 14742479 14777850 14819061 14820299 14840993 14871283 14892523 14949249 14951992 15044502 15062528 15067045 15081182 15113529 15182385 15214601 15228091 15276401 15284607 15322793 15342619 15343458 15349653 15371730 15451434 15466555 15510756 15600217 15678008 15726358 15746084 15762258 15768216 15819292 15831093 15887107 15896304 15896379 15940736 15947185 16148335 16175706 16200143 16217220 16248319 16273144 16294267 16388972 16427045 16438743 16438898 16462209 16465359 16513752 16539573 16540406 16610527 16615594 16630083 16641718 16662478 16684007 16750984 16819278 16824146 16880685 16886925 16915314 17011345 17062111 17066077 17069525 17194090 17204519 17206150 17225325 17228171 17242874 17273391 17326645 17343124 17385961 17393362 17415305 17451602 17486092 17506774 17520649 17543438 17580892 17734669 17746589 17827085 17961246 17995655 18029498 18049840 18066875 18107886 18129159 18179554 18194787 18208795 18211473 18230113 18239795 18276100 18281397 18492564 18497497 18536322 18536826 18559445 18565158 18594996 18619708 18637420 18704291 18728945 18773339 18773467 18787132 18832833 18932935 18944608 18954425 19089993 19187122 19341833 19377400 19410436 19431493 19477159 19490555 19498445 19590747 19624059 19675857 19683498 19734025 19743196 19790783 19899940 20148513 20212448 20318194 20319730 20497524 20649770 20660609 20685484 20918359 20959144 20996839 21018559 21152997 21158774 21182196 21318903 21460496 21507298 21507883 21658412 21703120 21776768 21777919 21812771 21817105 21867719 21975870 22046753 22091828 22141824 22150874 22360594 22513467 22516489 22539801 22577042 22883967 22965779 23026604 23106500 23135992 23148563 23154642 23172966 23219980 23244977 23246523 23274866 23292975 23372889 23409989 23499247 23546638 23556388 23664028 23711425 23721972 23774237 23777198 23920779 23932737 23953237 24095880 24224879 24247270 24481083 24500538 24561449 24603879 24608101 25373949 25393674 25447492 25570524 25694234 26092570 26470645 26681326 27043989 27095215 27503151 27732408 27760633 27787027 28018672 28240302 28377117 28448216 28573074 28578596 29632619 29943167 30308283 30479742 30791761 31059620 31152881 32615340 33014475 33213349 33327241 33369174 33452988 34146256 34572831 34709013 35234203 35280301 36008885 36648662 36986564 37420083 37832300 37920064 38194364 40779851 40957993 41883924 42055361 42601947 42668060 42680682 43740591 44147853 44388527 44672556 44939343 45045450 45085003 46787956 47050697 47938142 49216076 49814392 51319087 51466642 51527704 53056410 53257111 55303089 55391997 55995317 59683851 60695143 62846638 64804024 65260323 65587134 66691421 67010977 67129024 69780518 70745737 71203121 73683746 74153376 74250663 74681972 76416892 77731518 79930408 83370426 84025309 84045446 87795802 91106767 92439035 99320433 101744237 102019594 104357325 107164806 107852396 111053385 114950933 139960419 170394787 
18105493 18534567 19578025 24163850 24733117 25897762 26815053 27753611 28486708 35726826 37246265 38327069 39910912 40187150 40187188 44278796 44636789 45051894 47520916 49464688 51982828 52114630 52582757 53292314 57486140 59197928 59355478 61250869 64217263 68414446 68456925 70617438 73978891 74033128 83220224 83770292 84524757 96109157 97158610 99356759 101612960 102186571 103116624 108140942 108350879 112760135 113422725 115624836 120962212 121296694 122290394 126364732 131512268 133778635 134687004 147461784 148476118 154440966 154635466 156296440 157765776 157858384 162017343 163719471 166698317 167915369 169074286 172886308 175938534 180390958 182517897 183461152 183626732 186633188 188450258 192709407 193364199 200713835 202063776 202867023 202892149 205341777 211977478 213310819 213702367 213937754 213947558 219690900 222189121 223171168 226001181 226011338 227207387 227686496 228397622 229255063 229328959 230299067 230314512 233405624 235905598 238394455 242444620 246418321 249259023 255315692 256754305 259603718 259695549 261708017 266908845 269700319 
10786382 16178737 16956339 17357018 17905825 18234520 18544188 18933832 19124543 19167202 20007264 20027256 20116255 20661527 21881621 22254576 22341769 22540789 22940727 22950203 23031702 23103362 23135992 23257245 23782518 23882123 23961550 23963107 24351659 24411254 24733117 24811584 25253084 25897762 26402434 26874644 27234262 27257879 27512005 27908385 28214315 28226960 29015085 29084075 29355945 29459695 29460521 29518132 29555467 29770468 30194186 30404850 30665326 31330292 32145253 32334346 32530781 32584355 32633716 32770999 32957473 32992448 33080831 33498000 33668466 34030481 36832842 36906540 36944780 36982314 38151136 38260779 38541154 38580030 38610291 38729990 39439728 40185311 40248272 40337245 40340319 40350303 40701143 42670114 42990133 44297180 45013235 45051894 45928398 46019128 46666938 46754894 46860582 46878105 46934475 48059095 48726854 48764460 48867402 51482804 51531341 52405458 52474527 52504599 54709948 55222535 56675544 56706308 56994938 57505932 58268797 58751344 59338505 60304834 62415418 62985966 63192289 63260438 63597788 65367727 65748080 66906291 67574227 67656375 68094095 68442782 69490214 72741498 73710819 74202957 74586267 75612668 76667648 76976987 78403223 79637747 82390302 82977544 83735005 83966731 84061021 84488824 85632018 86780531 89776939 90854372 91273362 91943914 92927188 93328997 94159667 94831581 95985617 96815249 97051433 98479451 98714095 99001341 99772708 101894696 102951314 103088329 104055955 105860187 106414572 106601959 106888707 108448846 108692077 109569992 111795703 111989628 112058406 112075462 113734388 116706360 116756735 117157665 117196502 117792193 117962382 118614880 119113698 120652915 121163932 123431836 124548242 125150547 126346398 127636504 128102692 131066597 135057752 136004374 136653516 137183468 137366470 137455666 137622383 138166083 138847948 140286942 142805881 144712717 145159487 146906710 147043669 150400817 150770608 152352981 154132764 154972484 155899912 157122822 157729385 158104132 158216035 158630760 159144566 159527534 160029634 161813117 162092045 164453074 165090476 165814490 165826885 166839611 168402242 168563935 169103586 169234290 171424066 174350413 175222812 176114435 176764759 177096882 177336546 178897716 179812242 182172282 182982341 183626732 186267547 186633188 188450258 188867349 189265359 191667380 193483917 193585697 194955084 196071730 198048144 198597076 200685361 200713835 202789051 204390536 207730312 208093309 212135317 212311732 212950155 214112621 216172901 218902597 222823225 223219109 226659463 227016826 230314512 230525319 231271588 232230669 236967039 237996239 243494256 246418321 250983856 254221946 255509379 261932674 264320420 
509 989 1688 4030 10178 11848 12220 12984 57203 67813 69583 76133 347133 678033 691353 773624 780991 787611 817970 1042631 1051171 1091241 1129871 1220351 1246421 1308101 1380711 1388961 1441291 1442101 1639601 1717291 2384071 2771891 3265101 3303571 3432881 4583971 4700381 5051171 5108161 5388852 5708292 6021422 6131832 6141832 6245232 6297382 6708952 6814492 6900852 7112242 7181572 7224702 7278032 7434272 7480172 7614632 8106562 8143872 8261762 8293402 8602152 8803972 8935052 9244262 9543992 9590262 10052552 10284332 10730842 10767712 11086372 11435642 12329252 12398022 12566662 12834972 14061771 14076943 14085088 14128528 14206392 14247062 14257199 14274132 14321959 14324944 14330959 14335404 14350762 14354144 14390076 14421572 14564986 14612263 14680596 14706139 14707115 14786110 14786238 14802885 14813149 14852158 14948485 14950583 14959496 14990031 15040446 15050305 15077051 15093212 15135214 15148807 15149632 15173486 15223252 15223619 15237935 15247066 15328388 15379912 15414807 15429250 15441450 15471640 15479484 15514266 15514372 15551156 15583560 15626406 15635812 15831401 15866800 15942716 16080020 16145206 16352993 16457010 16612857 16721263 16745770 16814973 16883326 16911564 16997044 17006370 17175973 17179368 17226610 17372256 17439117 17472945 17549096 17627390 17796440 17988396 18028249 18152057 18161157 18450898 18533988 18655567 18697352 18872123 18906478 19038395 19062153 19207266 19374805 19404944 19519071 19600446 19826509 20017902 20173675 20905953 20928893 21700719 22145414 22290807 22660932 22982474 23284990 23593213 24420867 24794263 24889586 25163231 25175706 27106703 28840450 28991368 31030273 31100040 31359340 34556885 35473835 40532389 40953367 41188469 42315951 43194865 43911998 44046468 44936058 46670048 50749152 56810786 57133313 61510388 61755699 63073975 67924644 78354184 78735819 88061302 89119055 89414621 92876427 95044697 98976495 103527653 104493815 110301570 117218161 119395435 126717954 149075605 159163111 192589318 203508691 208687668 215259883 224138450 243768368 243914859 249260397 257664564 263588145 263852695 
989 1081 1398 1688 2185 3840 4030 11752 12696 13348 13407 31383 57203 66993 76133 113963 678033 683113 684743 688483 703953 780290 782354 788673 804904 815897 818340 824157 824211 833071 923541 1020961 1189601 1293051 1322691 1380711 1386571 1717291 1797291 2148071 3376281 3452941 4554681 5402752 5724622 5832712 6065942 6219652 6302382 6708952 6911662 6944372 7159752 7282132 7315022 7865552 8132322 8348782 8823362 9074582 9324442 9413702 9562272 9804222 10420662 10650562 10952962 11435642 12070672 12294192 12575842 12834972 12852572 12935692 14015762 14065215 14095473 14180249 14263141 14277276 14320024 14327478 14332565 14333690 14388689 14416798 14426771 14523408 14532450 14607461 14643996 14697711 14749243 14773964 14786110 14822021 14828536 14908932 14936846 14943648 15030787 15058363 15063931 15064389 15073882 15076390 15098639 15126651 15138003 15270963 15462987 15469101 15538795 15631770 15865260 15924411 15936194 16120265 16248619 16494284 16592620 16733141 16847211 17212941 17610796 17755042 17976577 18041438 18481782 18514207 18660690 18857922 18927821 19079941 19542974 19575406 19639071 19709448 20025220 20219382 21069098 21273939 21575880 22200186 22301442 22387220 22665665 23006156 23204397 23898238 24133831 24166550 25160944 25513646 31536253 32718488 36071096 37922200 38488854 39341556 41145894 41188469 41296367 42654335 43239422 47712248 47951693 48123021 50363926 50638723 57600394 60642052 64122735 68552069 70190484 75423477 76424904 79666388 90803319 93837236 99536748 101551148 115087202 123963067 128361193 131607538 133480857 141004777 156407255 159163111 171569791 197962366 199400238 203871835 216838986 221650526 229543786 236550275 244404903 255349187 269130040 
755332 7396542 14090931 14150407 14343949 14468043 15624385 15680214 16530557 17008328 17420951 19109017 19597166 20477352 20751505 20813021 20938935 21009554 22042403 23041301 23135992 24636191 24703871 24733117 24791281 25100373 25762392 27325141 28391808 33241171 33327675 33778988 35176496 35748845 36643209 38925280 38976017 43600056 44150150 44770529 45547073 45672770 46138858 47577195 47736537 50002300 50225755 50832715 51908250 52553796 52575960 55274676 57131205 60650519 61481916 61543234 61751708 62554155 62816181 62972069 68036460 68241308 69377877 76476217 76887105 78275869 85008170 85032253 86831936 87212008 87820847 91071674 92102625 92285511 95137513 95740429 96387764 98505044 98673557 101142166 101171750 102308453 103106691 104434793 105623556 105860187 106645659 111435350 111969688 112558885 116587005 117943004 119480392 121239864 121437473 123634244 124073829 125409467 130899627 131003396 131021790 134149133 145196076 146416257 146512958 148273080 153559103 154959835 158875382 162557157 163250088 163424898 166584190 173871192 174291299 175344254 177959094 178053334 180084261 180275858 180605438 181783656 181800245 183271121 184292192 186118905 188185864 188683808 190229279 193035945 193703862 196161118 196885303 199624094 200139454 200230533 201947373 202075612 202376476 204979872 205094271 205544568 207977066 208161241 208830775 211633957 212248847 213487656 215683551 216902526 217000649 217798695 219785653 220594903 220982094 221452291 221919129 223443158 224883589 226207535 226822549 227986140 230589809 231496926 231535622 232445524 233597060 234281590 234869209 235380880 235439150 236195413 236242567 237114951 237819356 239020684 239186520 240062530 240552704 240586538 242477546 242860285 243848799 244791392 245816373 246124029 247057776 249096055 249818868 255167616 255234205 257116158 257994974 258039690 258939764 261344536 262379715 264014418 266073365 266568519 272754640 274197373 
16068825 16506186 17420951 18414159 18483871 20195689 20352504 20897273 21113258 21930609 22116240 22589921 23135992 23335196 24636191 24703871 24733117 27386308 29090205 29163409 29355945 29459695 31403276 31830665 32451329 33218276 34010454 35748845 36643209 37190491 39584114 41965009 42740377 43600056 46054692 48320268 50985635 52254968 52780400 53324525 56836415 58881671 60936367 62382288 62509989 62554155 63290903 65507075 65539550 68554574 69187979 70236664 70478756 70833097 72036947 72826714 73703096 75630518 75816353 76498257 79754695 83454492 86495946 87321877 87712519 87719730 87820847 88198639 88829709 89036498 89121882 92102625 92285511 96790154 98390827 98505044 100281735 100554896 101106972 101221067 103106691 105268204 105623556 107621747 108679657 110470795 111992715 112558885 113097921 116999724 117943004 118028227 119196878 122056847 123055515 124942059 126153057 126351209 126387549 134009694 134841238 136242193 141167217 141243524 142303850 144921225 148055679 155311735 157314364 159658784 160718204 167700350 168710679 169443688 169655919 172223222 172397445 177931290 181929711 182040558 183626732 184518363 185221735 186633188 190229279 190546924 192236628 192972145 194066377 198056848 198590293 199234560 200123241 200139454 200713835 202849351 206216645 206613587 207379807 210268467 213961838 216605516 218193050 218375995 219011376 219089755 219913962 220756966 221489828 222485748 223679418 224830108 226207535 230314512 231496926 231535622 232834568 233257736 233409410 239190317 240878542 241310760 241382533 243164287 246418321 249096055 252759457 252769982 253414535 253784340 255708730 264046056 265960486 266296850 267579171 271781804 
2900 3840 11426 11489 12522 12716 12916 13348 15683 50193 56653 62783 74673 79543 636843 683113 755452 759186 759228 772681 781493 795448 812825 814293 818176 818340 822647 824157 854291 1040391 1048931 1048951 1249431 1253451 1356261 1363481 1394361 2150541 2564981 2737751 2825191 3460751 3533231 3597921 3855911 4303181 4958911 4959461 5024061 5238371 5385262 5402752 5408012 5531562 5957552 6018562 6219652 6419872 6962852 7006712 7144182 7277852 7508092 7526892 7674792 7885972 7929742 8039442 8132322 8466962 8925602 9355162 9468972 9574902 9676152 9831802 9853212 9896872 10268302 10876852 10921672 11403042 11435642 11470032 11884342 12702572 12795662 12886112 13140132 13767702 14063033 14079017 14083627 14110654 14136479 14182254 14213692 14222176 14228300 14264410 14304302 14387542 14500374 14528817 14529013 14562685 14578544 14582352 14985117 15033971 15131310 15288377 15354042 15497928 15699754 15937921 15947897 16222945 16237734 16381178 16407837 16818880 16874616 16888514 17037986 17372386 18072408 18300176 18370656 18565158 20025220 20466813 21266715 23130098 25752513 26618577 26850477 29135440 30010982 32629751 34356968 34904126 38164856 46958309 50686513 53280402 53311224 59580078 102524769 117016997 123963067 126362262 129878110 171669403 
5608 9135 10305 10396 12522 12984 13410 34173 76373 616173 625323 754556 755452 777560 780006 781895 790000 792907 803847 809183 815233 816154 816812 829771 926121 1252191 1283361 1315431 1330151 1355401 1384531 1530371 1953911 2241221 2507851 3041201 3533231 5166511 5179031 5259391 5525212 5661792 5738952 5916122 6258192 6269602 6271842 6609072 6904582 6976562 8294022 8596022 8654602 8769212 8906982 9139352 9147742 9248102 9355162 9366702 9409732 9527242 9543092 9639352 9759932 9853212 9952152 10154052 10771662 10864492 11063312 11148342 11413172 11774642 12049792 12536272 12727902 13693042 13900042 14056454 14079356 14084098 14115587 14118793 14133436 14134419 14152445 14191626 14217862 14228300 14238738 14252191 14260608 14266588 14270757 14274372 14280977 14304302 14319523 14325932 14363211 14370358 14421385 14435124 14448173 14464331 14475312 14476147 14562004 14660213 14715504 14715516 14724577 14782952 14850719 14943818 15040500 15080701 15087461 15126388 15150351 15158352 15342518 15431942 15447545 15520554 15537003 15579449 15675424 15699754 15706037 15746214 15751164 15845496 15885310 15891536 15917510 15953031 16012310 16169898 16191109 16237734 16275014 16369099 16428278 16438898 16690175 16727007 16813361 16818880 16828143 16907121 16996238 17005197 17047248 17080534 17087370 17156131 17224082 17295666 17464581 17471010 17514057 17538588 17545037 17576806 17727253 17925141 18092306 18213932 18258178 18460854 18497497 18557448 18565158 18609139 18621945 18628769 18680847 18699208 18754728 18982378 19012615 19572909 21404596 21544692 21546828 21665419 23033582 23388683 24167147 25159698 25294886 27961877 28108567 28584787 28612042 29767444 29827578 30059550 30204846 34343816 34356968 38388028 42793960 45617989 49723206 50832208 64387245 68696417 77750391 78792100 102747321 104289815 106491960 110821538 123437271 124473570 143879476 167488325 185002853 199015109 245126239 246913322 249415812 
5972752 
92563411 
190397000 
118557729 
164725958 
24865454 
176806231 
101686868 
21975447 
12350902 
67090241 
5998552 
62865525 
34486207 
22987468 
38186171 
19654406 
59697909 
73749928 
128100093 
29707246 
17304123 
210427069 
20329248 
14898632 
78906196 
247042017 
182987447 
33960315 
17446886 
29427149 
124252576 
107025267 
107223604 
14096096 
266389364 
264400863 
222268976 
76000222 
20057454 
100479447 
182686614 
56428052 
66350411 
110178946 
10473582 
244385521 
34676616 
7205122 
207205591 
63646347 
178817507 
19533093 
59845061 
103944737 
94797309 
90577798 
175018925 
54662153 
13028322 
14861579 
183781511 
70688431 
254184021 
165482352 
131847507 
258721812 
47986482 
14508983 
19006260 
18507199 
194608987 
22830586 
18576979 
13222192 
19138755 
14919201 
17939480 
232451257 
210819491 
140827994 
15131428 
14236479 
15859253 
18818095 
49121564 
221160429 
194465051 
112443324 
69435529 
15398780 
34278049 
25799963 
171994706 
84843976 
75551503 
25874451 
71530623 
235324659 
269747809 
16272356 
92513185 
15374280 
245928017 
129899561 
31036345 
161772480 
68475377 
243691549 
243374286 
56973737 
74622096 
149729022 
16988357 
188117384 
119946793 
271127683 
107500136 
256172796 
220020817 
160919148 
88342470 
227818834 
16864988 
165594154 
172107130 
17579692 
17981089 
26374989 
21587937 
15117717 
32182277 
253349591 
84430599 
31293436 
132108729 
57113993 
105235681 
15487747 
30761217 
51734182 
15803220 
16731359 
139535000 
83393956 
156475064 
73112424 
21751985 
236719127 
33872783 
185124947 
89595069 
5489202 
22277113 
257522681 
14051193 
164856615 
255704566 
227153602 
18189305 
30386438 
36230769 
126150918 
270021070 
19783137 
45526985 
28784606 
86188413 
139757503 
17495194 
26730532 
121223001 
48892632 
77905001 
15963488 
16799649 
245042640 
243321948 
89013228 
37896600 
58438772 
123614628 
16357245 
178808746 
47613125 
15583292 
263031010 
14135845 
23560531 
24741411 
251744064 
120174685 
35152869 
16278276 
19245279 
139984101 
271745209 
42231175 
16411060 
27050983 
18375249 
185670728 
98964742 
41172680 
18197912 
145347010 
203003361 
237394359 
5024371 
88541027 
209588239 
7901042 
18627463 
28079769 
14139584 
18680985 
19707468 
35656602 
116488585 
16970638 
106783888 
13539592 
18385897 
188574103 
15614315 
31634255 
48915248 
14302111 
10224172 
18566129 
18500852 
24165974 
5513352 
15979153 
29911860 
136758945 
21229200 
21587712 
205361935 
17003118 
229178886 
157832459 
118278304 
214212019 
15687170 
9335042 
51695698 
19910599 
58561993 
117022831 
34443244 
217541234 
16191771 
211787112 
124028136 
16278038 
119220971 
194245667 
98580028 
122493098 
90767831 
20590490 
157645081 
198793430 
153244255 
28117912 
29940127 
267924448 
213288408 
124329490 
182105219 
15300020 
118644821 
95738226 
22052924 
53962656 
28039217 
5126871 
270308750 
14516697 
167492987 
800735 
203379278 
16000947 
265268942 
191807566 
131390753 
21746170 
13577172 
172592448 
24553362 
90932230 
20380789 
92074551 
70004519 
211774252 
104733034 
14050006 
69837017 
25419816 
156693720 
145361923 
166757786 
14335761 
30955860 
203893499 
29695131 
19399298 
37645675 
107749539 
101911812 
270172081 
38615541 
33870680 
43321377 
142157110 
7449512 
7737642 
21889071 
220884100 
260278707 
40937566 
18958597 
107093676 
16162490 
162279176 
148425035 
97481194 
125392820 
235538483 
39653094 
102067385 
34934712 
227838448 
112762523 
95912884 
241321163 
106110915 
112478283 
14860195 
15294706 
35810047 
220920045 
25060042 
185158668 
30461425 
139024456 
20472901 
266278152 
91194630 
57187935 
22878414 
34405249 
26719898 
17334372 
79391196 
163894281 
19065393 
265500964 
20632381 
84201313 
140983662 
84043516 
43541405 
62964460 
225390538 
19656274 
14934063 
151084354 
80621298 
25512025 
26001722 
19264339 
90195278 
49233038 
23225823 
54387128 
238468639 
84623393 
138905522 
237752191 
77939719 
80449471 
1045701 
806204 
221249442 
250246958 
54330827 
96188024 
61485121 
216633243 
92711494 
252371425 
148155333 
4182751 
58855541 
16410954 
178197920 
24962655 
104893393 
18233716 
51162926 
78212056 
247498484 
246061882 
19471190 
27644918 
19241200 
106540670 
94358525 
241041897 
35960388 
17898705 
241808450 
251114231 
65002820 
234439191 
26432499 
135248445 
152479960 
269082797 
219265469 
179138607 
40007151 
241963008 
146917975 
160628707 
38851140 
102568475 
259733469 
216258042 
117700355 
96756546 
184495064 
185681415 
222555703 
37396821 
211421505 
137937174 
197216839 
97515361 
42119491 
136794736 
197075594 
116690967 
235482531 
40300225 
18308864 
64847676 
20842354 
15748737 
124009190 
17114283 
109433379 
152088160 
59818041 
67862303 
51185550 
81394914 
89708408 
18222647 
19746341 
33657457 
36198161 
53313683 
23484051 
15446200 
68481903 
116856787 
236022159 
54588187 
81423917 
115933562 
17682283 
63156219 
71185998 
62913830 
122025560 
39821643 
17211751 
14270791 
59394895 
45008312 
15365429 
36941550 
170143271 
159660869 
14349077 
39362638 
60843560 
35030769 
14668668 
137717770 
40264785 
154776946 
34932133 
14120984 
182056988 
60211331 
123778145 
131998232 
49354191 
106413293 
182377857 
124176905 
17150292 
216145017 
236508708 
194832495 
7708092 
25532738 
46972036 
131932008 
269218298 
51482997 
42026511 
231580019 
139882332 
8287952 
30933895 
244065169 
29125475 
69427987 
147342909 
25904035 
39001282 
54295084 
106824606 
92251230 
25316662 
156768711 
56882778 
203495480 
80175829 
262751654 
60578598 
57863766 
62193495 
68480226 
43785909 
20686153 
110280391 
193274143 
162029292 
38570998 
18186993 
122586910 
54213842 
222112008 
19477451 
14179222 
119980245 
52306963 
18658739 
235179906 
95654308 
166207466 
78000325 
69604327 
132681279 
9040122 
188560097 
150872447 
240238656 
688273 
90420645 
155668326 
227726723 
177407138 
67775956 
231546333 
137917994 
127686449 
30298025 
43803902 
8757362 
51312272 
75541452 
86241413 
226672560 
180481402 
70449609 
206198440 
168893547 
144378293 
133456536 
192809889 
59577520 
16916193 
103175150 
142127373 
87484674 
20288395 
152189675 
178275485 
184700776 
84894256 
91148885 
43266527 
57030266 
131317768 
183088045 
237197733 
223757158 
177156570 
31962068 
96898398 
44268184 
13578412 
61238566 
81314945 
128144689 
144538924 
255325506 
212095146 
100440668 
171594145 
116234257 
16087477 
34728091 
189374598 
42992593 
59122298 
97855971 
22240383 
16376889 
269734168 
121235735 
190120150 
76862092 
41959740 
163222098 
