1.0
0.0870179
0.174086
0.203684
0.217721
0.214762
0.184099
0.0981306
0.0482526
0.0171816
0.0673299
0.0870179
1.0
0.237997
0.185385
0.161871
0.178337
0.211444
0.0880758
0.116229
0.0774066
0.142247
0.174086
0.237997
1.0
0.320659
0.307269
0.315924
0.347984
0.110389
0.088436
0.0599627
0.118643
0.203684
0.185385
0.320659
1.0
0.384089
0.362375
0.331575
0.0922097
0.0533542
0.0373738
0.0739208
0.217721
0.161871
0.307269
0.384089
1.0
0.40107
0.348978
0.0889689
0.0489884
0.0434752
0.0775493
0.214762
0.178337
0.315924
0.362375
0.40107
1.0
0.366615
0.0936749
0.0763566
0.0606699
0.0964858
0.184099
0.211444
0.347984
0.331575
0.348978
0.366615
1.0
0.10394
0.100247
0.0399019
0.124915
0.0981306
0.0880758
0.110389
0.0922097
0.0889689
0.0936749
0.10394
1.0
0.0470543
0.0192782
0.0708348
0.0482526
0.116229
0.088436
0.0533542
0.0489884
0.0763566
0.100247
0.0470543
1.0
0.108222
0.361949
0.0171816
0.0774066
0.0599627
0.0373738
0.0434752
0.0606699
0.0399019
0.0192782
0.108222
1.0
0.189095
0.0673299
0.142247
0.118643
0.0739208
0.0775493
0.0964858
0.124915
0.0708348
0.361949
0.189095
1.0