1.0
0.133042
0.191857
0.242362
0.252786
0.243236
0.202905
0.131075
0.104086
0.0730181
0.117441
0.133042
1.0
0.355646
0.291655
0.269411
0.28093
0.317502
0.186206
0.222667
0.188559
0.23212
0.191857
0.355646
1.0
0.397041
0.359338
0.361294
0.403606
0.177147
0.161627
0.131429
0.179163
0.242362
0.291655
0.397041
1.0
0.442096
0.44222
0.403604
0.164277
0.157163
0.129851
0.168832
0.252786
0.269411
0.359338
0.442096
1.0
0.454309
0.406839
0.176298
0.152295
0.149077
0.190706
0.243236
0.28093
0.361294
0.44222
0.454309
1.0
0.437001
0.180233
0.165555
0.139427
0.184208
0.202905
0.317502
0.403606
0.403604
0.406839
0.437001
1.0
0.191539
0.173757
0.133244
0.201613
0.131075
0.186206
0.177147
0.164277
0.176298
0.180233
0.191539
1.0
0.236287
0.213248
0.252665
0.104086
0.222667
0.161627
0.157163
0.152295
0.165555
0.173757
0.236287
1.0
0.527824
0.623258
0.0730181
0.188559
0.131429
0.129851
0.149077
0.139427
0.133244
0.213248
0.527824
1.0
0.499845
0.117441
0.23212
0.179163
0.168832
0.190706
0.184208
0.201613
0.252665
0.623258
0.499845
1.0