#module 0 size: 3 bs: 1.96584e-06
109302745 146452672 256060579 
#module 1 size: 2 bs: 0.0194769
107789104 236409451 
#module 2 size: 2 bs: 4.86294e-06
123905824 148833123 
#module 3 size: 2 bs: 0.00858299
7449512 29641373 
#module 4 size: 2 bs: 0.0330708
26617933 89370731 
#module 5 size: 3 bs: 0.000148101
72311889 92169251 243662422 
#module 6 size: 2 bs: 0.0368904
46573385 86813802 
#module 7 size: 2 bs: 0.00279251
30516098 130650276 
#module 8 size: 3 bs: 0.00352771
127188125 131713492 161700842 
#module 9 size: 3 bs: 9.16215e-06
88140118 95738226 185657737 
#module 10 size: 2 bs: 0.0251152
44123567 97074438 
#module 11 size: 2 bs: 0.0083116
180607403 243660328 
#module 12 size: 2 bs: 0.0175083
147467640 150224559 
#module 13 size: 3 bs: 0.00382949
28447455 77292945 123971807 
#module 14 size: 2 bs: 1.56387e-11
16856926 228661575 
#module 15 size: 4 bs: 0.00264635
83434276 119230913 137531481 168296616 
#module 16 size: 3 bs: 0.00105559
85267320 85543520 209558599 
#module 17 size: 2 bs: 0.0016431
110424984 128396268 
#module 18 size: 2 bs: 0.0033794
20254792 51179919 
#module 19 size: 2 bs: 0.00113368
72605385 102324811 
#module 20 size: 4 bs: 0.00206145
21179070 86989704 164391207 240606964 
#module 21 size: 2 bs: 0.0717222
94757700 156137116 
#module 22 size: 2 bs: 0.0903252
90469674 110778721 
#module 23 size: 2 bs: 0.00265546
77540628 122895180 
#module 24 size: 2 bs: 0.000832929
178943260 194591750 
#module 25 size: 2 bs: 0.000482642
148478556 197882703 
#module 26 size: 2 bs: 0.00354266
16376889 38570998 
#module 27 size: 2 bs: 0.000516795
21726416 25904132 
#module 28 size: 2 bs: 6.3644e-05
95037522 109995803 
#module 29 size: 2 bs: 0.000602565
70622187 129176641 
#module 30 size: 2 bs: 0.0514057
25060042 136794736 
#module 31 size: 2 bs: 0.0195407
52910865 69443278 
#module 32 size: 2 bs: 0.0886193
188117384 267059970 
#module 33 size: 2 bs: 0.000850684
803847 51162926 
#module 34 size: 5 bs: 0.0228618
1132281 15307617 17326645 35563232 76866234 
#module 35 size: 6 bs: 0.0571437
45848865 99324565 109150601 172769873 190969275 237753551 
#module 36 size: 8 bs: 0.610552
47828718 114762261 234099467 260620672 262035041 262261836 263448462 267882860 
#module 37 size: 4 bs: 0.128583
164550070 191478815 201290345 208766236 
#module 38 size: 4 bs: 0.76512
71847229 129347403 139788444 210909560 
#module 39 size: 12 bs: 0.496739
17042374 19694104 20380789 20661527 21229200 24481863 47103930 67862303 77577477 83719783 140663609 191241796 
#module 40 size: 3 bs: 0.543086
150845268 186901595 203890384 
#module 41 size: 4 bs: 0.496737
24442567 28963641 36813285 117255869 
#module 42 size: 3 bs: 0.112434
81052999 159791993 168837176 
#module 43 size: 7 bs: 1.00882
150830257 152935567 184876062 184886029 190359605 200673064 204578326 
#module 44 size: 6 bs: 0.160871
14934063 17579692 58904655 145530134 270018625 270029137 
#module 45 size: 8 bs: 0.804191
16395482 51908250 101142166 101171750 221650526 238299492 245188974 275672060 
#module 46 size: 3 bs: 0.243153
35636804 176994614 244673838 
#module 47 size: 5 bs: 0.601355
5126871 14462781 14612263 15051601 98793050 
#module 48 size: 9 bs: 0.267621
1442101 5547552 12398022 14616050 15942716 17988396 18533988 34033504 44046468 
#module 49 size: 3 bs: 0.178329
32182277 196743148 234110244 
#module 50 size: 13 bs: 0.742506
14343150 16294267 37896600 88541027 94797309 181301357 232083838 244934195 244937270 249956612 249964144 250477894 250968367 
#module 51 size: 6 bs: 0.652857
16382820 19631582 23246523 25570524 43637692 106769185 
#module 52 size: 6 bs: 0.38834
82821085 86241413 156121581 170606832 187731482 237212345 
#module 53 size: 14 bs: 0.978012
17237906 18415509 18911295 21783716 21889071 22018221 34244280 42140354 52575960 66531467 77939719 84623393 116886298 245439953 
#module 54 size: 6 bs: 0.843756
99031903 110921163 135102077 159049573 190229547 232573485 
#module 55 size: 5 bs: 0.905996
34278049 54475659 72661977 107025267 227153602 
#module 56 size: 4 bs: 0.474326
13102262 15441450 17495194 98976495 
#module 57 size: 51 bs: 0.439804
812825 821110 7867802 13286312 13354002 14911286 15024783 15113529 15483517 15724452 15866023 16302855 16313592 17410758 17451031 18658739 18732075 18812573 19560605 20564713 23387320 24930382 27044209 28441423 28676469 29624532 32422915 35281506 36357300 37645675 40944884 43562100 60695143 64544676 65098687 67673600 75289001 84025309 88822659 139808538 139953824 145420038 173871192 175876900 217541234 221846963 222568217 242864968 245634968 263312330 273206322 
#module 58 size: 20 bs: 0.719299
7795982 14668668 16411060 16513752 23077155 28169177 28431983 30455734 41450556 49167436 54330827 65152219 68551767 71801107 78066531 90767831 108705649 152692522 198599261 256331922 
#module 59 size: 73 bs: 0.497706
11145002 14494993 14550012 14624115 14628090 14945059 15172283 15215190 15302120 15382111 15445270 15503968 15725650 16162490 16357285 16419927 16951971 17083396 17259981 17512738 18017238 18173465 18611056 18685602 19015082 19114943 19658782 19707468 19801665 20307019 21345004 22924849 22992850 23095083 23618183 24125006 24184567 28674078 29813042 30466915 34012344 40268283 43226515 45034162 47634020 54296186 55532384 55913654 66799471 69136508 73347023 84097256 99225888 108274516 109648337 109813572 111556341 111729901 123379214 126928559 141571223 143414740 148696421 156010360 157455254 172107130 177276579 182798348 210852155 214659775 226672560 243767573 262770233 
#module 60 size: 36 bs: 0.340828
16308041 17420951 18331770 19183264 33637010 33832697 39047949 39749553 40004981 43573375 47577195 48036380 50227060 58454165 61818955 63463335 73112424 76745868 87212008 91396258 106375859 108020454 110986584 148418872 148425035 162665603 211858345 215683551 217064519 220502693 223679418 237358682 243321948 243848799 257467966 266278152 
#module 61 size: 91 bs: 0.493162
1774081 9335042 9666782 10819662 12383122 14070222 14118937 14134608 14140147 14170736 14388669 14398964 14448046 14639235 14685183 14738804 14763566 14789042 14801380 14803154 14890621 15109389 15165587 15367279 15380951 15825852 15946540 16135362 16201819 16226069 16248585 16358939 16459994 16905666 16928122 17062597 17114283 17130461 17353481 17837216 17873348 18478410 18603672 18638821 18783265 18914307 20212448 21213658 21278570 21832608 22483974 22526513 22681922 22907920 23974021 27018757 28009658 28128602 28462804 30469863 31157419 34507129 37679854 53175809 54546622 58866657 62614001 64234931 64624131 71410962 75800420 77026018 83625882 84438310 89595535 90313639 91836238 97252700 109440429 114579424 116571138 122477485 130575807 153875670 170351580 199503098 203149052 203336407 225095543 240365217 257556561 
#module 62 size: 45 bs: 0.208354
4937061 9938952 10748252 13000872 14128901 14464331 14563894 15123270 16278038 16888904 17194090 17542265 18292479 20447545 23664655 28017930 28230825 28240302 31214311 36697219 38109868 38372614 44224901 49992096 51028602 59539942 62545966 65508813 68592846 75300453 98078133 100504915 114235871 116994547 121558178 144692356 150435789 153119220 159660869 179054464 200226529 210427069 215370565 241321163 262751654 
#module 63 size: 84 bs: 0.941746
450953 1012071 1692171 2226621 3432881 5606492 6567132 7018942 7145552 8159652 10748252 10776882 11698252 11698322 11784882 14051159 14235323 14350762 14465902 14693622 14745283 14774443 15126891 15249228 15515538 15578710 15634516 15749177 15781117 15821556 15943690 16226069 16657530 17050705 17165458 17284883 17449898 17641725 18120676 18622210 18783265 19065686 19455487 20017902 21755807 21812410 22155739 24707040 25151753 27292941 29392243 29822494 30018368 30461425 33414867 36371780 37222477 38297358 39944598 41364338 48604785 48816106 48900286 50737978 59833587 60100870 62310536 69493393 74946653 84562932 86080280 123892070 136758945 161415195 170225857 184841559 199848513 202595945 203003361 204824975 209150087 240854929 252040223 266202805 
#module 64 size: 54 bs: 0.206204
5125971 7562622 8085432 8184892 10410632 12485522 14571531 14717311 14848221 15429250 15551263 15577052 15936780 16016852 16217727 16337126 16560157 17380976 17399774 17695465 17955879 18706924 19396560 19552126 19916228 19990190 20405853 20441166 22387436 22547150 24425906 25059097 26681722 29822494 31220561 34128302 34637152 35846393 38394199 38793729 48791942 53294779 78315807 89468228 101345179 129899561 136952493 138267795 139974111 145449666 187015252 191514152 224741780 242589987 
#module 65 size: 16 bs: 0.279839
29862576 32574964 34676616 44206517 58386031 61849834 125290228 140176807 143502547 164033581 170061178 213288408 226777208 235629835 245167786 267791703 
#module 66 size: 10 bs: 0.36668
10221752 15398780 15614315 20497524 21101803 24006057 28402860 32529831 69605342 120285512 
#module 67 size: 92 bs: 0.871257
14236479 14436072 16980777 17734669 17896640 18189305 19935490 20340239 22840652 23774237 24545046 27702107 28410099 28765331 28784606 29427149 29707246 29911860 30854420 35321567 35656602 38087508 41291640 41874288 50670648 58929178 62985966 69102823 69780518 71632263 71664150 74003363 78000325 80175829 81314945 83006046 84014340 84868368 88498786 89708408 90195278 90404746 90793521 92711494 93151373 98580028 99320433 101894696 112478283 114685387 116488585 119946793 121271356 124009190 125322205 126492276 126979577 127356642 130682467 131390753 131847507 131932008 132553078 136802522 141361726 142127373 142977623 146965762 148273080 149747560 154105545 155311735 159527534 161487173 174319881 175590052 176806231 178368272 184495064 191807566 193035945 194608987 205609713 208161241 210886997 216145017 230718701 231858934 232438363 233241581 242354131 271745209 
#module 68 size: 47 bs: 0.205216
1630261 15058363 15138003 15767281 20590490 31288054 42868982 43541405 68446061 70449609 74285761 79637747 82655261 96655484 98928522 112516636 116491722 122115977 122586910 127846497 128809182 129319803 134352532 134487373 144422669 146917975 160919148 163954957 167084030 172771660 184544253 186783403 205936089 208582686 217923038 219265469 220920045 222555703 229944730 230182617 231580019 237114951 240238656 241472180 244065169 254639896 259638685 
#module 69 size: 127 bs: 0.363855
651543 1120601 2606911 2941831 5166511 6114252 6136332 6486742 7604502 7721172 7898472 8474322 9604192 10284472 11443292 12372812 12759102 13678292 14052313 14079590 14099435 14110885 14139584 14155241 14237354 14331959 14345113 14471169 14573861 14944471 15002220 15010721 15075182 15219854 15292471 15365998 15378805 15476915 15487288 15505550 15511139 15754851 15768928 15853065 15862839 15905527 15943715 16296026 16338169 16410954 16473793 16809329 17058577 17168493 17402349 17578918 17844404 17911617 17935861 18000311 18197912 18201948 18204677 18313617 18485558 18547882 18588568 18731203 19044237 19241200 19411110 19521680 19673977 19751635 19790018 19993686 20329248 20592179 21159398 21554226 21701128 21770568 22076359 22760649 22938618 25303296 25904035 28371616 28506177 28674090 29125475 33556583 40362652 44139958 46473076 46574042 47444914 49774815 52866517 57030266 58563977 58988537 60654941 70751508 70754730 74021308 75719992 87715947 94175843 95912884 103157143 106283898 107112554 108811740 115242946 121797013 132581307 135579990 137423367 153997237 168537728 176651561 195488976 205007756 240798167 252606479 263234033 
#module 70 size: 53 bs: 0.201604
113963 833071 1293051 5832712 10420662 10781952 11821622 12219832 12935692 13222192 14065215 14095473 14135845 14333690 14387542 14388689 14431213 14523408 14532450 14749243 14773964 14862723 14947289 15030787 15033971 15270963 15299357 16145206 16334085 16494284 18481782 18514207 18920390 18927821 19006260 19356110 20219382 20303224 21509975 21957689 22665665 23006156 23204397 24166550 36071096 39284620 41145894 41296367 78354184 97289556 98362525 174959828 238760716 
#module 71 size: 126 bs: 0.257919
2258301 4053841 5793772 5874452 6723912 7712452 11412542 12587982 12594922 12781762 14128069 14142231 14323938 14380889 14399357 14614615 14624025 14653506 14803061 14812510 14890935 14936846 14957541 15013580 15082995 15210530 15231287 15382147 15553406 15580925 15583287 15583292 15648561 15648584 15655296 15661468 15675070 15734531 15905565 15935243 16527273 16561292 16588005 16680941 17065634 17315836 17625824 17627945 17871826 18040428 18098655 18127893 18813157 18822387 18994034 19131613 19248489 19264674 19291219 19365378 19408219 19873296 20596316 21429357 21509975 22052924 22790425 22876951 22933904 22980460 25079420 26744291 26765831 27302814 29040062 29646744 30386355 30667186 30874865 33606835 34938387 36913318 37546498 39284620 45368137 47444849 48722198 50456532 52563809 56521633 56810786 58842703 61014259 63875612 64325295 66997403 75067140 79447979 79666388 84172384 84652502 84737899 89519051 92074551 92318904 96145394 100507331 101563645 111789350 119468133 121209486 130589438 131625652 135601675 165404712 168071804 184700776 190754647 198466520 224428671 227726723 229766654 238914931 245314387 246061882 252760820 
#module 72 size: 43 bs: 1.06875
1630261 14121853 15929686 28623830 35267268 48470743 50686904 53418720 55648693 57187028 59608784 60335753 62584936 62996416 70937408 72928626 85917069 89492277 94945000 96980395 108357234 109059176 119526244 121834189 124002957 129915741 134908261 135399738 138498796 147335676 156644794 157524175 168888540 171191429 189561195 198649890 203256940 223961051 229587355 230974069 232987424 237876854 238341121 
#module 73 size: 38 bs: 0.898181
18761609 28167824 61496860 73331245 83491082 96089519 97122417 101711457 102043210 102542634 106727127 109881181 113198037 118230146 121437473 127465176 130128230 146321140 152143338 154906588 156198826 159503258 162060324 164271321 166815795 167312921 167735296 172223222 179514953 195979860 218936223 228331929 239186520 249983793 253545416 260278707 264014418 264046779 
#module 74 size: 124 bs: 0.366756
5764432 10438862 14685174 14889185 15896304 16535920 20990463 22414207 22589921 23418405 24334049 28859686 36254904 37391190 41597013 46114472 48342996 51695698 53000535 53040017 53846756 54588187 56081642 56443851 62554155 62698050 68939290 68991418 69187979 70416891 71185998 73829527 74613440 79043962 79368271 80741351 81548178 83491082 84358598 84843976 85263926 85346124 86188413 88829709 90837985 91396258 92145218 94776307 95333167 95382723 101690924 103510832 104400450 106319129 107747077 109504968 109596525 110609337 111809956 116073715 116526623 117836707 118028227 118713710 119348430 120694668 120926981 121117011 121644896 124306740 128151956 128240571 128811995 129250534 129498307 132109821 133279867 139469291 139628316 141167217 143882311 145341208 151472342 151959726 154363906 156636089 159265325 161480745 162965189 163745140 164199982 165583353 168426262 169795819 173938646 176687793 177719652 178275485 181783656 181834984 183926085 188474582 189374598 190397000 192124196 192626071 195779937 196273078 197216839 202090023 208325536 215235391 216344199 217923038 219011376 226925720 233796756 249222971 250070427 253727920 259171181 259733469 269111650 272566820 
#module 75 size: 147 bs: 0.696093
8447862 8496612 12088232 12597012 13228592 13315172 14053295 14192412 14233546 14464919 14562275 14763855 15399951 15599014 15643370 15683948 15842676 16275858 16496431 17635363 18089695 18353112 18417216 18566129 18689581 18822990 18829156 19203457 19251173 19721592 20209025 20372179 20414217 20612953 21729540 21975447 23324325 23421006 23530440 23628049 23932737 23958589 26419482 26668603 26713682 26756907 28738346 28901886 29985526 32377446 32712520 33452655 34118997 34674286 34826262 36563254 39241726 41883924 43500507 44733866 44986113 46037408 46476526 47110722 48737785 50300582 51678226 53443633 56973737 63285684 64844059 66158240 67436412 70199201 75221587 77281326 80796687 84623487 85665693 87534528 89468228 90325437 95448172 97551846 104337086 105523857 109899569 116856787 118102391 120765039 123116942 124252576 124524462 128601175 132013729 133923294 134505123 136772862 139567380 140028928 141242868 141499502 146237367 153042732 155192639 159716429 160313219 160628707 162898103 165144151 165914228 169655919 170270136 171719023 172341029 174095086 177330882 178525052 183182089 189686051 191514152 191840628 195165128 195796378 200936459 206198440 210308682 210666689 217162001 217181024 217527334 220885006 222444337 224770553 225491442 227159879 231254156 231488894 232979512 246290364 247136805 254426170 257186370 258475508 260505934 260786513 270021070 
#module 76 size: 45 bs: 0.916172
16953 631803 5660312 6695732 9158962 11726442 12601142 13267172 13832532 14300954 14690254 14727207 15110531 15123673 15406144 15781117 15850769 16857066 16882886 17134865 17579321 17940962 17952277 19192221 21407983 21764657 22110931 22660345 23484051 24756213 25874451 26548347 27969192 39428095 58341833 76784104 77292631 81367143 89026913 97468141 103585065 106546060 107232730 115944587 224255455 
#module 77 size: 54 bs: 0.710432
1917731 4388251 5024371 6092972 7713202 11829282 12340562 14226882 14270329 14676022 14740408 15455358 15808765 15978380 16362662 16363738 16700601 17610796 17971455 18244087 18368098 18485748 19719380 20778703 21316936 22938618 23064510 28339843 28377973 28448216 35602818 36997036 44899126 47938142 49233038 63009240 63280540 65293006 69971262 74622096 79039503 119139599 130893745 140060120 162959093 171569791 192477353 193689467 221249442 236711870 242852382 252782082 253473812 258731466 
#module 78 size: 262 bs: 0.851621
246103 3433721 5820022 9506452 9886592 9994802 10284192 11922842 12392822 12566322 12611642 13047322 13191382 14050006 14251373 14274606 14320910 14427431 14746460 14848179 14870804 15001234 15117599 15117717 15130462 15343285 15353236 15362948 15371730 15485085 15632345 15660796 15749997 15781117 15959806 16032700 16105152 16130242 16156302 16201819 16217220 16270390 16320817 16444912 16520112 16536804 16546592 16564842 16592690 16703742 16895549 16897237 16956103 17010854 17066077 17074868 17083396 17116782 17202143 17211751 17300593 17343595 17351052 17400430 17413777 17424617 17505487 17520649 17524007 17878154 17927796 17971670 17997511 18034962 18039861 18049840 18087450 18143526 18175164 18214840 18275871 18280155 18322904 18485106 18619708 18637420 18744397 18773467 18786047 18790031 18795950 18857778 18949053 19023804 19047089 19137574 19288077 19341833 19532857 19690008 19732334 19771162 19774034 19789205 19841754 19886347 19988765 20201647 20338713 20397358 20758436 20813783 20858400 20882372 20954257 20989298 21004344 21080122 21200319 21213658 21323607 21584163 21863612 22023311 22413145 22818133 22987468 23032476 23106500 23155646 23372889 23506185 23526929 23620612 23843205 23861287 23953237 24095880 24551605 24798988 25202714 25567123 25736364 25931068 25948167 26255541 28562298 28622733 29343437 29965112 30268257 30376196 30857134 31281673 31465017 32375384 32998543 33648595 34057913 34262175 34417776 34425171 35068546 35523686 35671638 36098673 36279515 36730935 36986564 38003948 38359820 38668559 38670814 39470262 39657206 39700831 39932500 40268283 41238441 42465046 42469463 42668060 42909484 43249641 45004183 46340763 47470276 48284445 50749152 51034077 51222676 52699786 53188888 53657495 57247518 58617198 59095319 59913286 64047804 64927053 69001280 70335881 70632952 71015802 74026628 74625574 77402928 79740296 82911157 84043516 87719258 93100491 95499927 100004821 100188468 101863069 104211750 105305259 112266869 120965844 121738047 121910714 125090924 127659721 128100093 129098605 131177653 131246223 131357770 131646552 131881168 135414895 145350228 155396230 159245037 159329042 165590939 176929534 180077597 184517281 192007163 193674723 196102552 196281219 199609635 201531255 203508691 206358757 209471041 212203440 215989468 216013791 216905062 224074946 233221276 239576675 242179067 243374286 243431726 259288480 262312950 270698836 
#module 79 size: 33 bs: 0.707724
13577172 14160471 14304203 15895108 15907716 16932185 16988357 17024671 17323733 17446886 18222647 19409508 19654787 22204032 22372197 23498775 27865199 28268371 30033646 32613223 37818134 43171018 78924375 89013228 100817771 103969563 109460638 111047202 148081424 163845303 247498484 268125399 271625895 
#module 80 size: 79 bs: 1.02081
1630261 15767281 31288054 47216578 47599165 61476055 62625917 68446061 84269742 102107813 104223101 106824606 115933562 123318445 124866595 128507642 128693679 130158543 135248445 135298815 135687184 137443330 140979761 145408456 146655020 147026192 147314264 151714614 162735344 166235979 166394396 171669403 171997599 173534506 175533140 177156570 182357928 186024338 187594363 188419032 188840004 190395758 191503263 193088908 196853166 198560132 199009858 201763743 204838222 208398817 208677720 216529788 217576078 223691577 226769636 229674969 230859303 231085129 233948859 234001935 234840602 235633896 235729192 235759321 236368003 238356204 238602830 240468977 242884484 245453198 245793450 248493560 250731274 254493514 256324516 259011240 259394715 259493072 260985403 
#module 81 size: 51 bs: 0.367247
9376622 14544571 14850221 15887107 17421818 17461226 17522884 17781217 18391075 18791763 19153333 19590747 19754122 21678847 23188976 24661757 24975816 27553223 27789999 34434801 35195343 35551741 44769565 44845302 45190383 55991727 63796576 63834256 64576818 68481903 68807455 70477603 72475621 78470249 91191989 94607882 109777164 110918004 115753716 119160384 129360573 148891227 169245808 180151159 181633686 183859873 211421505 219819147 227192133 227838448 234696158 
#module 82 size: 30 bs: 0.614301
15624385 17435271 18343178 19747277 19884721 20960765 21587937 25447492 25688058 30734462 40250971 46159898 46205067 53500999 61462007 89552709 101207588 144378293 150828573 164338516 177507202 185670728 202257778 207793457 232191946 236195413 240552704 241041897 251425066 258721812 
#module 83 size: 212 bs: 0.593319
608473 1936361 4954131 9175912 9188592 12088232 13363182 14040522 14079425 14099516 14287191 14389132 14720411 14763855 14819061 14910806 14919201 15600217 15726358 16127669 16175706 16201819 16337697 16356317 16426698 16462209 16630083 16878100 17011345 17259640 17486602 17520649 17813433 17936052 17961246 18098819 18129159 18208795 18483871 18529151 18530171 18773339 18944608 18953266 19089993 19245279 19246850 19410436 19498445 19899940 19990190 20372179 20405853 20477352 20956390 21344725 21975870 22040403 22108647 22116240 22277113 22935909 23274866 23343968 23409989 23777198 24224879 24247270 24561449 25373949 25478329 26539097 26847783 27043989 27760633 28018958 28733900 29451005 30308283 30955860 31059620 32147116 32435460 34733255 36073824 36880462 39591754 39812315 39821643 40779851 41965009 44147853 45045450 45484909 47497885 49616509 50489460 51043119 51319087 51678226 52575960 53091022 54642207 54769822 55303089 55979296 55995317 57113993 58341833 60698670 62382288 62964460 64804024 65260323 65590754 66531467 67603734 70745737 73683746 73749928 74153376 75141533 75165241 75347004 78403223 79930408 80235953 82328753 82567107 87534528 88265548 91194630 92439035 92563411 92697733 93827358 94378996 94397566 95142106 95448172 103106691 104236319 105523857 105623556 106182367 107223604 111165159 111435350 114012228 114950933 116587005 116690967 119178303 119446586 119667870 120707178 121237632 122218767 124670621 128102692 128601175 128882329 129949964 131109320 133923294 134141151 137937174 139889120 139960419 145755847 149729022 152088160 152352981 153586491 154708805 154876782 155883945 161691702 161993294 166584190 168517618 171023147 171594145 173452455 176140153 177931290 180481402 182562771 189758673 192643153 200936459 202849351 213069826 220884100 221919129 231488894 235439150 237197733 238421074 243522984 246600472 248960481 248988432 252371425 252855619 254812166 256134707 257564668 259653783 263031010 265977653 266761504 
#module 84 size: 187 bs: 0.604247
7595842 7746052 9734372 11299932 12337592 12693572 13267622 13785352 14131683 14136972 14188969 14218186 14227897 14253707 14298819 14433007 14452057 14664756 14706004 14753540 14763855 14864169 15113155 15131310 15308303 15323865 15400246 15462767 15520700 15551294 15566022 15662467 15678167 15729205 15762258 15811608 15868433 15907716 16027532 16124611 16153984 16177296 16261638 16357245 16471088 16513795 16521150 16561212 16703461 16818490 16912241 17130180 17206658 17334372 17475281 17519222 17543438 17740210 17824560 17948379 18083141 18131988 18179554 18231339 18345963 18460854 18493879 18500081 18557253 18560205 18737023 18822866 18832833 18967578 18997715 19085742 19111507 19160080 19195914 19450841 19461688 19471190 19494371 19774073 19774114 19790013 19826674 20271080 20476654 21690938 22018221 22736954 22830586 23075284 23145109 23797396 23998156 24436600 24897332 25318477 26432499 26470645 28006501 28106848 33672294 34074792 34302264 35152869 35548601 36713201 37549379 38447355 39485994 39645433 40721661 41123794 41253854 41437506 42934309 43163302 43635444 44683837 44961029 46164502 50008018 50077710 52927776 54113444 55221570 56458700 59518891 60449169 62509229 62606223 65193458 65604392 66871294 70461418 72084922 72426413 77151544 78606921 82112778 82444043 84430599 90776145 92356909 94358525 98025022 101253269 101631951 103576036 103864359 107572393 109886771 110746020 111047938 112009840 117147872 117850134 119517827 123614628 124257319 124908488 126754289 129682105 132250957 132526387 133941575 142761850 151084354 151546361 155994909 171305484 172204281 173899102 175018925 180911104 182066809 190722777 197156324 208920761 212823696 223704520 245543122 249361812 257522681 
#module 85 size: 74 bs: 0.811276
74543 82363 381203 774909 1528701 3750071 4182751 6021422 6092972 6904482 7155782 7526892 7713202 7770342 8457092 10400902 11069462 11148742 11504382 11993412 12095912 12340562 13539592 13775632 14165957 14369409 14401102 14437914 14445542 14503316 14533116 14553055 15199325 15206692 15250836 15753937 16010789 16023926 16148602 16158012 16463326 16739711 17279500 17669882 17789291 18279169 18635626 18889063 18948706 19291590 19996935 20444463 21047224 21625207 21909890 22053039 29005683 35929320 43239422 47518210 51196532 53280402 60696138 61127420 61772051 64444175 69604327 78792100 78905607 86167256 151158927 166707502 210118012 262226916 
#module 86 size: 183 bs: 0.770522
11332 6811802 12322812 13225072 13599852 14144790 14179549 14212028 14245501 14248612 14277846 14291015 14294650 14327792 14339520 14376840 14378281 14389615 14517899 14532188 14554078 14572033 14572196 14634791 14911255 14940826 15025059 15046916 15075459 15239123 15293352 15393033 15445154 15487499 15524002 15534716 15585410 15678167 15707047 15729205 15843240 15852054 16153984 16177296 16208408 16278934 16304010 16570335 16586626 16887348 16941718 17092592 17206658 17224164 17240550 17393790 17495000 17503856 17576667 17644563 17764146 17945015 18029498 18131988 18155171 18492564 18500081 18766019 18774686 18997377 19494371 19641024 19826674 20250302 20267632 20332142 20476654 20611194 20660925 20770172 20996839 21275406 21799282 22077506 22201568 22228327 23309869 23499247 23714675 23998156 24561424 24797350 24816382 24897332 25092348 25266932 25367291 26589876 26900011 27894046 27962194 29509119 31520228 31634255 31667926 33362218 33492243 33877371 33885025 34700428 35548601 36368888 36568789 36601355 38447355 39645433 40721661 43163302 44015183 44202114 44458662 44961029 45756215 46589508 46707560 57135779 57863766 61666438 63230620 65193458 66818412 67898690 68982398 75356470 81505840 82376322 82444043 86160868 88214227 89202951 90203791 94919897 97361708 103976896 105394663 106185357 107500136 109604578 109841442 111482299 111662569 113747572 114049072 114467024 115596327 124257319 125867143 128968339 132526387 132975929 133941575 140869994 142447390 143638559 145315512 162052960 163383284 167570736 171305484 179422421 185497324 192895653 193362884 195742848 197156324 208303207 211011485 223704520 227750413 229291215 240469100 241210475 253349591 
#module 87 size: 216 bs: 0.136576
27953 683523 775861 5513352 5693322 5778852 5798602 6118242 6188152 6389222 6630962 6655632 6753242 7491582 7773162 7830812 7853592 8147062 8393112 8539242 9048222 9615962 9850782 11235032 11606702 11674822 11892722 13107602 13220972 13272592 14054450 14061723 14083767 14100617 14105540 14178312 14212359 14227897 14242280 14289835 14299583 14302111 14345566 14443616 14469179 14543117 14575798 14605495 14659923 14664756 14679080 14705619 14763855 14773346 14775487 14796279 14846859 14883514 14923682 14937173 14941009 14998779 15023383 15120037 15121781 15230754 15233366 15300020 15391752 15400332 15442150 15495117 15615591 15678167 15686613 16013349 16033434 16261638 16353944 16356833 16387116 16471088 16492009 16703461 16716129 16877448 16887348 16936459 16951443 17022831 17037986 17246888 17280132 17332386 17365324 17519222 17528356 17909421 17981089 18121680 18168267 18280708 18327007 18356346 18493879 18592579 18609139 18776351 18873213 19090407 19111507 19276287 19475375 20351695 20481131 21486753 21622756 22018221 22866896 23437737 23655155 23866339 25197341 25316662 25780932 25887809 26418098 26419638 27011541 27944666 28564127 28599031 28873178 30791761 31620237 32516316 32964444 36407795 36522491 37240699 37396821 37977930 39323281 40099249 42934314 43111514 43635444 43765408 46787681 47613125 47721240 49849110 52090770 53941287 54370980 62950338 63283271 65363711 69025404 72353797 72426413 75192691 77392251 82411192 83393956 84124761 84497664 87106149 90776145 91458608 92437178 93800894 93953977 97481194 100817771 100818788 101477465 101686868 102780726 103356166 104901157 108417469 110281707 110320464 110532690 114628210 115247248 119220971 120958573 122493098 125382460 125867143 132946771 137178307 142415173 144325640 160994217 162140481 168730556 174649888 179154258 182466412 189092067 201242210 209588239 216782324 232568677 235347368 239191123 240920084 246024271 250248024 254092296 254629570 255257849 269889901 
#module 88 size: 288 bs: 0.483134
5683952 5972752 5998552 7209262 7396542 10168082 10334122 11279172 12304722 12611642 13654112 14169364 14255263 14287191 14380462 14393904 14429823 14664210 14721067 14742479 15182385 15349653 15450996 15481397 15522756 15529625 15565703 15602091 15689313 15745139 15878020 15896379 15963488 16201819 16438743 16526591 16530557 16533239 16825062 16970638 17301914 17304123 17368610 17420951 17473289 17475108 17520649 17569124 17897020 17945843 18196308 18262412 18332827 18355228 18449174 18540889 18637420 18706144 18728945 18773467 18824239 18949053 19109017 19468364 19477451 19611658 19624059 19650336 19654406 19675857 19687218 19790783 19886908 20105071 20195689 21230617 21318903 21335770 21345203 21668588 21776768 21817105 21962567 21990854 22150874 22174042 22256515 22360594 22753132 22973224 23041301 23244977 23593412 23721972 23834147 23992868 24257957 24603879 24608101 24716002 25393674 25694234 25762392 26092570 26283471 26539097 26739128 26747105 26773692 27055316 27095215 27503151 27732408 28079769 28609576 28782189 29708582 29747993 29779074 30464510 30479742 31175661 31334049 32615340 33098495 33247276 34010454 34434801 34709013 35577793 35910513 36719360 37749110 39511351 39657792 40448583 40506540 40822836 41159844 41253398 41641562 41660436 42231175 43050396 43740591 44150150 44234494 44564343 44672556 44853718 44939343 46787956 47050697 47444914 47914845 48181005 48504894 49013625 49121564 50024842 50832715 52553796 52788040 53313683 54623706 54649894 54662153 54708000 56116936 57115373 57131205 58881671 59191437 59427376 59616920 62187962 62554155 62926597 63726362 65587134 66759379 68475377 68879809 69342256 73037662 73429252 74037588 74887389 76476217 78570188 80043372 80857771 81725200 83277670 84217059 85008170 87331481 87484674 87820847 88090633 88321965 88776484 89273858 89731752 91106767 91791843 92063493 92102625 92117844 92285511 92678445 94577861 94579136 95300430 98673557 98706590 98895591 100426508 100440668 100479447 102363028 103285229 104357325 106424240 107186135 107852396 108045600 110178946 111701523 112443324 112479899 113420566 119710421 123322544 123963034 124742769 126912691 130899627 131003396 133431287 133492415 134149133 134761691 138555043 139552551 140060120 144383619 146093372 147977705 148040105 149815436 157498350 161772480 164830389 168544279 169970345 178053334 178808746 180275858 180703009 183781511 194109571 194152765 199382257 199654751 203893499 204090866 212095146 212248847 214112621 217318313 219720365 219785653 221489828 221526399 223443158 226273650 232682267 234869209 237819356 243691549 243825310 246124029 253727842 253835890 255682362 258939764 267924448 
#module 89 size: 173 bs: 0.225232
456 1585 5149 10588 10675 13298 21693 37573 50613 626233 700593 759186 771698 780290 799630 809092 811051 821978 832831 1054431 1189601 1309511 1319141 1724401 1957211 1979591 2108241 3171031 3558851 4312721 4922001 4959461 5025251 5727392 5780992 5885772 6452782 6566712 6588122 7541642 7599982 7674792 8112832 8307012 8435452 8448712 8481222 8757362 8823362 8867682 9011012 9277962 9286142 9627192 9643862 9804222 9819862 9853212 10356542 10654322 11204762 11413752 12104222 12160482 12477052 12575842 13205902 13445052 14065548 14111182 14128528 14141301 14153491 14153594 14155372 14157732 14176242 14186545 14222176 14247062 14258602 14261302 14389648 14562685 14596506 14604049 14689567 14714942 14789122 14820724 14874721 14891245 14934718 14993466 15008449 15020853 15041902 15070780 15103213 15159129 15184929 15210530 15223619 15281078 15368554 15382147 15412816 15426896 15551156 15780402 15780594 15826306 15939352 15972562 16040887 16049723 16133935 16249213 16506383 16527332 16680941 16878903 16904101 16954719 17071737 17170520 17205773 17493528 17737138 17801384 17926317 17994525 18173027 18176747 18213932 18455643 18503214 18619836 18834180 19255759 19600446 19679188 20083563 20391685 20731401 20873104 21626871 23221629 23757784 25330903 25661540 26236577 30864653 34394575 41626400 41841330 44570428 53352349 58818905 59541290 60775372 69033184 69687111 81394914 91329057 110897594 156010360 163712424 188911259 192171500 195007168 229766654 252105891 
#module 90 size: 60 bs: 0.906586
12984 13210 15683 31383 66993 69583 76133 759228 773624 818176 2825191 5025251 6962852 7205122 7480172 7526892 7614632 7929742 8531352 11470032 11633492 13767702 14421572 14459669 14680596 15077051 15135214 15148807 15443141 15583560 15953031 16080020 16156062 16612857 16997044 17006370 18028249 18161157 19404944 19910599 20057454 20842354 20905953 21513512 26719898 29695131 35030769 35769941 40532389 41305840 57888537 63156219 67924644 75236148 109370698 117218161 117700355 131998232 149075605 194465051 
#module 91 size: 56 bs: 0.291098
24113 749333 780006 790000 1388961 3395021 8299792 9561522 10768282 13807132 14782952 14830831 15125371 15274752 15466555 15510638 15555038 16200143 16428278 16641454 16916193 16970274 17278906 17453969 17753670 18071407 18134756 19689035 20550830 21359690 22878414 23485622 29436139 31738235 33801769 34924998 39001282 47791995 53257111 56660747 74411287 78789634 84972513 87358503 115377377 124028136 142169165 152145953 152560538 154435961 163424898 181096818 202844511 260631674 261598031 267519951 
#module 92 size: 55 bs: 0.351425
1428831 1441291 7480172 11580962 13062502 13342982 14742422 14786238 14889333 14993616 15320887 15748737 16883326 17021619 17066838 17257272 17372379 17460928 17511523 17874910 18038375 18358227 18787972 19583523 19794129 19977032 22050760 23743148 24661289 25164847 25490697 26174646 26716467 34012344 34934712 39944598 42197349 44651055 49723206 56377143 63073975 80449471 80589255 91117627 91827895 94428870 102617462 125668334 134807812 135109492 141379955 147595464 182029374 203951741 263588145 
#module 93 size: 132 bs: 0.65158
11983 682213 819284 1129701 1203641 2384071 5447732 6325632 6341572 7042572 7526892 8132582 8615772 9013032 9584882 9926562 10052552 10333202 10774532 10880202 11984762 12354252 12601142 13448172 13451802 13775632 14125005 14128528 14184628 14185424 14219103 14220249 14321959 14346361 14352967 14496930 14564986 14680167 14704310 14708747 14835646 14870168 14888362 14903294 14990031 15066876 15211133 15354397 15409034 15639478 15692087 15925179 16167886 16212167 16366271 16457010 16799649 16801452 16886645 17179368 17276841 17325009 17381284 17451411 17469567 17682283 17794287 17812000 18102284 18106809 18295455 18429289 18637420 18705078 18929690 19038395 19207266 19466732 19683498 20288395 20945245 21746170 22084719 22457041 22960333 23486491 23549240 24906998 26043616 26784273 31303139 32211808 33098821 34486207 36702921 39216517 39716211 44817367 45660443 53411390 54295084 57026817 57949239 58883706 58994449 61291337 61317377 61485121 64847676 74574719 75236148 80589255 87765465 89119055 96880903 98964742 103331100 106110915 108803911 110301570 125418319 128126290 138969362 150618868 156240003 156768711 200137739 214303021 227818834 242131117 243768368 249260397 
#module 94 size: 190 bs: 0.952718
509 10178 11848 12220 67813 347133 678033 691353 774909 780991 782010 800735 817970 819284 819522 822647 920991 1048951 1051171 1129871 1308101 1386571 1717291 2099891 2384071 4583971 4700381 5051171 5108161 5388852 5708292 6131832 6141832 6297382 6426552 6708952 6719712 6774272 6900852 7159752 7181572 7210762 7224702 7263402 7434272 7511702 8106562 8384912 8602152 8690902 8935052 9040122 9590262 10730842 10767712 10773882 11086372 11435642 12329252 12354252 12566662 14051193 14076943 14085088 14128528 14257199 14274132 14290383 14321959 14324944 14330959 14335404 14349077 14350762 14680596 14706139 14708747 14786110 14802885 14813149 14822021 14852158 14948485 14950583 14959496 15040446 15093212 15223252 15247066 15328388 15379912 15414807 15471640 15514372 15635812 15803220 15831401 15898695 16366271 16393123 16484677 16721263 16745770 16847211 17179368 17212941 17226610 17339297 17372256 17549096 17627390 17755042 17796440 18152057 18252347 18450898 18507464 18655567 18680985 18697352 18836209 18872123 19038395 19062153 19207266 19466732 19519071 19656274 19826509 20173675 20928893 21273939 21303464 21700719 22046753 22145414 23284990 23593213 24794263 24889586 25057202 25163231 25175706 25478876 25532738 26043616 27106703 28211629 28840450 28991368 31030273 31100040 31359340 35473835 38151395 38851140 40953367 41188469 42315951 43194865 43911998 44936058 48880548 49011247 50363926 57133313 58855541 61755699 69124203 78735819 89414621 92876427 95044697 103527653 104493815 105235681 107354278 110965120 117218161 118837674 120185625 126717954 208687668 214067697 215259883 216336191 224138450 237752191 243914859 269082797 
#module 95 size: 1021 bs: 0.513453
2900 5608 9135 10305 10396 11426 12522 12716 13050 13410 34173 56653 74673 76373 79543 205803 616173 625323 684743 754556 755452 777560 780006 781493 781895 790000 792907 795448 806204 809183 810579 811182 814293 815233 815476 816154 816812 819546 829771 854291 898171 926121 1020961 1048931 1069351 1220351 1249431 1252191 1253451 1283361 1315431 1322691 1330151 1355401 1356261 1363481 1384531 1485021 1530371 1934931 1953911 2059841 2150541 2241221 2507851 2564981 2663161 2737751 2960101 3028161 3041201 3277401 3286621 3297651 3433721 3533231 3597921 3714411 3855911 4278151 4303181 4958911 5179031 5259391 5385262 5449422 5525212 5656332 5660312 5661792 5724622 5738952 5816442 5916122 6014732 6018562 6084982 6120472 6183312 6258192 6269602 6271842 6288762 6419872 6509242 6572042 6609072 6695732 6904582 6944972 6965272 6976562 7006712 7090482 7172452 7315022 7508092 7823692 7885972 7901042 8092472 8143872 8287952 8294022 8340752 8402052 8417802 8518862 8596022 8614412 8654602 8765892 8769212 8803972 8906982 8933942 9015512 9081922 9139352 9147742 9158962 9200242 9248102 9355162 9366702 9405862 9409732 9468812 9491292 9527242 9543092 9543992 9574902 9588882 9639352 9654112 9676152 9759932 9853212 9896872 9952152 10154052 10224122 10224172 10252992 10268302 10284542 10355872 10473582 10546442 10771662 10785032 10864492 10928462 11010622 11028352 11035782 11058922 11063312 11073902 11148342 11202562 11304762 11316212 11349102 11403042 11413172 11424902 11541372 11567972 11577962 11632342 11732322 11774642 11855222 11884342 11896242 11965332 11991832 12047202 12049792 12300692 12350902 12386462 12517792 12536272 12683642 12702572 12727902 12886112 12973362 13012632 13028322 13124962 13190282 13286312 13356392 13362422 13418512 13475382 13546712 13601052 13683762 13693042 13817822 13884782 13900042 13979662 14027532 14056454 14063033 14079017 14079356 14083627 14084098 14085277 14089271 14096096 14097725 14098332 14109075 14115587 14118793 14133436 14134419 14136479 14144238 14152445 14177081 14182254 14191626 14200437 14204449 14213692 14216712 14217862 14228300 14238738 14252191 14260608 14264410 14266588 14270757 14274372 14280977 14285046 14290415 14304302 14304739 14313749 14315246 14316141 14319523 14325932 14326003 14330959 14342547 14342975 14345609 14363211 14364397 14370358 14372059 14382508 14384696 14389062 14391111 14398964 14399289 14421385 14430556 14433007 14435124 14437914 14448173 14451294 14464331 14475312 14476147 14500374 14508983 14519349 14524060 14533716 14544864 14562004 14568079 14578544 14617878 14618493 14621637 14625146 14631638 14632661 14632998 14634197 14638851 14641392 14641606 14652452 14660213 14661957 14680167 14712904 14715504 14715516 14724577 14727152 14749220 14763336 14777850 14799428 14801984 14820299 14828536 14833389 14837928 14840993 14850719 14855279 14860922 14861579 14869791 14871283 14892523 14935192 14938248 14943818 14949249 14985117 15040500 15044502 15052090 15062527 15080701 15081182 15087461 15109462 15123673 15126388 15131428 15150351 15158352 15173486 15175391 15189849 15221975 15228091 15247986 15257682 15276401 15284607 15288377 15295785 15302201 15313725 15315857 15342518 15342619 15343458 15348564 15354042 15364959 15367795 15374280 15381346 15400979 15410368 15412070 15431942 15441074 15446200 15447545 15451434 15487747 15488145 15497928 15510756 15514266 15520554 15521495 15537003 15575441 15579449 15605402 15632835 15671214 15675424 15678008 15699754 15700362 15706037 15706633 15746084 15746214 15751164 15768141 15768216 15819292 15839517 15842919 15845496 15859253 15863689 15872657 15885310 15891536 15908105 15917510 15924506 15928027 15937921 15979153 15987060 15991918 16000947 16012310 16069024 16089513 16106525 16148335 16163790 16169898 16181186 16191109 16191175 16201506 16226484 16234345 16237734 16270580 16275014 16297675 16303557 16345566 16348705 16369099 16411898 16418505 16425453 16427045 16438898 16445899 16465359 16506571 16530746 16533013 16539573 16610527 16630502 16662478 16663709 16668970 16680654 16684007 16690175 16694698 16720708 16727007 16733141 16750984 16807860 16813361 16814973 16818880 16819278 16827720 16828143 16874616 16880685 16886925 16888514 16907121 16908775 16928122 16956236 16996238 16997044 17003118 17005197 17046369 17047248 17068225 17069525 17074240 17074244 17074457 17079099 17080534 17087370 17125155 17130461 17156131 17172429 17204519 17214633 17214701 17224082 17225325 17228171 17242874 17295666 17301889 17310398 17343124 17366090 17371061 17372386 17375079 17385961 17429334 17429788 17439117 17451602 17463660 17464581 17466146 17471010 17506774 17514057 17538588 17545037 17549229 17565891 17576806 17577078 17593208 17641457 17676599 17713959 17727253 17779287 17788582 17827085 17837216 17845906 17850637 17925141 17972230 17993310 17995655 18049840 18065823 18066875 18072408 18086674 18092306 18107886 18137387 18174998 18188365 18194787 18196178 18203404 18211473 18216761 18233716 18239795 18247087 18254895 18258178 18269262 18281397 18301263 18312678 18375249 18391507 18402888 18406622 18442894 18460854 18497497 18499012 18536826 18557448 18559445 18604510 18621945 18628769 18642642 18680847 18691494 18699208 18704291 18710031 18731529 18752726 18754728 18814878 18818095 18850958 18906478 18982378 19012615 19338042 19399298 19431493 19471181 19533093 19564474 19572909 19599271 19602429 19685572 19746341 19920360 20096335 20192882 20212448 20466813 20545925 20567743 20628420 20660146 20660609 20685484 20686153 20698002 20764205 20851240 20918359 21132950 21158774 21179890 21182196 21224776 21225270 21266715 21318183 21367818 21372803 21404596 21460496 21507883 21544692 21546828 21566395 21665419 21703120 21751985 21781176 21812771 21816096 21832608 21908076 22091828 22119456 22141824 22164330 22203887 22289075 22490140 22539801 22660345 22660932 22982474 22992918 23014496 23033582 23111457 23126646 23130098 23166140 23197604 23219980 23331830 23388683 23406304 23500913 23547843 23584959 23594701 23664028 23789698 23992198 24165974 24167147 24480639 24865454 24908830 24990215 25003235 25054164 25065717 25127831 25159698 25274451 25276905 25294886 25799963 25911549 26089676 26104299 26287569 26334426 26374989 26474694 26590781 26618577 26835100 26850477 27067218 27413705 27426996 27644918 27845072 27890540 27961877 28108567 28115822 28130246 28166828 28377117 28578596 28584787 28612042 28658384 28936770 29046105 29097048 29529143 29724162 29767444 29807370 29827578 29943167 30010982 30025767 30059550 30146922 30175166 30178173 30204846 30272314 30705248 30924802 31036345 31152881 31269851 31310594 31503269 31962068 32059102 32428493 32503018 32629751 33014475 33063845 33369174 33617885 33815302 33872783 34244176 34323672 34343816 34356968 34737705 34904126 34932133 34983319 35301479 35402203 35476723 35796925 35798802 36217004 36380897 36480743 37680820 38164856 38186171 38194761 38329264 38338308 38388028 38488854 39001459 39528744 39616153 39815230 40007151 40300225 40486003 40937566 41172680 41721520 41871789 41905057 42630325 42654335 42659612 42793960 42929595 43155565 43321377 43613550 43746845 44203387 44497235 45051485 45085003 45334322 45617989 45914093 46360075 46476708 46529685 46668984 47507850 47951693 47986482 48096690 48497316 48663963 49115842 49216076 49472317 49620984 50387743 50638723 50718249 50832208 51096590 51466642 51527704 52162223 53257111 53962656 56712219 57102394 57689706 59580078 60321100 61510388 61628815 62865525 63314023 63614805 63728431 64387245 66395780 67090241 68452697 68696417 68839777 69577964 69648081 70267806 70474548 72615435 72627052 72725104 74250663 75423477 76416892 76424904 76488224 77042833 77750391 78634066 79287934 80979157 81453802 82109274 83602448 83897393 86239624 86272337 86843948 87478288 87795802 88435810 89554626 89595069 89856317 90058548 90964504 91462853 92513185 93730653 94561549 94574028 95998018 96585127 96779857 99536748 100111917 101551148 102524769 102747321 103585065 103944737 104289815 104893393 105203822 106491960 106554309 106783888 107093676 107462003 107639543 108136710 109595020 110812554 110821538 112762523 112869554 113979106 114519095 114767953 115575220 117016997 117477071 118132028 118557729 119127201 119480392 119546373 119777563 120174685 120900736 123437271 124473570 125745997 126150918 126362262 130974356 131070862 131979670 132977590 134156687 137717770 139984101 140591488 140827994 140935817 141357881 141527434 143879476 144892029 145361923 155394436 156985004 158788474 162886404 164830389 167488325 167637074 167686055 170101646 171519363 171995715 174811472 177234194 181217649 182377857 185002853 186957019 187594795 195440552 196671715 197948154 197962366 198699773 198911524 199015109 199400238 201515262 201835381 203137786 204632531 207669798 209789811 210785308 211556899 214348336 216952758 217574343 219979539 221160429 221485597 221749521 222128283 222268976 222496666 228561093 237220110 239221322 241164164 242821748 246191415 246913322 249415812 253953257 256172796 259505321 261947295 262086880 265427614 266389364 273004438 
#module 96 size: 115 bs: 0.311781
1630261 14516697 15365429 16087477 16272356 17150292 18186993 18308864 21153270 22240383 25512025 26001722 28039217 36941550 39031895 39362638 40264785 41959740 42026511 42992593 43266527 43785909 44268184 45008312 46972036 48476949 51144694 51312272 51482997 51684877 56805668 56882778 56981225 57187935 59122298 59394895 59577520 60211331 60578598 61238566 62913830 64166227 64365916 67775956 67798741 68480226 69427987 71530623 76862092 78906196 80481912 84894256 88342470 90420645 92251230 94541648 95277355 95654308 96756546 96898398 97598142 98200411 98968120 100573490 102067385 104332218 108622476 110750328 122025560 123778145 127686449 128040590 128144689 131317768 132681279 137917994 139882332 141524887 147342909 150872447 152189675 152479960 156693720 157645081 163009920 163894281 166207466 170143271 170777800 171908911 171994706 177407138 179999308 181421726 182105219 183101557 185158668 190120150 192809889 193274143 194832495 197538143 203495480 205361935 220020817 222112008 223757158 225390538 231546333 235179906 235324659 236022159 241808450 255325506 269218298 
#module 97 size: 387 bs: 0.830788
16713 1307011 1712831 6303832 6535242 6603672 7044252 7226972 8647302 9306542 9410912 11673662 12184042 13097772 13728412 14154581 14216821 14287191 14335761 14343949 14435478 14468043 14545046 14599422 14712592 14935079 14951992 15010777 15062528 15214601 15434432 15506834 15605754 15614959 15628274 15687170 15726358 15747743 15938944 15940736 15947185 15975681 16178737 16201819 16248319 16273144 16290327 16381764 16615594 16641718 16787126 16824146 16840877 16915314 17008328 17062111 17155901 17206150 17273391 17393362 17415305 17486092 17520649 17580892 17630773 17721569 17767500 17789501 17848135 17896640 18073211 18122984 18124692 18182511 18183592 18230113 18242620 18418944 18436433 18536322 18565158 18587662 18627463 18630708 18787132 18879847 18913509 18932935 18954425 18988817 19083865 19138755 19187122 19264339 19377400 19418492 19477654 19490555 19505248 19597166 19618046 19713521 19734025 19743196 19824145 19961801 20071285 20160897 20276964 20319730 20376532 20472901 20664195 20932375 20959144 21018559 21023334 21321994 21507298 21658412 21695613 21867719 21881105 22513467 22516489 22883967 23026604 23135992 23148563 23154642 23171383 23172966 23292975 23451393 23546638 23920779 23939797 24164536 24419425 24481083 24703871 24733117 24791281 25419816 25491038 25610972 25737016 26118186 26211291 26539097 26870624 27109378 27143583 27787027 28018672 28076703 28140193 28301633 28471924 28504545 28573074 29436139 31257590 31619861 32451329 33085590 33213349 33241171 33637010 34376087 34572831 34728091 35105327 35234203 35280301 35524334 35748845 36008885 36648662 36832842 36912323 37222006 37420083 38194364 38748814 40957993 41958323 42055361 42202168 42300159 42468157 42601947 43600056 43607866 43803902 44388527 45879513 47684949 48469625 48900102 50060799 50743805 51131831 51253969 51758990 53056410 53288855 53444887 55885084 56428052 58438772 59043610 59683851 62193495 62301773 62846638 63039818 63292317 66350411 66480892 66691421 66763589 67010977 67129024 67321398 69497763 70004519 70062275 71203121 71740672 72019681 72826714 73341141 73359595 73497064 75711686 76000222 77731518 79740296 79930408 80779692 81423917 83370426 84045446 84236250 85906552 86711072 88677841 89280747 90309379 90971235 91694445 92364623 92798123 93176964 93666150 93740417 94365433 94826232 94856925 95458918 95740429 96188024 96316448 96387764 96477730 96933119 98128280 98390827 98479451 98505044 101911812 103175150 105214847 105305259 107572393 110259781 111053385 111435350 113097921 113619900 113662211 116065011 116108369 117943004 118278304 118644821 119297816 120735491 122466242 122540204 123334275 124329490 124854403 126688022 127198803 127692921 127810704 130302239 131643746 131862233 132394928 133456536 133559534 133834939 134853224 135011198 138860140 139362133 139458881 142513252 144311568 144538924 151212561 153483319 154776946 159001530 159929295 160897794 162029292 163222098 163250088 163565993 170394787 171084149 172592448 175477079 179131373 180160839 182987447 183499665 184896140 185152562 189474615 189975197 193834897 194152765 194604669 194783022 195900371 199381244 199746127 200139454 200230533 200903027 203867751 204609287 204768565 204979872 205094271 205346326 210819491 210831524 211774252 220982094 223380929 223488253 223524009 226207535 227986140 228636294 229517477 230314512 231496926 231535622 233597060 234318173 234895094 235319539 236242567 239020684 240062530 240247368 240878542 243848799 244791392 245042640 245126239 246418321 250532240 251487559 251718913 253422875 253589177 258475508 261344536 271781804 
#module 98 size: 1334 bs: 0.497731
755332 785595 5693062 7144882 7288532 7350652 8071902 10786382 13306282 14090931 14131420 14150407 14275501 14472183 14493526 14549601 14720411 14763855 14898632 15044300 15229127 15274836 15322793 15600217 15618317 15680214 15726500 16044729 16068825 16175706 16191771 16253235 16388972 16425627 16506186 16540406 16624180 16703058 16864988 16948493 16956339 17070787 17224082 17357018 17362299 17387554 17520649 17608059 17746589 17763164 17771429 17864262 17905825 17939480 18059231 18105493 18234520 18276100 18282606 18385897 18398385 18414159 18431771 18433188 18483871 18500852 18506975 18507199 18534567 18543454 18544188 18594996 18626582 18629665 18649219 18664956 18692021 18833982 18872519 18878427 18933832 18939822 18942695 18953266 18958597 18962975 19022242 19035245 19124543 19167202 19432112 19477159 19578025 19632835 19640035 19650336 19783137 19927845 20007264 20027256 20116255 20148513 20318194 20352504 20477352 20649770 20733757 20751505 20813021 20813611 20897273 20938935 21009554 21057434 21113258 21152997 21259003 21275420 21587712 21777919 21784570 21814082 21881621 21930609 21953832 22042403 22192559 22242179 22254576 22341769 22380908 22540789 22577042 22581361 22792103 22813537 22925703 22940727 22950203 22965779 23008116 23031702 23103362 23257245 23282565 23335196 23389965 23401174 23420024 23555722 23556388 23560531 23711425 23722620 23782518 23844792 23882123 23961550 23963107 23992376 24163850 24351659 24411254 24414900 24500538 24533117 24574222 24636191 24654508 24686494 24741411 24803181 24811584 24962655 25043966 25100373 25154863 25242416 25253084 25335744 25729276 25740983 25781647 25897762 26045055 26306729 26312359 26388416 26402434 26457416 26486510 26681326 26815053 26847783 26874644 27050983 27056757 27071190 27077432 27234262 27257879 27325141 27386308 27512005 27515718 27753611 27827695 27908385 28031609 28214315 28226960 28391808 28424289 28486708 28768235 29015085 29084075 29090205 29163409 29206300 29355945 29459695 29460521 29518132 29555467 29632619 29770468 29940127 30145166 30194186 30298025 30340990 30386438 30404850 30462898 30665326 30761217 30780296 30933895 31070910 31293436 31330292 31403276 31830665 32145253 32266938 32300434 32334346 32530781 32584355 32633716 32770999 32957473 32992448 33080831 33158772 33218276 33327241 33327675 33452988 33498000 33657457 33668466 33778988 33870680 33960315 34030481 34075958 34146256 34316788 34405249 34443244 34534533 34686024 34733255 35176496 35520594 35536649 35726826 35810047 35960388 36204399 36230769 36585424 36643209 36813285 36906540 36944780 36982314 37076569 37077578 37190491 37222006 37241140 37246265 37832300 37920064 38124429 38151136 38202628 38260779 38327069 38541154 38580030 38600665 38610291 38615541 38646243 38729990 38925280 38976017 39099106 39176418 39218350 39439728 39584114 39653094 39753319 39897996 39910912 39986906 40185311 40187150 40187188 40248272 40337245 40340319 40350303 40701143 40907388 41470157 41549425 41856927 41929517 41965009 42119491 42300348 42330308 42381705 42670114 42680682 42684074 42740377 42990133 43364907 44278796 44297180 44446489 44636789 44693348 44770529 44870998 45013235 45051894 45187586 45450377 45526985 45537747 45547073 45672770 45865465 45928398 46019128 46054692 46138858 46222099 46666938 46754894 46860582 46878105 46934475 47110722 47300233 47380390 47520916 47628348 47661343 47736537 47785927 48059095 48320268 48726854 48764460 48867402 48892632 48915248 49354191 49464688 49814392 50002300 50025858 50225755 50335002 50408030 50663525 50985635 51185550 51294632 51482804 51531341 51734182 51982828 51997163 52114630 52254968 52306963 52405458 52474527 52504599 52582757 52725693 52757236 52780400 53292314 53324525 53466911 54200212 54213842 54387128 54709948 54877998 55222535 55274676 55391997 55533136 55927532 55933111 56081354 56669858 56675544 56706308 56836415 56994938 57231428 57486140 57505932 57795179 58149795 58244502 58256315 58268797 58751344 58845411 59197928 59338505 59355478 59697909 59698845 59845061 60181596 60304834 60650519 60849055 60936367 61109023 61250869 61421779 61481916 61543234 61751708 62415418 62509989 62619975 62635353 62816181 62972069 63192289 63260438 63290903 63337613 63468801 63531207 63597788 63646347 64217263 65367727 65507075 65539550 65598884 65748080 66906291 66925975 67381805 67510424 67574227 67656375 67771977 68036460 68094095 68209920 68241308 68414446 68442782 68456925 68554574 69072789 69366493 69377877 69435529 69490214 70236664 70478756 70617438 70688431 70706453 70833097 70872642 71423326 72005983 72036947 72135569 72218449 72741498 72811901 72826714 73703096 73710819 73978891 73986605 74033128 74202957 74586267 74681972 75243379 75511224 75551503 75612668 75630518 75816353 76456492 76498257 76667648 76887105 76976987 77895702 77905001 77949533 78275869 78543480 79637747 79754695 79799271 79930408 80621298 81189900 81655538 82390302 82977544 83220224 83379102 83454492 83735005 83770292 83938774 83966731 84053324 84061021 84488824 84524757 84697403 85008170 85032253 85251925 85632018 85736993 86495946 86528620 86549560 86770799 86780531 86831936 87321877 87331481 87590534 87615535 87712519 87719730 87870915 88198639 88388566 88471653 89036498 89121882 89385774 89776939 89929074 90577798 90668001 90854372 90932230 91071674 91198297 91273362 91448645 91683053 91943914 92927188 93328997 94159667 94717868 94831581 94841257 94878320 95137513 95288092 95522978 95985617 96109157 96387764 96655484 96790154 96815249 96889262 97051433 97158610 97855971 98505044 98714095 98928522 99001341 99325018 99356759 99772708 100281735 100554896 101014503 101106972 101221067 101612960 101744237 102019594 102186571 102308453 102847829 102951314 103088329 103116624 103651694 103655819 103725748 104055955 104434793 104563357 104584453 104727907 104733034 105109640 105268204 105343122 105860187 106175819 106413293 106414572 106540670 106601959 106645659 106831967 106874944 106888707 106963800 107164806 107621747 108083117 108140942 108350879 108448846 108538150 108679657 108692077 109433379 109569992 109671957 110280391 110404277 110470795 111410375 111795703 111969688 111989628 111992715 112058406 112075462 112516636 112558885 112749574 112760135 112938012 113422725 113734388 113787997 113831847 114916798 115036116 115585592 115624836 116234257 116706360 116756735 116873115 116999724 117022831 117157665 117196502 117792193 117962382 118352178 118614880 119113698 119196878 120309742 120652915 120962212 121163932 121223001 121239864 121296694 122056847 122153660 122290394 123055515 123116942 123130128 123324025 123431836 123634244 124073829 124176905 124203804 124248528 124548242 124942059 125090401 125150547 125277965 125392820 125409467 126153057 126346398 126351209 126364732 126387549 126395181 126598407 127636504 128023725 128102692 128996296 129529866 129730276 130395742 130554757 131021790 131066597 131370098 131512268 132108729 133778635 134009694 134687004 134743070 134841238 135033964 135057752 135715040 136004374 136242193 136378375 136461307 136653516 137066744 137183468 137366470 137455666 137622383 137786520 138077315 138111295 138166083 138322735 138628895 138847948 138905522 139024456 139063272 139184917 139292079 139331113 139535000 139757503 140255945 140286942 140983662 141243524 142157110 142303850 142410443 142705588 142805881 143613967 144712717 144921225 145159487 145196076 145347010 146416257 146512958 146906710 146943510 147043669 147359145 147359386 147461784 147756403 147787042 148055679 148155333 148476118 150255293 150400817 150770608 150956563 151136998 152352981 152908018 153244255 153428380 153559103 154132764 154368883 154440966 154635466 154787999 154959835 154972484 155029302 155668326 155690100 155722772 155899912 155962937 156296440 156475064 156783397 156959765 157122822 157314364 157729385 157765776 157767014 157832459 157858384 158000381 158104132 158136469 158216035 158228752 158552358 158630760 158875382 158980067 159144566 159563937 159658784 160029634 160097143 160658239 160718204 160984282 161524303 161783675 161813117 162017343 162092045 162279176 162364970 162557157 162959901 163067164 163719471 164453074 164725958 164856615 165090476 165200431 165418860 165420335 165494539 165594154 165814490 165826885 166248847 166698317 166757786 166839611 166961004 167492987 167700350 167915369 167959400 168402242 168563935 168710679 168893547 169051492 169074286 169103586 169234290 169443688 170192703 171424066 172143827 172225488 172397445 172639027 172771660 172886308 173610845 173941018 174291299 174350413 175222812 175344254 175413619 175938534 175997836 176114435 176225740 176642333 176764759 176868644 177096882 177336546 177959094 178197920 178817507 178897716 179812242 179964691 180084261 180390958 180463340 180605438 181120728 181233139 181311417 181520337 181800245 181929711 182028677 182040558 182056988 182172282 182517897 182982341 183088045 183271121 183461152 183626732 183998273 184221744 184274305 184275950 184292192 184497682 184518363 184630300 184756173 184900712 185124947 185187643 185221735 185477564 186118905 186267547 186426532 186633188 186791742 187951011 188185864 188202145 188450258 188560097 188574103 188683808 188867349 189265359 190229279 190359605 190546924 190915626 191358215 191549398 191609459 191667380 191840628 191875463 191964962 192236628 192709407 192823256 192968187 192972145 193364199 193483917 193585697 193703862 193779018 194066377 194245667 194955084 195664345 196071730 196161118 196590443 196885303 197075594 197178807 197511305 198048144 198056848 198338473 198380384 198399355 198590293 198597076 198793430 199234560 199486235 199624094 200123241 200292780 200664598 200685361 200713835 201656128 201947373 202063776 202075612 202192724 202376476 202789051 202849351 202867023 202892149 203290250 203379278 203560551 204186596 204390536 205066491 205066686 205341777 205544568 206216645 206613587 207205591 207379807 207553661 207730312 207977066 208064567 208093309 208703350 208830775 209482512 210268467 211633957 211787112 211977478 212006174 212135317 212311732 212311866 212950155 213310819 213487656 213702367 213937754 213945499 213947558 213961838 214112621 214212019 214274567 214406243 215761524 215797959 216172901 216258042 216605516 216633243 216902526 217000649 217064519 217793491 217798695 218193050 218219246 218375995 218567695 218764044 218902597 219089755 219353003 219690900 219913962 220190718 220255068 220419374 220502693 220578999 220594903 220756966 220885253 220920045 221265281 221452291 221509706 221697034 222189121 222485748 222823225 223171168 223219109 223679418 223848490 224428744 224808382 224809136 224830108 224883589 225199394 225491442 225564695 226001181 226011338 226532196 226659463 226822549 226995027 227016826 227207387 227686496 228085717 228397622 229178886 229255063 229328959 229579510 229729919 230182617 230299067 230476419 230509267 230525319 230589809 230770866 231039361 231271588 231472142 231580019 231991793 231998027 232230669 232276959 232378811 232420456 232445524 232451257 232571300 232603412 232674215 232834568 233257736 233405624 233409410 233707083 233986555 234104154 234281590 234308463 234439191 234895094 235380880 235463218 235482531 235538483 235737404 235905598 236226987 236508708 236719127 236882308 236967039 237114951 237193691 237394359 237581493 237962820 237996239 238394455 238468639 239188819 239190317 239271745 239286291 239682389 239923310 240551046 240586538 241310760 241382533 241580495 241801946 241963008 242093844 242444620 242454810 242477546 242551935 242860285 243164287 243220807 243494256 243913373 244050895 244385521 244770433 244931754 245094866 245816373 245928017 246029073 246648550 247042017 247057776 247414089 247779244 248037849 249096055 249259023 249485868 249542643 249818868 250521819 250582808 250928526 250983856 251114231 251229821 251240599 251744064 252759457 252769982 253414535 253437303 253784340 253888243 254184021 254221946 254853167 255167616 255180880 255234205 255315692 255509379 255704566 255708730 256148516 256186650 256249279 256288010 256291383 256754305 257116158 257636956 257854565 257994974 258039690 258096381 258582570 258843668 258852781 258923616 258939764 259123873 259305320 259389589 259603718 259615130 259695549 260108644 260136602 260768576 261073782 261277321 261630686 261708017 261765367 261894735 261932674 262292817 262379715 262966574 263517122 264046056 264320420 264400863 265268942 265500964 265749910 265960486 266073365 266151992 266296850 266568519 266908845 267517115 267579171 267926000 268063294 268690589 269105245 269700319 269747809 270172081 270308750 270455224 270781759 271127683 271160885 272418328 272754640 274197373 
#module 99 size: 143 bs: 0.899311
509 682213 1091241 2676431 2771891 3811511 5153221 5388852 6144162 6245232 6540192 7112242 7314152 7737642 8156622 8293402 8883702 9209942 9485202 9686792 9804482 10000642 10155832 10609292 10636902 12855572 13388922 13579842 13690622 14061771 14076943 14109004 14117196 14135237 14206392 14220249 14270791 14293571 14346361 14349449 14349894 14354144 14576426 14620544 14707115 14758406 14860195 14888632 14894307 15106068 15385968 15393195 15428401 15440344 15555038 15626406 15681663 15770684 15831093 15866800 16157980 16235927 16352993 16956811 17029807 17063238 17175973 17177403 17307627 17312943 17381284 17451411 17472945 17477864 17856201 17898705 18064263 18089164 18134210 18295455 18566782 18885594 18930170 19018185 19374805 19532315 19794129 20030225 20172321 20610029 21307269 21653513 22290807 23166597 23343266 24906998 25191558 26657049 31179355 31213504 34556885 34636987 35783898 37069994 37764670 39619991 39774991 43292618 44069257 49445813 49824306 52814458 57949239 63054429 65002820 69932023 72343437 79873303 83865532 89266401 89410778 91921994 92342722 96640040 99740489 103971994 107633083 107749539 109339635 119980245 120794494 120819229 124920374 133893663 173387492 180770812 192589318 232502918 233965578 246036260 250246958 258934913 269734168 
#module 100 size: 309 bs: 0.273726
989 1081 1398 1688 2185 3840 4030 11489 11752 11848 12696 12916 13348 13407 50193 57203 62783 66993 636843 651543 683113 688273 688483 703953 767715 772681 782354 787611 788673 788863 804904 815897 818340 824157 824211 833071 923541 1040391 1042631 1045701 1048931 1246421 1380711 1394361 1630261 1639601 1717291 1797291 2148071 3265101 3303571 3376281 3452941 3460751 3954581 4554681 5024061 5238371 5402752 5408012 5489202 5531562 5957552 6065942 6219652 6302382 6486742 6708952 6814492 6911662 6944372 7144182 7277852 7278032 7282132 7480172 7614052 7708092 7865552 8039442 8092472 8132322 8261762 8348782 8466962 8476602 8925602 9074582 9244262 9324442 9413702 9431342 9468972 9562272 9813282 9831802 9961332 10044022 10284332 10284472 10650562 10876852 10921672 10952962 11069462 11148742 12070672 12294192 12795662 12834972 12852572 13140132 13438712 13578412 14015762 14063033 14083627 14090906 14095473 14110654 14120984 14179222 14180249 14198011 14263141 14277276 14320024 14327478 14332565 14390076 14416798 14426771 14433757 14437914 14471522 14500374 14523408 14528817 14529013 14547107 14582352 14607461 14643996 14680596 14697711 14707115 14908932 14943648 15002220 15050305 15063931 15064389 15067045 15073882 15076390 15098639 15126651 15149632 15237935 15270963 15294706 15462987 15469101 15476915 15479484 15538795 15631770 15862839 15865260 15924411 15936194 15947897 16120265 16222945 16248619 16278276 16332052 16381178 16407837 16510194 16592620 16731359 16911564 17168493 17578918 17844404 17976577 18041438 18162777 18204677 18300176 18370656 18526308 18576979 18660690 18857922 19065393 19079941 19542974 19575406 19639071 19703385 19709448 19828667 19996935 20025220 20593866 20609319 20632381 20696032 21069098 21575880 22200186 22301442 22387220 23225823 23792216 23898238 24133831 24420867 24553362 25160944 25513646 25752513 26154615 26730532 26943860 28117912 29135440 29802611 31536253 32718488 36198161 37922200 39341556 41250334 42284908 46670048 46958309 47712248 48123021 48392114 50686513 53311224 57600394 58561993 58563977 59818041 60642052 60843560 64122735 65681735 65858107 68552069 69837017 70190484 70751508 75541452 78212056 79391196 80794949 81020598 84201313 88061302 90803319 91148885 91894424 93837236 94229358 97515361 102399171 102568475 115087202 118769820 119395435 123940928 123963067 128361193 129878110 131607538 133480857 141004777 145662065 153997237 156407255 159163111 165482352 171669403 179138607 179549579 182686614 185681415 188841373 191663507 203871835 214788442 216838986 229543786 233306179 236550275 238819163 244404903 246576590 255349187 257664564 259288021 260518040 263852695 269130040 
