14121853 156644794 
123905824 148833123 
30516098 130650276 
44123567 97074438 
180607403 243660328 
100573490 139063272 
147467640 150224559 
28447455 77292945 123971807 
128040590 197538143 
54475659 72661977 
107789104 236409451 
110424984 128396268 
20254792 51179919 
178943260 194591750 
94757700 156137116 
90469674 110778721 
77540628 122895180 
148478556 197882703 
21726416 25904132 
52910865 69443278 
95142106 171023147 246600472 248960481 248988432 
40300225 41172680 60321100 
1442101 5547552 12398022 15942716 17988396 18533988 34033504 44046468 
127356642 210886997 
210909560 240238656 
67924644 243768368 263588145 
26001722 106175819 269218298 
99031903 110921163 135102077 190229547 
833071 1293051 5832712 10420662 11202562 11821622 12219832 12935692 14065215 14135845 14153491 14333690 14387542 14388689 14431213 14523408 14532450 14533716 14749243 14773964 14862723 14947289 15030787 15033971 15270963 15583292 16145206 16334085 16494284 18481782 18514207 18920390 18927821 19356110 20219382 21509975 22665665 23006156 23204397 24166550 28166828 39284620 41145894 41296367 78354184 97289556 227726723 246061882 
51684877 56981225 64166227 64365916 67798741 94541648 141524887 171908911 181421726 
14236479 14668668 14898632 17237906 18233716 18911295 18958597 19990190 20340239 20609319 21783716 22242179 23560531 23961550 23992376 24741411 28424289 28765331 29555467 30761217 30955860 38600665 40250971 40337245 42140354 42202168 47828718 48737785 58386031 59338505 62619975 63597788 83006046 87590534 96188024 98580028 99356759 103116624 103655819 106413293 107025267 107500136 109302745 114762261 116886298 124176905 129730276 131370098 131998232 138905522 139965205 140983662 144378293 146452672 146943510 148155333 150845268 162279176 167492987 176764759 182377857 183088045 186901595 190546924 199654751 203890384 205007756 205066491 208920761 209482512 211421505 216145017 216633243 221249442 232420456 234099467 235482531 236508708 240551046 243220807 249485868 250582808 251114231 256060579 256754305 259305320 260620672 262035041 262261836 262966574 263448462 267882860 270781759 
25799963 81189900 89026913 151136998 
26154615 123940928 124028136 
46573385 86813802 135248445 
91791843 207977066 217000649 232445524 233986555 
13577172 18222647 54330827 87534528 89013228 
1120601 6426552 8071902 8384912 9431342 14712592 15866023 16411060 16510194 17211751 17812000 18197912 18415509 18500852 18536826 18939822 19694104 19703385 19828667 20632381 21678847 22052924 22277113 23792216 24257957 24419425 24480639 25043966 25151753 25335744 25781647 28504545 29940127 31634255 32529831 37645675 38151395 39821643 41305840 42300348 43613550 43803902 47661343 50335002 51294632 51695698 52306963 53091022 55533136 56377143 57600394 58845411 59539942 63337613 65858107 66925975 69837017 70190484 70706453 72605385 80449471 81020598 81655538 84562932 89929074 91117627 91194630 91462853 92074551 94229358 94574028 94878320 102324811 102399171 106963800 108083117 118644821 119297816 120174685 120309742 125090401 136772862 137937174 140979761 145662065 151472342 153119220 159563937 165404712 165420335 167637074 170061178 180151159 181217649 183859873 184221744 185152562 188841373 197948154 201656128 202192724 214274567 214348336 217574343 219353003 222496666 223380929 227838448 228397622 230718701 232438363 233707083 234104154 240854929 241210475 242093844 242551935 242821748 246576590 254629570 254812166 254853167 256148516 256331922 258852781 259288021 259653783 261598031 262086880 265268942 265749910 267059970 270172081 270308750 271127683 271160885 271625895 273206322 
1630261 48470743 50686904 53418720 55648693 57187028 59608784 62584936 62996416 72928626 85917069 96980395 108357234 109059176 124002957 134908261 147335676 157524175 168888540 171191429 189561195 198649890 203256940 223961051 232987424 236719127 237876854 238341121 
1630261 15767281 31288054 39031895 51144694 51312272 68446061 71847229 76000222 83434276 98968120 119230913 126979577 129347403 137531481 139788444 147595464 166961004 168296616 228085717 
14248612 14339520 14911255 15585410 15852054 17224164 17576667 17644563 17945015 19160080 20267632 24816382 25367291 26900011 33362218 33877371 43635444 44015183 45756215 61462007 82376322 92356909 106185357 107572393 114467024 126754289 160897794 162052960 167570736 228636294 241210475 245543122 253349591 
18818095 19533093 82328753 99536748 118132028 
205803 810579 920991 3028161 3277401 3286621 4922001 8518862 10000642 11202562 11424902 11632342 13000872 14280977 14860922 16226484 17549229 18269262 18292479 18402888 19338042 19602429 19707468 22457041 23618183 23664655 26835100 31214311 36697219 37680820 39815230 62545966 93730653 100504915 
18761609 61496860 62554155 73331245 83491082 96089519 97122417 101711457 102043210 102542634 106727127 109881181 113198037 116873115 118028227 118230146 127465176 129529866 130128230 146321140 152143338 154906588 156198826 159503258 162060324 163745140 164271321 166815795 167312921 167735296 172223222 179514953 184876062 184886029 195979860 218936223 228331929 228561093 237114951 249983793 253545416 264046779 
450953 1012071 1692171 2226621 4937061 5606492 6567132 7018942 7145552 8435452 10748252 10776882 14051159 14235323 14350762 14465902 14693622 14745283 14774443 15249228 15515538 15578710 15749177 15781117 15821556 15943690 16226069 16657530 17050705 17165458 17284883 17641725 18120676 18252347 18559445 18622210 18783265 19065686 19455487 20017902 21755807 22155739 24551605 24707040 25151753 27292941 29392243 29822494 30018368 30461425 33414867 36371780 38297358 39657206 39944598 41364338 48604785 48816106 48900286 50737978 59833587 60100870 62310536 69493393 74946653 84562932 86080280 123892070 131177653 161415195 170225857 184841559 199848513 202595945 203003361 204824975 209150087 266202805 
812825 821110 7090482 8071902 9804482 13286312 14342975 14911286 15113529 15483517 15689313 15724452 15928027 16297675 16302855 16313592 17304123 17451031 18086674 18196178 18658739 18732075 18812573 19560605 20564713 23387320 24930382 27044209 28441423 28676469 29624532 32422915 35281506 36357300 40944884 43562100 47684949 50743805 57689706 64544676 65098687 67673600 72615435 84025309 88822659 139808538 139953824 142169165 145420038 217541234 221846963 222568217 242864968 245634968 263312330 
15683 24113 749333 780006 790000 3395021 8299792 9561522 10768282 13807132 14782952 14830831 15125371 15274752 15466555 16200143 16428278 16641454 16916193 16970274 17278906 17453969 17753670 18071407 18281397 19689035 20550830 21359690 22878414 23485622 31738235 34924998 56660747 78789634 84972513 87358503 115377377 152145953 152560538 154435961 181096818 202844511 260631674 267519951 
14304203 14578544 16932185 19409508 19654787 22204032 22372197 28268371 30033646 37818134 78924375 100817771 194608987 201242210 247498484 268125399 
14335761 14740408 15978380 16700601 17713959 19065393 23064510 23958589 27553223 28377973 34676616 36997036 65293006 69971262 79039503 88498786 119139599 130893745 139535000 140060120 192477353 193689467 237752191 237962820 242852382 252782082 253473812 258731466 271745209 
4278151 5820022 9405862 9994802 10252992 10284192 10473582 12566322 13191382 14084098 14274606 14320910 14661957 14746460 14848179 14870804 15001234 15117599 15295785 15343285 15343458 15353236 15362948 15371730 15412070 15634516 15660796 15687170 15749997 15781117 15959806 16032700 16069024 16105152 16130242 16135362 16156302 16201819 16270390 16320817 16520112 16536804 16592690 16787126 16895549 16897237 16956103 16956236 17083396 17116782 17202143 17300593 17343595 17351052 17371061 17400430 17424617 17505487 17538588 17878154 17971670 17997511 18039861 18143526 18175164 18214840 18216761 18275871 18280155 18312678 18322904 18406622 18744397 18786047 18790031 18795950 18857778 19023804 19047089 19137574 19288077 19466732 19532857 19690008 19732334 19771162 19774034 19789205 19841754 19988765 20201647 20338713 20397358 20758436 20764205 20813783 20882372 20989298 21004344 21080122 21372803 21584163 21863612 22023311 22084719 22413145 22490140 22818133 22992918 23032476 23155646 23526929 23843205 23861287 24167147 24798988 25202714 25567123 25736364 25931068 25948167 26255541 28128602 28622733 29343437 29436139 30268257 30376196 30857134 31281673 32998543 33648595 34057913 34262175 34425171 35068546 35523686 36098673 36730935 36986564 38359820 38668559 38670814 39470262 39528744 39700831 39932500 40268283 42469463 42909484 43911998 45004183 45051485 47470276 48284445 51034077 53188888 57247518 59095319 59913286 62964460 64047804 64927053 69001280 70267806 70335881 70632952 71015802 74026628 74625574 76488224 77402928 79740296 87719258 93100491 95499927 100004821 100188468 101863069 104211750 104493815 105305259 111701523 112266869 116234257 116571138 117477071 120965844 121738047 121910714 125090924 129949964 131177653 131246223 131357770 131646552 131881168 135011198 135414895 145350228 155396230 159245037 159329042 165590939 180077597 184517281 193674723 201531255 203508691 206358757 209471041 215989468 216905062 224074946 233221276 239576675 242179067 243374286 243431726 259288480 262312950 270698836 
1630261 13578412 14516697 15929686 16087477 16272356 16856926 17150292 17214701 18186993 18308864 21153270 21751985 22240383 23225823 24442567 25512025 26617933 30933895 36813285 36941550 39362638 40264785 41959740 42026511 42284908 42992593 43266527 43321377 44268184 45008312 45848865 46972036 47216578 47599165 48476949 51185550 51482997 54295084 56805668 56882778 57187935 59122298 59394895 59577520 60211331 60578598 61238566 62913830 67775956 68209920 68480226 69427987 70937408 71847229 72311889 75541452 76862092 78906196 80481912 81052999 81423917 84269742 84894256 85251925 85267320 85543520 86188413 88140118 88342470 89370731 90932230 92169251 92251230 92711494 95654308 95738226 96756546 96898398 97598142 102067385 102568475 103175150 104223101 105109640 109150601 115933562 117255869 119980245 121235735 122025560 122586910 123778145 127188125 127686449 128144689 128693679 129347403 131317768 131713492 132681279 133456536 134352532 134487373 134807812 135298815 135687184 136794736 137443330 137917994 139788444 139882332 144422669 145408456 146917975 147026192 147314264 147342909 151714614 152189675 152479960 155668326 156693720 157645081 159049573 159791993 161700842 162735344 163894281 164550070 166207466 168837176 170143271 171594145 171994706 171997599 173534506 175533140 177156570 177407138 178197920 178275485 180481402 182056988 182105219 182357928 182562771 183101557 185158668 185657737 186024338 187594363 188419032 188574103 188840004 190395758 190969275 191478815 192809889 193088908 193274143 193362884 194832495 196853166 198560132 199009858 201290345 201763743 203379278 203495480 204838222 205361935 208398817 208677720 208766236 216529788 216952758 217576078 219265469 220020817 223757158 225390538 226672560 226769636 228661575 229674969 230859303 230974069 231085129 231546333 232573485 233948859 234001935 234840602 235179906 235324659 235633896 235729192 235759321 236022159 236368003 238356204 238602830 240468977 241472180 241808450 242884484 243662422 244065169 245453198 245793450 248493560 250731274 252371425 254493514 255325506 256324516 259011240 259394715 259493072 259638685 260985403 266278152 
8393112 13220972 14144790 14212028 14291015 14327792 15445154 15534716 16941718 17644563 21275406 22201568 36407795 49233038 61849834 65363711 68982398 104901157 110281707 113747572 125867143 142415173 195742848 
1630261 15929686 21179070 70937408 82821085 86241413 86989704 89492277 106824606 123318445 124866595 128507642 130158543 135399738 146655020 150872447 156121581 161783675 164391207 166235979 166394396 170606832 187731482 230974069 237212345 240606964 
7288532 10438862 14685174 14889185 17420951 20990463 24334049 29355945 31334049 36254904 41597013 46114472 47577195 53040017 53846756 56081642 56443851 62554155 62698050 68939290 68991418 69187979 70416891 71185998 73829527 79043962 80741351 81548178 83491082 84358598 84623393 85263926 90837985 92145218 95333167 95382723 99325018 101690924 103510832 104400450 106319129 107747077 109504968 109995803 110609337 111809956 116073715 116526623 117836707 118028227 118713710 119348430 120694668 120926981 121117011 124306740 128151956 128240571 128811995 133279867 136461307 139469291 139628316 141167217 143613967 144383619 151959726 154363906 156636089 159265325 161480745 162965189 163745140 165583353 169795819 177719652 181834984 183926085 188474582 192124196 195779937 196273078 202090023 208325536 215235391 217923038 219011376 226925720 233796756 249222971 250070427 261630686 269111650 
10786382 15322793 16178737 16425627 16799649 17939480 18544188 18626582 18872519 18878427 19927845 21009554 21784570 21953832 22581361 23389965 23451393 23555722 24574222 25242416 26402434 26432499 26457416 27515718 27827695 28391808 30386438 31070910 33657457 34075958 34728091 35960388 39986906 40187150 44770529 49354191 54387128 54877998 63337613 69435529 70688431 91448645 96815249 104563357 106540670 113734388 119113698 125277965 128102692 145341208 147787042 156783397 160658239 162279176 188202145 193779018 197075594 213937754 219690900 225491442 227207387 231271588 235538483 245928017 253888243 
682213 3811511 5153221 5447732 6540192 7314152 8156622 8690902 9013032 9209942 9485202 10155832 10609292 11829282 12855572 13388922 13579842 14109004 14135237 14206392 14219103 14220249 14346361 14349449 14349894 14354144 14430556 14707115 14835646 14860195 14959496 15106068 15354397 15385968 15393195 15428401 15510638 15555038 15770684 16157980 16167886 16703742 16956811 17029807 17063238 17177403 17381284 17451411 17469567 17856201 18064263 18134210 18295455 18787972 18885594 19018185 21307269 21513512 21653513 23166597 23343266 24906998 26657049 28018958 31213504 35783898 37069994 37764670 39774991 44069257 53294779 57949239 63054429 72343437 79873303 83865532 89266401 92342722 98793050 99740489 103971994 107633083 107749539 120794494 120819229 128126290 173387492 214303021 246036260 
7614052 17259640 17399774 17813433 19631582 19990190 20405853 23664028 25059097 28901886 37420083 38793729 49616509 51678226 75347004 78315807 119667870 120765039 122493098 124670621 133923294 145755847 161691702 162959901 173452455 175590052 191514152 213069826 216344199 220884100 263031010 265977653 
8447862 8496612 12597012 13315172 14464919 14562275 15599014 15683948 17579692 18089695 18353112 18689581 18822990 20209025 21729540 23324325 23421006 23628049 26419482 26713682 29985526 32377446 32712520 34674286 39241726 43500507 46037408 47110722 63285684 64844059 67436412 70199201 75221587 77281326 84623487 85665693 89468228 90964504 112762523 118102391 123116942 124524462 132013729 140028928 141242868 155192639 165144151 171719023 189686051 191514152 191840628 195165128 195796378 217162001 217527334 222444337 231254156 231488894 232979512 235380880 246290364 247136805 254426170 257186370 260505934 260786513 269082797 
11145002 14494993 14624115 14628090 14945059 15172283 15215190 15302120 15382111 15445270 15503968 15725650 15746214 16357285 16419927 16427045 16506571 16951971 17259981 17512738 18017238 18038375 18173465 18391507 18611056 18685602 19015082 19114943 19658782 19801665 20307019 20567743 21345004 22924849 22992850 23095083 23618183 24125006 24184567 28674078 29813042 30466915 34012344 35796925 43226515 45034162 47634020 54296186 55532384 55913654 66799471 69136508 73347023 84097256 99225888 108274516 109648337 109813572 111556341 111729901 123379214 126928559 141571223 143414740 148696421 157455254 172107130 177276579 182798348 210852155 214659775 243767573 262770233 
13410 898171 1069351 1485021 2059841 2960101 5660312 6509242 6572042 6944972 7172452 8092472 8294022 9200242 9654112 10785032 11010622 11035782 11349102 11541372 11577962 11991832 12047202 12517792 12536272 13124962 13356392 13546712 13601052 13683762 14027532 14097725 14177081 14290415 14342975 14345609 14364397 14384696 14599422 14618493 14801984 14869791 14910806 15257682 15315857 15364959 15410368 15488145 15521495 15605402 15632835 15706633 15768141 15863689 15987060 16089513 16106525 16163790 16201819 16226484 16345566 16425453 16445899 16506571 16668970 16750984 17068225 17125155 17214633 17295666 17310398 17366090 17429334 17569124 17641457 17848135 17972230 18137387 18188365 18203404 18402888 18442894 18499012 18526308 18710031 18754728 18814878 19471181 19564474 19599271 19685572 20096335 20628420 20686153 20698002 21132950 21225270 21318183 21367818 21566395 21695613 21703120 21781176 21816096 21908076 22119456 22164330 22203887 22289075 23014496 23197604 23331830 23584959 23992198 24908830 24990215 25054164 25911549 26287569 26334426 26474694 26943860 27413705 27426996 27890540 28130246 28658384 28936770 29529143 29807370 31269851 31310594 32428493 33606835 33617885 33872783 34244176 34323672 34737705 34983319 35301479 35476723 35798802 36217004 36480743 38194761 38329264 38338308 39001459 42659612 44203387 44497235 45334322 45879513 46360075 46529685 47986482 49620984 50387743 50718249 57102394 60321100 61628815 69648081 70474548 74250663 78634066 79287934 82109274 83602448 83897393 86843948 88435810 89856317 90058548 92513185 94561549 96585127 104893393 105203822 107462003 109595020 117016997 117477071 119777563 122477485 125745997 130974356 131070862 131979670 132977590 134156687 140591488 141527434 145361923 155394436 156985004 158788474 167686055 171995715 186957019 187594795 195440552 195900371 198911524 199609635 201835381 204632531 207669798 209789811 210785308 221485597 221749521 222128283 237220110 239221322 241164164 242821748 253953257 265427614 266389364 
26815053 26874644 27753611 28486708 37246265 38327069 39910912 44278796 44636789 45051894 47520916 49464688 52114630 52582757 59197928 59355478 64217263 73978891 74033128 83220224 97158610 98714095 108350879 121296694 126364732 133778635 134687004 147461784 148476118 156296440 157765776 162017343 166698317 167915369 169074286 172886308 180390958 182517897 183626732 192709407 193364199 202063776 202867023 202892149 205341777 213310819 213937754 213947558 219690900 220920045 222189121 223171168 226001181 230299067 233405624 234439191 235905598 237394359 238394455 242444620 251229821 255315692 259603718 266908845 
14275501 15680214 16624180 17042374 17421818 17763164 17864262 18398385 18543454 18604510 22792103 23282565 24414900 24654508 25419816 26306729 27056757 30340990 35536649 36204399 37241140 37896600 38124429 38646243 39218350 39753319 41929517 47628348 47736537 59698845 60849055 65598884 67510424 72811901 93151373 94841257 95277355 103725748 104584453 112749574 113831847 116756735 126395181 128996296 135033964 138322735 139331113 146416257 154787999 155722772 166961004 172143827 173610845 175997836 176868644 184221744 184274305 184630300 194245667 197511305 198399355 212006174 212311866 215797959 217793491 218219246 218764044 220419374 225564695 229729919 231039361 232571300 235737404 237193691 239188819 241580495 243913373 244050895 246029073 247057776 251240599 255167616 258096381 259389589 259615130 260136602 261073782 262292817 262379715 264014418 264046056 264400863 266568519 268063294 269105245 270455224 272754640 
13362422 14459669 16191771 18059231 18500852 19245279 23219980 23343968 24603879 26847783 30298025 34278049 37222006 38615541 39099106 61751708 77949533 102019594 107025267 112558885 116690967 119178303 161993294 176140153 211774252 227153602 243522984 245439953 256291383 
2258301 4053841 5793772 5874452 6723912 7712452 10355872 11412542 12594922 12781762 14128069 14142231 14323938 14380889 14399357 14614615 14624025 14803061 14812510 14890935 14936846 14957541 15013580 15082995 15210530 15231287 15382147 15553406 15580925 15583287 15648561 15648584 15655296 15661468 15675070 15734531 15905565 16527273 16561292 16588005 17315836 17625824 17627945 17871826 18040428 18098655 18127893 18822387 18994034 19131613 19248489 19264674 19291219 19365378 19399298 19408219 19873296 20596316 21429357 22790425 22876951 22933904 22980460 23500913 25079420 26744291 26765831 27302814 29646744 30386355 30667186 30874865 33606835 34938387 36913318 37546498 45368137 47444849 48722198 50456532 52563809 56521633 56810786 58842703 61014259 61485121 64325295 66997403 75067140 79447979 84172384 84652502 84737899 89519051 92318904 96145394 100507331 111789350 119468133 130589438 131625652 135601675 184700776 190754647 195007168 198466520 224428671 238914931 245314387 252760820 
1585 809092 811051 832831 4312721 5885772 6452782 6566712 7712452 8481222 8823362 9813282 9853212 10654322 10774532 10781952 11145002 12587982 13438712 14222176 14261302 14399289 14533716 14562685 14596506 14874721 14891245 14947289 15041902 15103213 15210530 15231287 15281078 15299357 15426896 15935243 16527332 16680941 16888514 17065634 17170520 17926317 18176747 18503214 19044237 19255759 21626871 23221629 23547843 24165974 25003235 26089676 30864653 34394575 41626400 42630325 58855541 60775372 63073975 63875612 69687111 79666388 98362525 110897594 121209486 156010360 163712424 192171500 
1630261 16856926 20590490 28623830 35267268 42868982 43541405 43785909 45848865 60335753 65604392 70449609 73359595 74285761 82655261 82821085 90420645 94945000 96655484 98928522 99324565 109150601 110750328 112516636 116491722 119526244 121834189 122115977 123324025 127846497 129319803 129915741 138498796 163009920 163067164 163954957 165494539 167084030 170777800 172769873 172771660 179999308 184544253 185124947 186783403 186791742 199486235 205936089 208064567 208582686 222112008 222555703 228661575 229587355 229944730 230182617 237212345 254639896 259389589 
755332 7288532 16068825 16948493 21009554 27325141 28226960 28391808 35176496 44446489 44770529 47300233 50002300 60650519 61481916 70478756 79637747 85346124 101612960 104727907 105860187 111410375 131021790 134841238 137066744 139024456 153428380 154959835 158136469 162557157 162965189 175413619 176687793 181120728 199624094 208703350 216902526 217064519 221452291 226822549 230589809 237358682 240586538 243848799 249818868 255704566 257994974 259171181 261277321 264320420 
14508983 15624385 17435271 18343178 19747277 19884721 20960765 25447492 30734462 46159898 46205067 53500999 78470249 89552709 101207588 150828573 164338516 177507202 185670728 202257778 236195413 240552704 258721812 
20372179 24545046 28410099 28765331 29707246 29911860 35321567 35656602 38087508 41291640 41874288 50670648 57231428 57505932 58929178 62985966 70622187 71632263 74613440 78000325 80175829 81314945 82911157 84868368 89708408 90195278 106831967 106874944 114685387 116488585 119946793 124009190 125322205 130302239 130682467 131390753 132553078 139567380 140935817 142127373 142977623 146965762 148425035 154105545 155311735 156475064 158000381 164856615 174319881 176806231 176929534 178368272 179131373 181520337 184495064 191807566 193035945 205609713 208161241 209558599 211787112 220594903 231858934 233241581 239286291 241041897 242354131 247779244 261344536 
74543 82363 774909 806204 1528701 5708292 6904482 7155782 7526892 7713202 7770342 8457092 10400902 11069462 11148742 11504382 11993412 12095912 12340562 13775632 14165957 14369409 14401102 14437914 14445542 14503316 14533116 14553055 15199325 15206692 15250836 15753937 16010789 16023926 16148602 16158012 16463326 16739711 17279500 17669882 17789291 18279169 18635626 18731529 18889063 19996935 20444463 21047224 21625207 21909890 22053039 23204397 29005683 47518210 51196532 60696138 61127420 61772051 64444175 78792100 78905607 86167256 108803911 151158927 166707502 210118012 
815476 1774081 5656332 8614412 9666782 10356542 10819662 12383122 14070222 14118937 14134608 14140147 14170736 14304739 14388669 14448046 14639235 14685183 14738804 14763566 14789042 14801380 14803154 14870804 14890621 15109389 15165587 15175391 15367279 15380951 15825852 16201819 16226069 16248585 16438743 16459994 16905666 16928122 17062597 17130461 17353481 17400430 17520649 17837216 17873348 18478410 18603672 18638821 18783265 18914307 19023804 20212448 21213658 21278570 21587937 21832608 22526513 22681922 22907920 23974021 27018757 28009658 28462804 30469863 31157419 34507129 35068546 37679854 43249641 53175809 54546622 58866657 62614001 64234931 71410962 75800420 77026018 77042833 83625882 84043516 84438310 89595535 90313639 91836238 97252700 109440429 114579424 130575807 144892029 153875670 164725958 167488325 170351580 199503098 203149052 203336407 225095543 240365217 257556561 
15075459 16153984 16570335 16988357 17495000 18131988 18766019 19494371 19826674 20476654 22018221 22228327 24797350 24897332 27894046 29862576 35548601 38447355 39645433 40721661 43163302 44961029 61666438 63230620 65193458 82444043 111662569 115596327 124257319 132526387 133941575 142447390 143638559 171305484 174095086 179422421 197156324 223704520 227750413 240469100 
6535242 9491292 10268302 14218186 14242280 14339520 14664756 15300020 15762258 15868433 15907716 16162490 16357245 16521150 17242874 17334372 17393790 17475281 17948379 18189305 18231339 19195914 19774073 20813611 25092348 25316662 26470645 29125475 32182277 32613223 35152869 36368888 36601355 36713201 40007151 41450556 48791942 55221570 78606921 90203791 94358525 97361708 125382460 132250957 155994909 190722777 191663507 214212019 223524009 
7006712 7795982 18530171 20698002 21179890 23077155 28169177 28431983 29097048 32574964 45914093 49167436 55391997 68551767 71801107 78066531 108705649 111435350 134141151 152692522 198599261 270021070 
4954131 10334122 14169364 14697711 15044300 16533239 18203404 18706144 22119456 26283471 26486510 32451329 33247276 58244502 59616920 62187962 62625917 69377877 70872642 72218449 74153376 80043372 83277670 84217059 86770799 87331481 90404746 102107813 104332218 106554309 106831967 107232730 108622476 121271356 125409467 128507642 147977705 150956563 168426262 191503263 205007756 208703350 217318313 218567695 219979539 223691577 243825310 
246103 608473 684743 755332 785595 811182 1132281 1917731 1936361 4954131 5683952 5693062 5764432 5972752 5998552 6120472 6183312 6303832 7044252 7144882 7226972 7350652 7396542 7823692 7867802 8647302 9175912 9188592 9306542 9376622 9410912 10044022 10168082 10221752 10284542 10410632 11058922 11279172 11732322 11922842 12184042 12300692 12350902 12392822 13062502 13097772 13228592 13306282 13354002 13363182 13654112 13728412 13817822 14040522 14053295 14079425 14089271 14090931 14099516 14125005 14131420 14150407 14154581 14200437 14216712 14216821 14233546 14255263 14300954 14315246 14316141 14343150 14343949 14372059 14380462 14382508 14389062 14389132 14435478 14436072 14451294 14462781 14472183 14493526 14544571 14545046 14549601 14550012 14616050 14621637 14625146 14631638 14632998 14664210 14676022 14720411 14721067 14742479 14819061 14840993 14850221 14892523 15024783 15044502 15062528 15117717 15182385 15214601 15228091 15229127 15274836 15284607 15302201 15307617 15348564 15398780 15399951 15450996 15451434 15455358 15481397 15510756 15522756 15529625 15565703 15575441 15600217 15602091 15605754 15614959 15618317 15624385 15632345 15671214 15689313 15726500 15745139 15746084 15747743 15768216 15819292 15831093 15842676 15859253 15878020 15887107 15896304 15896379 15917510 15938944 15946540 15963488 15975681 16044729 16068825 16127669 16148335 16175706 16181186 16191175 16217220 16253235 16270390 16270580 16275858 16278276 16290327 16294267 16308041 16337697 16356317 16381764 16382820 16388972 16411898 16426698 16444912 16462209 16473793 16496431 16513752 16526591 16530557 16535920 16540406 16546592 16564842 16630083 16641718 16662478 16684007 16703058 16733141 16824146 16825062 16864988 16878100 16880685 16915314 16956339 16970638 16980777 17008328 17062111 17066077 17069525 17070787 17092592 17155901 17172429 17194090 17204519 17206150 17259640 17273391 17301889 17301914 17326645 17357018 17368610 17380976 17385961 17387554 17410758 17413777 17415305 17420951 17429788 17446886 17461226 17473289 17475108 17486602 17522884 17524007 17580892 17608059 17635363 17676599 17721569 17734669 17746589 17771429 17781217 17788582 17789501 17897020 17927796 17945843 17955879 17961246 17995655 18029498 18034962 18065823 18073211 18087450 18098819 18124692 18129159 18182511 18194787 18196308 18208795 18211473 18230113 18242620 18262412 18276100 18282606 18331770 18332827 18355228 18385897 18391075 18398385 18414159 18418944 18431771 18433188 18485106 18485748 18506975 18507199 18529151 18536322 18536826 18566129 18587662 18594996 18619708 18627463 18630708 18649219 18692021 18728945 18773339 18787132 18791763 18824239 18829156 18832833 18833982 18933832 18942695 18944608 18948706 18953266 18962975 18988817 19022242 19083865 19089993 19109017 19138755 19153333 19183264 19187122 19203457 19251173 19264339 19341833 19377400 19410436 19418492 19431493 19432112 19468364 19477159 19477451 19477654 19490555 19498445 19590747 19618046 19624059 19632835 19640035 19654406 19675857 19683498 19713521 19734025 19743196 19754122 19783137 19790783 19824145 19886908 19899940 19920360 19935490 20105071 20148513 20160897 20195689 20318194 20319730 20329248 20414217 20472901 20477352 20497524 20612953 20649770 20660609 20661527 20664195 20685484 20751505 20813021 20932375 20938935 20956390 20959144 20996839 21018559 21057434 21101803 21113258 21152997 21158774 21200319 21230617 21259003 21275420 21318903 21323607 21335770 21345203 21460496 21507883 21776768 21777919 21812410 21812771 21817105 21867719 21889071 21962567 21975870 21990854 22040403 22091828 22108647 22116240 22150874 22174042 22254576 22256515 22360594 22380908 22414207 22483974 22513467 22540789 22577042 22753132 22813537 22840652 22925703 22935909 22940727 22965779 22973224 22987468 23008116 23026604 23041301 23106500 23171383 23188976 23219980 23244977 23246523 23274866 23292975 23343968 23372889 23418405 23420024 23499247 23530440 23546638 23556388 23593412 23594701 23620612 23711425 23721972 23774237 23777198 23882123 23920779 23932737 23939797 23953237 23992868 24006057 24095880 24164536 24224879 24247270 24414900 24481083 24500538 24533117 24561449 24603879 24661757 24716002 24791281 24803181 24865454 24975816 25060042 25100373 25154863 25274451 25276905 25373949 25393674 25447492 25478329 25491038 25570524 25610972 25688058 25694234 25740983 25762392 26092570 26104299 26211291 26283471 26668603 26681326 26739128 26747105 26756907 26773692 26870624 27043989 27050983 27055316 27077432 27095215 27143583 27325141 27386308 27503151 27760633 27787027 27789999 27845072 28018672 28031609 28076703 28079769 28140193 28167824 28240302 28301633 28377117 28402860 28448216 28471924 28573074 28578596 28733900 28738346 28768235 28782189 28859686 28963641 29090205 29427149 29451005 29459695 29460521 29518132 29632619 29708582 29724162 29747993 29779074 29943167 30145166 30268257 30308283 30455734 30464510 30479742 30924802 31036345 31059620 31152881 31175661 31281673 31619861 32059102 32145253 32147116 32300434 32435460 32530781 32584355 32615340 33014475 33085590 33213349 33241171 33327241 33452655 33832697 33870680 34030481 34146256 34316788 34417776 34434801 34534533 34572831 34709013 34826262 35105327 35195343 35234203 35280301 35524334 35551741 35563232 35577793 35748845 35910513 36008885 36073824 36230769 36563254 36585424 36648662 36719360 36832842 36880462 37076569 37222006 37391190 37396821 37749110 37832300 37920064 38003948 38186171 38194364 38202628 38748814 38976017 39047949 39439728 39470262 39511351 39591754 39616153 39657792 39749553 39812315 39897996 40004981 40506540 40779851 40822836 41159844 41238441 41253398 41549425 41641562 41660436 41856927 41883924 41905057 41958323 42055361 42300159 42381705 42465046 42468157 42601947 42668060 42680682 42740377 43050396 43573375 43607866 43637692 43740591 43746845 44147853 44150150 44206517 44224901 44297180 44388527 44446489 44458662 44672556 44693348 44733866 44769565 44817367 44845302 44853718 44870998 44899126 44939343 44986113 45045450 45085003 45187586 45190383 45450377 45484909 45526985 45537747 45547073 45672770 46019128 46138858 46159898 46222099 46340763 46476526 46787956 46878105 47050697 47300233 47380390 47497885 47577195 47785927 47791995 47914845 48036380 48181005 48342996 48469625 48497316 48504894 48663963 48764460 48900102 49115842 49216076 49814392 50002300 50008018 50024842 50025858 50225755 50227060 50300582 50408030 50489460 50832715 51043119 51096590 51253969 51319087 51466642 51734182 51758990 51997163 52553796 52575960 52699786 52780400 52788040 53000535 53056410 53443633 53444887 53466911 53657495 54623706 54642207 54662153 54708000 54709948 55274676 55303089 55391997 55885084 55933111 55979296 55991727 55995317 56081354 56116936 56428052 56669858 56712219 57113993 57115373 57131205 57795179 58149795 58341833 58438772 58454165 58617198 58881671 59191437 59427376 59845061 60181596 60654941 60695143 60698670 61421779 61476055 61543234 61818955 62193495 62301773 62382288 62509989 62554155 62816181 62846638 62865525 62926597 62972069 63039818 63290903 63463335 63726362 63796576 64804024 65152219 65260323 65539550 65587134 65590754 66350411 66480892 66531467 66691421 66759379 67010977 67381805 67603734 67656375 68036460 68094095 68442782 68456925 68475377 68807455 68879809 69072789 69102823 69342256 69497763 69605342 70062275 70477603 70745737 71203121 71423326 71664150 71740672 72019681 72475621 73037662 73112424 73429252 73497064 73683746 73986605 74003363 74037588 74153376 74622096 74681972 74887389 75141533 75165241 75289001 75511224 75711686 76416892 76476217 76745868 76866234 77731518 78275869 78403223 78470249 78543480 78570188 79368271 80235953 80621298 80796687 80857771 81189900 82567107 83370426 83379102 83938774 84014340 84053324 84430599 84488824 84697403 85032253 85736993 86711072 87212008 87615535 87795802 87820847 87870915 88090633 88265548 88321965 88471653 88541027 88776484 89273858 89731752 90309379 90325437 90577798 90793521 91071674 91106767 91191989 91198297 91273362 91396258 91694445 91943914 92063493 92102625 92117844 92285511 92364623 92439035 92678445 92697733 92798123 93666150 93740417 93827358 94365433 94378996 94397566 94577861 94579136 94607882 94776307 94797309 94826232 95037522 95137513 95288092 95300430 95448172 95740429 96316448 96790154 96889262 97855971 98128280 98200411 98390827 98479451 98673557 98706590 98895591 99320433 99325018 100111917 100426508 100479447 101686868 101744237 101894696 102308453 102363028 102847829 103106691 103285229 103651694 104236319 104337086 104357325 104434793 104733034 105214847 105394663 105523857 105623556 106182367 106375859 106424240 106645659 106769185 107164806 107186135 107223604 107639543 107852396 108020454 108136710 108679657 109433379 109596525 109671957 109777164 109899569 110178946 110280391 110404277 110918004 110986584 111053385 111165159 112443324 112479899 112938012 113097921 113420566 113619900 113662211 114012228 114767953 114916798 115575220 115753716 116108369 116587005 116856787 116994547 116999724 117022831 117147872 117792193 118557729 119127201 119160384 119178303 119446586 119480392 119710421 120285512 120707178 120735491 121223001 121237632 121239864 121437473 121644896 122153660 122218767 122466242 123322544 123334275 123634244 123963034 124073829 124203804 124252576 124742769 124942059 125150547 125290228 126492276 126598407 127659721 127692921 128023725 128100093 128601175 128882329 129098605 129250534 129360573 129498307 129899561 130899627 131003396 131021790 131643746 131862233 132109821 132394928 132581307 133431287 133492415 133559534 133834939 134149133 134505123 134761691 134841238 134853224 136378375 136758945 136802522 137786520 138111295 138555043 139292079 139362133 139458881 139552551 139757503 139889120 139960419 140176807 140869994 141242868 141361726 141499502 142157110 142513252 142705588 143502547 144311568 145196076 145347010 145530134 146093372 146237367 146512958 147977705 148040105 148273080 148418872 148891227 149747560 149815436 150435789 150830257 151212561 152935567 153042732 153244255 153559103 153586491 154635466 154876782 154959835 155899912 156959765 157498350 158136469 158875382 159001530 159144566 159527534 159716429 159929295 160097143 160313219 160919148 161487173 161524303 161772480 162665603 162959901 163424898 164199982 164830389 165418860 165914228 166248847 166584190 166839611 167959400 168071804 168517618 168544279 169245808 169655919 169970345 170270136 171084149 172225488 172341029 172592448 173871192 173941018 174291299 175413619 175590052 175876900 176225740 176994614 177507202 177931290 178053334 178525052 178808746 178817507 179964691 180275858 180703009 181233139 181633686 181783656 181800245 182987447 183182089 183271121 183499665 183781511 183998273 184292192 184896140 185477564 185497324 186118905 189758673 189975197 190397000 191609459 191964962 192007163 192236628 192626071 192643153 192823256 193035945 193834897 194109571 194152765 194604669 194783022 194955084 195488976 195664345 196102552 196161118 196281219 196885303 197178807 198338473 198380384 198699773 198793430 199382257 199486235 200673064 200903027 201947373 202075612 202376476 203137786 203560551 203893499 204090866 204578326 204609287 205094271 205346326 207205591 207553661 208830775 210308682 210666689 210819491 211633957 211858345 212095146 212203440 212248847 213487656 215683551 216013791 216344199 216902526 217181024 217798695 218375995 218902597 219720365 219785653 219819147 220502693 220885006 220885253 221160429 221265281 221509706 221526399 221919129 222268976 223443158 224770553 224808382 224809136 226273650 226777208 227192133 229291215 232603412 234308463 234869209 235439150 235629835 237819356 238760716 239020684 239186520 239271745 240062530 240552704 240586538 241801946 242454810 242477546 242860285 243321948 243825310 243848799 244791392 244931754 244934195 244937270 245816373 246124029 248037849 249956612 249964144 250477894 250928526 250968367 251487559 251744064 252040223 253589177 253727920 254184021 255180880 255234205 255682362 256134707 257467966 257522681 257564668 257636956 258039690 258475508 258923616 260108644 261894735 264320420 266151992 267791703 268063294 269889901 270018625 270029137 271781804 272418328 272566820 274197373 
2606911 2941831 6114252 6136332 7604502 7721172 7898472 8474322 9604192 10284472 11443292 12372812 12759102 13539592 13678292 14052313 14079590 14099435 14110885 14155241 14237354 14331959 14345113 14471169 14573861 14944471 15075182 15219854 15292471 15365998 15378805 15487288 15505550 15511139 15754851 15768928 15853065 15905527 15943715 16023926 16201506 16296026 16338169 16410954 16809329 17058577 17402349 17911617 17935861 17971455 18000311 18162777 18201948 18204677 18313617 18485558 18547882 18588568 18731203 19241200 19521680 19673977 19751635 19790018 19993686 20592179 21159398 21701128 21770568 22076359 22760649 25303296 25904035 28371616 28506177 28674090 33556583 40362652 44139958 46473076 46574042 47444914 49774815 52866517 53962656 57030266 58988537 70751508 70754730 74021308 75719992 87715947 94175843 103157143 106283898 107112554 115242946 121797013 135579990 137423367 168537728 176651561 240798167 252606479 263234033 
7209262 8132582 10333202 12088232 13900042 14109075 14188969 14326003 14437914 14496930 14638851 15066876 15409034 15868433 16366271 18106809 18637420 18929690 18932935 19160080 19461688 20105071 21321994 21344725 23075284 23593412 23834147 28006501 30854420 33098495 33801769 34486207 38447355 39001282 41159844 44817367 45660443 58883706 63280540 74411287 74574719 81725200 93827358 94365433 98964742 108045600 116065011 148040105 150618868 152088160 164033581 253727842 260631674 
13210 31383 66993 67813 69583 76133 113963 688273 759228 773624 780290 781493 788863 819522 1246421 1380711 2825191 4700381 5025251 5238371 5957552 6297382 6426552 6719712 6900852 6962852 7181572 7263402 7278032 7480172 7614632 8287952 8384912 9676152 9938952 9961332 10773882 10876852 11086372 11435642 12329252 13767702 14076943 14290383 14320024 14321959 14324944 14335404 14390076 14529013 14547107 14680596 14697711 14786110 14802885 14813149 15077051 15123270 15135214 15148807 15173486 15247066 15328388 15443141 15583560 16080020 16484677 16612857 16883326 17006370 17212941 17439117 17477864 18028249 18152057 18161157 19062153 19404944 19703385 20173675 20842354 20905953 22200186 22660932 23593213 25057202 25163231 27106703 28784606 29695131 29802611 35473835 36071096 40532389 46670048 47951693 56377143 65002820 67924644 80794949 89414621 103527653 110965120 117218161 117700355 126717954 131847507 135109492 149075605 185681415 194465051 214067697 224138450 250246958 258934913 
10748252 14061771 14128901 14165957 14464331 14563894 14604049 14614615 16888904 17542265 18089164 18292479 20447545 20851240 28017930 28230825 29040062 30178173 38372614 49992096 51028602 65508813 68592846 75300453 98078133 114235871 121558178 144692356 175018925 179054464 200226529 
1917731 3750071 4388251 6092972 7713202 8474322 14139584 14226882 14270329 15292471 15754851 15808765 16000947 16023926 16362662 16363738 18244087 18368098 19291590 19719380 20778703 21316936 21814082 22938618 28339843 35602818 35929320 64576818 162959093 171569791 179549579 182686614 233707083 236711870 
27953 683523 775861 4303181 5513352 5693322 5778852 5798602 6118242 6389222 6630962 6655632 6753242 6811802 7491582 7773162 7830812 7853592 8147062 8417802 8539242 9048222 9615962 9850782 11235032 11606702 11674822 11892722 12337592 13107602 13225072 13272592 14054450 14061723 14083767 14105540 14144790 14178312 14227897 14245501 14251373 14274372 14277846 14291015 14299583 14302111 14345566 14376840 14378281 14443616 14452057 14469179 14532188 14575798 14605495 14634197 14634791 14659923 14664756 14679080 14705619 14706004 14773346 14775487 14796279 14846859 14883514 14923682 14940826 14941009 14998779 15023383 15046916 15075459 15120037 15233366 15239123 15293352 15391752 15393033 15445154 15483517 15487499 15495117 15524002 15615591 15678167 15686613 15707047 15729205 16013349 16124611 16304010 16332052 16353944 16471088 16492009 16570335 16586626 16663709 16703461 16887348 17022831 17024671 17037986 17206658 17240550 17246888 17280132 17332386 17519222 17764146 17779287 18327007 18493879 18500081 18609139 18997377 18997715 19090407 19111507 19475375 20481131 20660925 21799282 22018221 22077506 22866896 23437737 23655155 25318477 26589876 27962194 28564127 28599031 28873178 30791761 32516316 33492243 36407795 36568789 37240699 37977930 42934314 43111514 43765408 44202114 46707560 52090770 53941287 54370980 62606223 66395780 66818412 93953977 97481194 100817771 101253269 101477465 102780726 114628210 119220971 125867143 179154258 209588239 216782324 246024271 255257849 
989 1081 1398 1688 2185 3840 4030 10178 11489 11752 11848 12696 12716 12916 13348 13407 50193 57203 62783 74673 79543 82363 636843 678033 683113 688483 691353 703953 772681 780991 782354 787611 788673 804904 812825 815897 817970 818340 822647 824157 824211 833071 923541 1040391 1045701 1048931 1048951 1129871 1189601 1322691 1386571 1394361 1639601 1717291 1797291 2148071 2564981 3303571 3376281 3452941 3460751 3954581 4554681 4583971 5024061 5108161 5402752 5489202 5531562 6065942 6219652 6302382 6708952 6814492 6911662 6944372 6965272 7112242 7159752 7277852 7282132 7315022 7449512 7674792 7708092 7865552 8039442 8106562 8132322 8261762 8340752 8348782 8925602 9074582 9324442 9413702 9468972 9562272 9804222 9831802 10284332 10284472 10650562 10921672 10952962 11069462 11470032 12070672 12294192 12566662 12575842 12795662 12834972 12852572 13102262 13140132 13222192 14015762 14063033 14083627 14090906 14095473 14110654 14120984 14179222 14180249 14222176 14263141 14264410 14274132 14277276 14320024 14327478 14332565 14416798 14426771 14445542 14528817 14607461 14643996 14707115 14822021 14828536 14852158 14908932 14919201 14943648 14990031 15040446 15050305 15058363 15063931 15064389 15067045 15073882 15076390 15098639 15126651 15138003 15149632 15223252 15223619 15379912 15434432 15462987 15469101 15514372 15538795 15631770 15865260 15924411 15936194 15947897 16120265 16148602 16222945 16376889 16381178 16407837 16465359 16592620 16721263 16731359 16847211 16911564 17610796 17755042 17801384 17898705 17976577 18041438 18300176 18370656 18450898 18576979 18660690 18664956 18857922 18906478 19079941 19519071 19542974 19575406 19639071 19709448 19910599 19996935 20025220 20057454 20288395 21069098 21273939 21575880 21587712 22301442 22387220 22539801 23898238 24420867 25160944 25513646 25532738 25752513 26618577 26730532 28117912 28840450 29135440 29641373 30175166 31503269 31536253 31962068 32718488 37922200 38570998 39341556 41188469 43239422 46958309 47712248 48123021 50363926 50638723 50686513 53311224 53313683 57863766 58561993 59818041 60642052 60843560 64122735 68481903 68552069 75423477 78212056 79391196 84201313 87484674 88061302 91894424 93837236 95044697 101551148 115087202 123963067 128361193 129878110 131932008 133480857 140827994 141004777 143882311 144538924 145662065 156407255 159163111 159660869 162029292 163222098 165482352 171669403 177234194 179138607 199400238 203871835 216838986 221650526 229543786 233306179 236550275 238819163 244404903 255349187 257664564 260518040 269130040 269734168 275672060 
818176 1129701 1203641 5447732 6325632 6341572 6774272 7042572 8143872 8615772 9926562 10880202 11984762 12601142 13448172 13451802 13775632 14321959 14352967 14496930 14564986 14704310 14708747 14888362 14903294 15211133 15639478 15925179 16212167 16366271 16801452 17276841 17449898 17682283 17794287 18429289 18705078 18929690 19038395 20945245 21303464 21668588 21746170 22050760 23549240 26043616 26719898 26784273 31303139 32211808 39716211 49992096 53411390 58994449 61291337 63009240 64847676 75236148 87765465 89119055 96880903 97515361 106110915 108803911 110301570 138969362 156240003 156768711 200137739 215259883 242131117 
8085432 8184892 12485522 14571531 14717311 14848221 15577052 15936780 16016852 16167886 16217727 16337126 16560157 17399774 17695465 18706924 19396560 19552126 20441166 22387436 22547150 25059097 26681722 31220561 34637152 35846393 38394199 53294779 101345179 136952493 138267795 139974111 145449666 187015252 224741780 242589987 
509 12220 347133 782010 1051171 1388961 1692171 2384071 2676431 2771891 3265101 3432881 4700381 5051171 5126871 5388852 6021422 6131832 6141832 6245232 6774272 7434272 7737642 8293402 8935052 9584882 9590262 10000642 10730842 10767712 11784882 12601142 12683642 14051193 14061771 14076943 14085088 14185424 14191626 14257199 14270791 14293571 14330959 14350762 14421572 14612263 14620544 14706139 14708747 14727207 14948485 14950583 15051601 15052090 15237935 15429250 15441450 15471640 15514266 15626406 15635812 15831401 15866800 15898695 16352993 16997044 17175973 17179368 17307627 17372256 17402349 17472945 17495194 17549096 17796440 18566782 18655567 18680985 18697352 18872123 18930170 19207266 19374805 19826509 19886347 20928893 21224776 21700719 22145414 22290807 23284990 23506185 24133831 24794263 24889586 25175706 28562298 28991368 31030273 31100040 31179355 31359340 32375384 34556885 34904126 35030769 35769941 36279515 37222477 38109868 39216517 43194865 44936058 49013625 49445813 50749152 57133313 57888537 61317377 61755699 69604327 69932023 78735819 81367143 89554626 90803319 91921994 92876427 96640040 98976495 105235681 124920374 129176641 131607538 133893663 180770812 192589318 208687668 210427069 215370565 227818834 241321163 243914859 249260397 262751654 263852695 
16953 631803 819546 5660312 6695732 11726442 12601142 13267172 13832532 14690254 15123673 15374280 15406144 15781117 15850769 16827720 16857066 16882886 17074240 17134865 17579321 17940962 17952277 18375249 19192221 21407983 21764657 22110931 22660345 23484051 24756213 26548347 27969192 33369174 39428095 45334322 48096690 76784104 77292631 97468141 103585065 106546060 110812554 115944587 224255455 
2900 12611642 13228592 14349077 15110531 15643370 15842919 17092592 18417216 18540889 19721592 20380789 20661527 21224776 21554226 21975447 23932737 24481863 28039217 34118997 34244280 35671638 36198161 40448583 42231175 47103930 51162926 54588187 56973737 63156219 63834256 64624131 67862303 69124203 70004519 77577477 77939719 79799271 83719783 84843976 97551846 100440668 112478283 128968339 140663609 160628707 171719023 173938646 180463340 188474582 189374598 191241796 197216839 206198440 227159879 241382533 260278707 
16713 1307011 1712831 6603672 7562622 11673662 14099516 14287191 14468043 14763855 14951992 15349653 15628274 15726358 15940736 15947185 16201819 16248319 16273144 16381764 16615594 16787126 17011345 17393362 17463660 17486092 17520649 17630773 17734669 17767500 17896640 17936052 18073211 18122984 18183592 18449174 18565158 18879847 18913509 18954425 19505248 19597166 19713521 19734025 19961801 20071285 20160897 20276964 20376532 20918359 21023334 21229200 21507298 21658412 21881105 22516489 22830586 22883967 23135992 23148563 23154642 23172966 23409989 23451393 23774237 24703871 24733117 25491038 25737016 26118186 26388416 26539097 27109378 27702107 27732408 31257590 31619861 33637010 34376087 35524334 35748845 36832842 36880462 36912323 37222006 40957993 43600056 44564343 46476708 50060799 50663525 50743805 51131831 51222676 53288855 54649894 54769822 55885084 59043610 59683851 63039818 63292317 66763589 67129024 67321398 69780518 72826714 73341141 73497064 73749928 75711686 79740296 79930408 80779692 84045446 84236250 85906552 88677841 89280747 90971235 92563411 92798123 93176964 94856925 95458918 96387764 96477730 96933119 98505044 101911812 105305259 107572393 110259781 111435350 113619900 116108369 117943004 118278304 122540204 124329490 124854403 126688022 127198803 127810704 135011198 138860140 153483319 154708805 154776946 163250088 163565993 170394787 173610845 175477079 180160839 181834984 189474615 199381244 199746127 200139454 200230533 200936459 203867751 204768565 204979872 210831524 220982094 223488253 226207535 227986140 229517477 230314512 231496926 231535622 232083838 232191946 232378811 233597060 234318173 234895094 235319539 236242567 237197733 238299492 238421074 238468639 240247368 243691549 245042640 245094866 245126239 246418321 250532240 251425066 251718913 252855619 253422875 257116158 
456 11983 381203 767715 1042631 1091241 2099891 7210762 7224702 7511702 8531352 9040122 13047322 13690622 14050006 14786238 15093212 15320887 15414807 15748737 16745770 16874616 16997044 17627390 18134756 18358227 19656274 23486491 34934712 94428870 102617462 252105891 
6188152 7205122 11892722 12322812 12693572 13599852 13785352 14100617 14105540 14179549 14212359 14227897 14253707 14294650 14517899 14543117 14554078 14572033 14572196 14659923 14937173 15062527 15121781 15230754 15233366 15400246 15400332 15442150 15495117 15895108 16033434 16177296 16353944 16387116 16471088 16492009 16513795 16703461 16716129 16877448 16886645 16936459 16951443 17240550 17280132 17323733 17332386 17365324 17503856 17519222 17824560 17850637 17909421 18121680 18155171 18168267 18356346 18557253 18592579 18774686 18776351 18873213 18967578 18997715 19085742 19111507 19276287 19475375 19641024 20250302 20332142 20351695 20481131 20611194 21486753 21622756 21799282 22018221 22736954 23145109 23437737 23498775 23714675 23866339 23998156 24561424 25266932 25780932 25887809 26418098 26419638 27865199 28106848 29509119 31520228 31667926 32964444 33885025 34700428 36522491 36702921 39323281 40099249 41123794 46164502 46589508 46787681 47721240 49849110 50077710 53941287 57135779 62950338 63283271 65363711 66871294 67898690 69025404 77392251 81505840 82112778 82411192 83393956 84124761 84497664 86160868 87106149 88214227 92437178 93800894 93953977 94919897 100817771 101253269 101477465 101631951 103576036 103969563 103976896 108417469 109460638 109604578 109841442 110320464 110532690 111047202 111047938 111482299 114049072 114628210 115247248 119517827 120958573 132946771 132975929 137178307 145315512 148081424 160994217 162140481 163845303 168730556 173899102 174649888 182466412 189092067 201242210 208303207 211011485 232568677 235347368 239191123 240920084 249361812 250248024 253835890 254092296 
651543 2663161 3954581 4182751 5166511 6486742 8476602 10284472 14192412 15002220 15010721 15476915 15862839 15947897 16248619 17168493 17578918 17844404 18204677 19411110 19751635 20593866 41250334 48392114 58563977 70751508 80979157 95912884 107093676 108811740 118769820 153997237 
2900 5608 9135 10305 10396 11426 11489 12522 12716 12916 12984 13050 34173 37573 56653 62783 74673 76373 79543 608473 616173 625323 636843 754556 755452 759186 777560 780006 781895 790000 792907 795448 803847 809183 810579 812825 814293 815233 815476 816154 816812 819546 829771 854291 926121 1020961 1048931 1220351 1249431 1253451 1283361 1308101 1315431 1330151 1355401 1356261 1363481 1530371 2150541 2241221 2507851 2737751 2825191 3041201 3433721 3460751 3533231 3597921 3714411 3855911 4958911 5024371 5179031 5238371 5259391 5385262 5408012 5449422 5525212 5531562 5656332 5661792 5738952 5816442 5916122 6014732 6018562 6258192 6269602 6271842 6419872 6509242 6572042 6609072 6904582 6976562 7006712 7144182 7277852 7508092 7674792 7885972 7901042 8112832 8466962 8596022 8654602 8765892 8769212 8803972 8906982 8925602 8933942 9139352 9147742 9158962 9244262 9248102 9355162 9366702 9409732 9468812 9527242 9543092 9543992 9574902 9588882 9639352 9676152 9759932 9831802 9853212 9896872 9952152 10154052 10224172 10284472 10546442 10771662 10864492 10876852 11028352 11063312 11073902 11148342 11403042 11413172 11632342 11774642 11855222 11884342 11991832 12702572 12727902 12886112 13028322 13884782 13979662 14056454 14063033 14079017 14079356 14083627 14096096 14109075 14115587 14118793 14133436 14134419 14136479 14141301 14144238 14152445 14182254 14191626 14213692 14217862 14228300 14238738 14252191 14260608 14266588 14270757 14304302 14304739 14313749 14319523 14325932 14363211 14370358 14433757 14435124 14448173 14471522 14475312 14500374 14519349 14562004 14578544 14582352 14632661 14652452 14660213 14680167 14715504 14715516 14724577 14749220 14833389 14850719 14860922 14861579 14871283 14934063 14943818 14985117 15040500 15080701 15081182 15087461 15126388 15131310 15131428 15150351 15158352 15288377 15294706 15342518 15354042 15365429 15367795 15381346 15431942 15441074 15446200 15447545 15479484 15487747 15497928 15520554 15537003 15579449 15614315 15675424 15678008 15699754 15700362 15706037 15751164 15845496 15885310 15891536 15908105 15924506 15937921 15947897 15953031 15979153 15991918 16012310 16156062 16169898 16191109 16208408 16222945 16234345 16237734 16275014 16369099 16533013 16539573 16690175 16727007 16807860 16813361 16814973 16818880 16819278 16828143 16996238 17003118 17005197 17047248 17079099 17080534 17087370 17114283 17156131 17224082 17372386 17375079 17464581 17471010 17514057 17545037 17576806 17593208 17727253 17827085 17981089 17993310 18072408 18092306 18254895 18258178 18557448 18628769 18680847 18699208 18752726 18982378 19006260 19012615 19572909 19746341 20466813 20660146 20696032 21266715 21404596 21544692 22982474 23033582 23130098 23388683 25294886 26374989 26850477 27644918 27961877 28115822 28584787 28612042 29827578 30010982 30025767 30204846 30864653 32503018 32629751 34356968 35796925 38164856 38488854 40486003 42654335 42793960 45617989 47507850 47951693 49723206 50832208 53280402 59580078 61510388 64122735 64387245 67090241 68452697 68696417 77750391 81453802 86272337 89202951 95998018 103331100 104289815 106491960 110821538 123437271 124473570 126150918 126362262 137717770 139984101 143879476 170101646 171669403 181301357 197962366 199015109 246913322 249415812 256172796 259505321 261947295 273004438 
14393904 16506186 16624180 17362299 17528356 18483871 18534567 18629665 19650336 20352504 20897273 21930609 22589921 23335196 23844792 24636191 24686494 25729276 29206300 29355945 31403276 31830665 33218276 33452988 33778988 34010454 34733255 36643209 37190491 38925280 39584114 40187188 41470157 41965009 42119491 46054692 47110722 48320268 51908250 52254968 53324525 56836415 58904655 60936367 61250869 62554155 65507075 68414446 68554574 70236664 70833097 71530623 72036947 72826714 73703096 75630518 75816353 76498257 76887105 77905001 79754695 83454492 84524757 85008170 86495946 86549560 87321877 87712519 87719730 88198639 88829709 89036498 89121882 98505044 100281735 100554896 101106972 101142166 101171750 101221067 105268204 107621747 108140942 110470795 111992715 112558885 115036116 119196878 122056847 123055515 125392820 125409467 126153057 126351209 126387549 127636504 129529866 131109320 134009694 136242193 141243524 142303850 144921225 148055679 155883945 155962937 157314364 159658784 160718204 165594154 166757786 167700350 168710679 172223222 172397445 172639027 180084261 180605438 181929711 182040558 184275950 184518363 184756173 185221735 187951011 188117384 188185864 188683808 190120150 190229279 190546924 190915626 192972145 194066377 198056848 198590293 199234560 200123241 202849351 206216645 206613587 207379807 210268467 213961838 214406243 218193050 219089755 220255068 220756966 221489828 222485748 223679418 224830108 224883589 229579510 231472142 232834568 233257736 233409410 234696158 239190317 239923310 241310760 241382533 243164287 245167786 245188974 247042017 249096055 249259023 252759457 252769982 253414535 253784340 255708730 259733469 261708017 265960486 266296850 266761504 267579171 269747809 
1585 5149 10178 10588 10675 13298 21693 24113 50613 79543 626233 700593 755452 771698 799630 811051 821978 898171 1054431 1309511 1319141 1724401 1957211 1979591 2108241 3171031 3558851 4959461 5025251 5656332 5727392 5780992 6588122 6904482 7541642 7599982 7929742 8307012 8435452 8448712 8481222 8602152 8757362 8823362 8867682 9011012 9277962 9286142 9561522 9627192 9643862 9819862 9853212 9886592 10356542 11204762 11413752 12104222 12160482 12477052 13205902 13445052 14065548 14076943 14111182 14118937 14128528 14141301 14153594 14155372 14157732 14176242 14186545 14247062 14258602 14319523 14389648 14544864 14653506 14689567 14714942 14820724 14874721 14934718 14993466 15008449 15020853 15159129 15184929 15210530 15368554 15412816 15551156 15681663 15780402 15780594 15826306 15939352 15972562 16040887 16049723 16133935 16249213 16506383 16530746 16878903 16904101 17071737 17205773 17493528 17737138 17874910 17994525 18173027 18213932 18455643 18565158 18619836 18813157 18834180 19583523 19600446 19679188 20303224 20391685 20731401 20873104 23743148 23757784 25661540 26236577 30864653 38851140 44570428 49011247 53352349 58818905 59541290 69577964 81394914 91329057 101563645 188911259 229766654 262226916 
456 13298 800735 819284 1129701 1428831 1441291 6144162 6297382 8159652 8435452 8883702 9485202 9686792 10052552 10636902 11580962 11633492 11698252 11698322 12354252 13342982 14085277 14117196 14128528 14144238 14184628 14198011 14350762 14576426 14604049 14712904 14742422 14758406 14789122 14799428 14870168 14888632 14889333 14894307 14934718 14993616 15070780 15126891 15184929 15440344 15485085 15634516 15692087 15991918 16201819 16235927 16393123 16457010 16680654 16694698 16703742 16954719 17021619 17066838 17074868 17226610 17257272 17312943 17325009 17339297 17372379 17460928 17511523 17874910 18038375 18089164 18102284 18429289 18436433 18507464 18705078 18836209 18850958 19532315 19794129 19977032 20030225 20083563 20172321 20545925 20610029 20851240 20858400 21957689 22960333 23166140 23343266 24661289 25164847 25191558 25330903 25478876 25490697 26174646 26716467 28211629 29965112 31465017 33098821 34636987 39619991 39944598 40953367 41841330 42197349 42315951 43292618 44651055 49824306 52162223 52814458 57026817 63614805 69033184 80589255 89410778 89595069 91827895 96779857 102617462 107354278 109339635 109370698 118837674 119546373 120185625 125418319 125668334 141379955 149729022 162886404 174959828 182029374 186426532 203951741 214788442 216336191 232502918 233965578 
10786382 17357018 17905825 18105493 18107886 18234520 19035245 19124543 19167202 19578025 19650336 20007264 20027256 20116255 20733757 21881621 22042403 22192559 22341769 22950203 23031702 23103362 23257245 23401174 23451393 23722620 23782518 23963107 24163850 24351659 24411254 24811584 24962655 25253084 25897762 26045055 26312359 26388416 26457416 26815053 26874644 27071190 27234262 27257879 27512005 27908385 28214315 28486708 29015085 29084075 29163409 29355945 29770468 30194186 30404850 30462898 30665326 30780296 31293436 31330292 32266938 32334346 32584355 32633716 32770999 32957473 32992448 33080831 33158772 33327675 33498000 33668466 33960315 34010454 34405249 34443244 34686024 35520594 35536649 35726826 35810047 36906540 36944780 36982314 37077578 38151136 38260779 38541154 38580030 38610291 38729990 39176418 39584114 39653094 40185311 40248272 40340319 40350303 40701143 40907388 42330308 42670114 42684074 42990133 43364907 44297180 45013235 45865465 45928398 46666938 46754894 46860582 46934475 48059095 48726854 48867402 48892632 48915248 50985635 51482804 51531341 51982828 52405458 52474527 52504599 52725693 52757236 53292314 54200212 54213842 55222535 55927532 56675544 56706308 56994938 57486140 58256315 58268797 58751344 59697909 60304834 61109023 62415418 62554155 62635353 63192289 63260438 63468801 63531207 63646347 65367727 65748080 66906291 67574227 67656375 67771977 68241308 69366493 69490214 70617438 72005983 72135569 72741498 72826714 73710819 73978891 74202957 74586267 75243379 75551503 75612668 76456492 76667648 76976987 77895702 79799271 82390302 82977544 83735005 83770292 83966731 84061021 85008170 85632018 86528620 86549560 86780531 86831936 87331481 88388566 89385774 89776939 90668001 90854372 91148885 91273362 91683053 92927188 93328997 94159667 94717868 94831581 95137513 95522978 95985617 96109157 97051433 98505044 98714095 99001341 99772708 101014503 102186571 102951314 103088329 104055955 105343122 105860187 106414572 106601959 106888707 108448846 108538150 108692077 109569992 111795703 111969688 111989628 112058406 112075462 112760135 113422725 113787997 115585592 115624836 116706360 117157665 117196502 117962382 118352178 118614880 120652915 120962212 121163932 122290394 123130128 123431836 124248528 124548242 125150547 126346398 128809182 130395742 130554757 131066597 131512268 132108729 134743070 135057752 135715040 136004374 136653516 137183468 137366470 137455666 137622383 138077315 138166083 138628895 138847948 139184917 140255945 140286942 142410443 142805881 144712717 145159487 146906710 147043669 147359145 147359386 147756403 150255293 150400817 150770608 152352981 152908018 154132764 154368883 154440966 154972484 155029302 155690100 157122822 157729385 157767014 157832459 157858384 158104132 158216035 158228752 158552358 158630760 158980067 159658784 160029634 160984282 161813117 162092045 162364970 163719471 164453074 165090476 165200431 165814490 165826885 168402242 168563935 168893547 169051492 169103586 169234290 169443688 170192703 171424066 172223222 173610845 174350413 175222812 175344254 175938534 176114435 176642333 176764759 177096882 177336546 177959094 178897716 179812242 180605438 181311417 182028677 182172282 182982341 183461152 183626732 184497682 184900712 185187643 186267547 186633188 188185864 188450258 188560097 188867349 189265359 190359605 191358215 191549398 191667380 191875463 192968187 193483917 193585697 193703862 196071730 196590443 196743148 198048144 198597076 200292780 200664598 200685361 200713835 202192724 202789051 203290250 204186596 204390536 205066686 205544568 207730312 208093309 209482512 211977478 212135317 212311732 212950155 213288408 213702367 213945499 214112621 215761524 216172901 216258042 216605516 219913962 220190718 220578999 221697034 222189121 222823225 223219109 223679418 223848490 224428744 225199394 225564695 226011338 226532196 226659463 226995027 227016826 227686496 229178886 229255063 229328959 230476419 230509267 230525319 230770866 231580019 231991793 231998027 232230669 232276959 232451257 232674215 234110244 234281590 234895094 235463218 236226987 236882308 236967039 237193691 237581493 237753551 237996239 239682389 240247368 240878542 241963008 243494256 244385521 244770433 245094866 246648550 247414089 249542643 250521819 250582808 250983856 253414535 253437303 254221946 255509379 256186650 256249279 256288010 256754305 257854565 258582570 258843668 258939764 259123873 259305320 259695549 260768576 261765367 261932674 263517122 265500964 266073365 267517115 267926000 268690589 269700319 
2900 814293 1252191 1384531 1934931 1953911 3297651 5724622 6084982 6944972 8402052 8596022 9015512 9081922 9147742 9355162 9543092 10224122 10928462 11304762 11316212 11567972 11896242 11965332 12049792 12304722 12536272 12611642 12727902 12973362 13012632 13693042 14027532 14098332 14115587 14133436 14182254 14217862 14228300 14270329 14285046 14287191 14326003 14342547 14342975 14363211 14398964 14421385 14429823 14433007 14437914 14476147 14524060 14641392 14727152 14777850 14820299 14855279 14910806 14935079 14938248 14949249 15109462 15189849 15221975 15257682 15276401 15342619 15447545 15605402 15689313 15768141 15839517 15891536 16201819 16237734 16348705 16418505 16438898 16610527 16630502 16720708 16818880 16886925 16907121 16908775 17046369 17074240 17074244 17225325 17228171 17343124 17343595 17451602 17466146 17506774 17520649 17543438 17577078 17925141 17972230 18049840 18066875 18174998 18179554 18203404 18239795 18247087 18269262 18402888 18460854 18497497 18565158 18621945 18637420 18691494 18704291 18754728 18773467 18949053 19246850 19611658 19687218 20192882 20567743 20698002 21182196 21544692 21546828 21665419 22023311 22141824 23126646 23406304 23789698 24553362 24608101 24990215 25065717 25159698 26539097 26590781 27067218 27961877 28108567 28609576 29046105 29767444 29827578 30059550 30146922 30272314 30705248 30924802 33063845 33672294 34343816 34356968 34932133 35402203 35577793 36380897 38388028 41721520 41871789 43155565 44234494 46529685 46668984 49472317 51527704 53257111 54662153 62554155 63728431 65681735 68839777 72627052 72725104 76424904 93730653 102524769 102747321 103944737 106783888 112869554 113979106 114519095 117477071 119395435 120900736 126912691 131070862 131625652 141357881 161772480 171519363 180911104 185002853 187594795 201515262 211556899 232682267 239221322 246191415 267924448 
5125971 6288762 6535242 7595842 7746052 9491292 9506452 9734372 11299932 12386462 13190282 13418512 13475382 14131683 14136972 14160471 14204449 14289835 14298819 14391111 14427431 14433007 14568079 14617878 14641606 14664756 14763336 14837928 14935192 15010777 15025059 15113155 15130462 15247986 15308303 15313725 15323865 15400979 15506834 15520700 15551263 15551294 15566022 15662467 15678167 15762258 15803220 15872657 16027532 16135362 16261638 16278038 16278934 16303557 16358939 16561212 16818490 16840877 17010854 17074457 17130180 17543438 17565891 17845906 18083141 18179554 18301263 18345963 18460854 18560205 18642642 18737023 18822866 19137574 19471190 19552126 19732334 19774073 19916228 20954257 21690938 22018221 22023311 22387436 23111457 23797396 24425906 25127831 27011541 33672294 33815302 37549379 41253854 42929595 42934309 43171018 44683837 48791942 49121564 52927776 56458700 59518891 60449169 63314023 70461418 72084922 75356470 77151544 86239624 87478288 90767831 98025022 103356166 109886771 110746020 112009840 114950933 116571138 117850134 124908488 126754289 129682105 151084354 151546361 172204281 174811472 177330882 180911104 196671715 212823696 
11332 814293 1249431 7746052 9335042 9734372 11299932 13267622 14188969 14227897 14389615 14433007 14664756 14753540 14864169 15308303 15462767 15678167 15762258 15811608 15843240 15907716 16027532 16153984 16261638 16278934 16356833 16395482 16471088 16492009 16561212 16703461 16912241 17519222 17543438 17740210 18131988 18179554 18280708 18345963 18492564 18493879 18557253 18967578 18997715 19111507 19195914 19450841 19774114 19790013 20271080 20770172 22018221 22046753 23075284 23309869 23797396 24436600 25197341 25318477 25367291 25874451 27944666 28006501 31620237 34074792 34128302 34302264 35636804 39485994 40937566 41253854 41437506 43635444 44015183 47613125 47938142 48880548 54113444 56458700 61462007 62509229 66158240 70461418 72353797 72426413 75192691 75356470 82444043 90776145 91458608 92356909 100817771 100818788 101253269 103864359 107572393 109886771 123614628 132526387 142761850 144325640 155192639 160897794 162898103 163383284 172204281 180911104 182066809 192895653 207793457 244673838 245543122 
