224808382 225491442 237962820 
121834189 129915741 138498796 
80857771 92063493 94577861 94579136 98673557 98706590 98895591 107186135 130899627 134149133 178053334 234869209 237819356 
14326003 253727842 
85267320 85543520 209558599 
185497324 192895653 
18197912 18258178 20329248 25197341 52866517 58904655 67090241 112479899 
9819862 20731401 44570428 
51684877 56981225 64166227 64365916 67798741 94541648 141524887 171908911 181421726 
16411060 16513752 19035245 78066531 
15929686 27760633 70937408 230974069 
18292479 23664655 28009658 36697219 93730653 100504915 
134352532 134487373 144422669 241472180 259638685 
15077051 28609576 84014340 87615535 93151373 
172143827 173610845 226532196 
99031903 110921163 135102077 159049573 190229547 232573485 
6567132 10776882 14051159 22155739 25151753 38297358 
7867802 9804222 13286312 15113529 15706633 17273391 21658412 47684949 211977478 
16270580 25274451 37190491 68414446 111992715 142303850 150770608 184630300 196102552 196281219 211421505 239186520 252769982 267579171 
15381346 15928027 18732075 19560605 23387320 27044209 28676469 36357300 64544676 67673600 139808538 139953824 145420038 222568217 245634968 
2185 780991 14436072 19251173 23324325 31536253 44986113 79873303 80796687 101551148 106491960 117218161 131070862 139567380 258934913 269082797 
51294632 92439035 202192724 254629570 265749910 270172081 270308750 271127683 
6911662 15689313 33637010 35577793 75289001 106783888 125668334 
14040522 14763336 16027532 17897020 18122984 18752726 21335770 23154642 26668603 29985526 47110722 47444914 64844059 70199201 141242868 209150087 260278707 
12220 9013032 14448046 16167886 16641454 16721263 17278906 17453969 33801769 138969362 152145953 267519951 
14668668 20956390 38600665 51482804 71632263 154105545 155311735 169103586 
17608059 18731529 29135440 36719360 92678445 
124866595 128507642 146655020 166235979 166394396 
9506452 10410632 13190282 13475382 14632661 14837928 17010854 18355228 143502547 
61496860 73331245 101711457 102542634 109881181 118230146 130128230 146321140 152143338 154906588 156198826 162060324 166815795 167735296 172223222 179514953 228331929 249983793 
1132281 3452941 6944372 14065215 15400979 15865260 59191437 76476217 169970345 
5125971 7562622 8085432 8184892 12485522 14544864 14562275 14571531 15300020 15936780 15963488 16016852 16337126 16560157 17380976 17695465 18089695 19552126 20696032 23274866 24133831 26681722 29822494 31220561 35846393 38394199 39216517 45484909 101345179 103651694 136952493 139974111 160313219 235380880 
11426 636843 780006 781895 3460751 5816442 9543092 9643862 14238738 19006260 23130098 87715947 124920374 263852695 268063294 
12049792 13728412 14572196 15239123 15624385 15662467 17301889 17301914 17435271 17522884 17788582 18029498 18343178 18587662 19747277 19884721 20071285 22254576 22950203 23026604 23188976 23789698 23992868 25447492 25688058 26306729 27908385 30734462 33362218 35536649 36982314 38793729 39047949 40957993 44224901 46159898 46205067 53500999 62926597 71423326 73710819 75141533 78470249 78606921 81725200 92927188 95448172 95458918 101207588 108045600 109777164 112009840 120765039 121644896 128102692 141499502 142157110 142761850 150828573 155899912 177507202 194608987 198597076 202257778 207793457 210831524 221509706 224830108 232191946 236195413 240552704 252759457 255682362 
7282132 12386462 14154581 17524007 18628769 19611658 20932375 23372889 25491038 30665326 36480743 44203387 48497316 51695698 56377143 69102823 80449471 104289815 120735491 237220110 
16425627 18626582 21784570 25242416 
13410 14169364 17420951 22119456 32451329 41871789 60321100 107232730 147977705 148425035 150956563 168426262 205007756 219979539 
47216578 48470743 50686904 53418720 55648693 57187028 59608784 62584936 62996416 72928626 85917069 96980395 108357234 109059176 124002957 147335676 157524175 171191429 189561195 198649890 203256940 223961051 232987424 237876854 238341121 
104223101 145408456 147314264 151714614 175533140 187594363 190395758 193088908 196853166 198560132 231085129 234840602 235633896 235759321 238356204 242884484 254493514 260985403 
76373 803847 12611642 12795662 14128069 17315836 18254895 22790425 26943860 38151136 51162926 81367143 105235681 108811740 194465051 195488976 224428671 
450953 815476 819284 1012071 2226621 3432881 5606492 7018942 7145552 7396542 8159652 8435452 8474322 11698322 11784882 14085277 14184628 14235323 14323938 14350762 14464331 14465902 14631638 14745283 14830831 15126891 15249228 15515538 15578710 15634516 15821556 15943690 16226069 16249213 16657530 17050705 17165458 17449898 17493528 17641725 17994525 18120676 18252347 18622210 18783265 19455487 19886347 20017902 21695613 21755807 21812410 22526513 24707040 28115822 29392243 30018368 36371780 37222477 39944598 48604785 48816106 50737978 60100870 69493393 74946653 84562932 86080280 123892070 170225857 171719023 184841559 199848513 203149052 252040223 266202805 
6258192 7712452 11035782 11541372 13191382 14325932 14451294 14494993 14550012 14624115 14628090 15172283 15215190 15281078 15302120 15342619 15343458 15382111 15412070 15445270 15725650 15953031 16357285 16411898 16419927 16506571 16951971 17083396 17259981 17295666 17385961 17413777 17512738 18017238 18173465 18203404 18269262 18391507 18611056 18685602 18822387 19114943 19599271 19685572 20307019 20567743 20764205 21345004 22924849 22992850 23095083 23618183 24930382 29624532 29813042 30466915 34709013 39815230 40268283 43562100 45034162 47634020 54296186 55532384 55913654 57102394 65098687 66799471 69136508 73347023 84097256 99225888 107749539 108020454 109813572 111556341 111729901 113420566 123379214 126928559 131246223 141571223 143414740 148696421 155396230 156010360 172107130 177276579 182798348 210852155 214659775 243767573 
1917731 1934931 13000872 14131420 14270329 14335761 14632998 14676022 14740408 14889185 14948485 15066876 15529625 15605754 15937921 15978380 16275858 16337697 16363738 16366271 16700601 17074240 18073211 18106809 18485748 18637420 18829156 18932935 18954425 19160080 19899940 20105071 20414217 20733757 21344725 21889071 22290807 23064510 23335196 23593412 23834147 23958589 24733117 26043616 28018958 28167824 28377973 28738346 28991368 30308283 30854420 33098495 33668466 34376087 34924998 35602818 36008885 36997036 39716211 40506540 44817367 45660443 52504599 58149795 58454165 58883706 59818041 62545966 63039818 63280540 63728431 65293006 69971262 70833097 74574719 74622096 75630518 79039503 84868368 87321877 93827358 94365433 94841257 96387764 98793050 99320433 105623556 106414572 109995803 110746020 111165159 118102391 119139599 119446586 124670621 124942059 128882329 130893745 131109320 132108729 133923294 134841238 140060120 148040105 150618868 162959093 162959901 163424898 172225488 179812242 181096818 185221735 192477353 193689467 196161118 201835381 203508691 221265281 221526399 223488253 236711870 240878542 242852382 243164287 248037849 253473812 253835890 258096381 260631674 266296850 
10268302 14287191 15762258 16357245 16418505 17635363 17896640 19195914 21200319 21975870 22277113 24865454 29451005 38003948 40944884 44693348 45914093 52788040 53962656 55391997 62964460 73037662 79930408 82567107 83370426 89468228 101686868 118644821 139960419 142169165 156475064 166584190 176806231 190722777 217574343 222444337 223524009 231488894 
12916 74543 926121 1394361 1528701 3376281 5238371 6092972 6419872 7155782 7526892 7770342 8457092 8935052 9491292 9676152 10400902 11086372 11148742 11504382 11993412 12095912 12340562 14153491 14401102 14445542 14503316 14533116 14553055 14576426 14661957 14680596 15199325 15206692 15250836 15378805 15537003 15643370 15753937 15780402 15898695 16010789 16148602 16158012 16212167 16463326 16612857 16739711 17669882 17789291 18279169 18358227 18375249 18565158 18889063 19065393 19790018 19801665 19996935 20928893 21047224 21316936 21625207 21909890 21957689 22053039 28448216 34033504 36279515 41188469 47518210 50832208 51196532 52162223 53280402 61772051 64444175 68552069 69604327 85736993 86167256 92563411 94428870 114235871 151158927 163383284 166707502 175477079 180151159 210118012 223380929 242179067 252760820 262226916 271745209 
6303832 9081922 12184042 13315172 14204449 14382508 14427431 14468043 14493526 14812510 14848221 15130462 15274836 15399951 15506834 15577052 15639478 15678008 15749177 15842676 15887107 16175706 16273144 16381764 16426698 16444912 16496431 16980777 17008328 17259640 17326645 17368610 17375079 17767500 17781217 17961246 17972230 18083141 18507199 18536322 18594996 18706924 18795950 18879847 18949053 18988817 19138755 19471181 20441166 21080122 21507298 21507883 21881105 21990854 22380908 22387436 22830586 22883967 23075284 23106500 23135992 23594701 23628049 23774237 23939797 24654508 24908830 24975816 25059097 25688058 26681326 26747105 28017930 28076703 29436139 30272314 30791761 31152881 32147116 32375384 32435460 33778988 34637152 34934712 35105327 35176496 35321567 37549379 41159844 42465046 42668060 43500507 44150150 44297180 45045450 48181005 48469625 48737785 50060799 50489460 50743805 51908250 53657495 55995317 57888537 59043610 59518891 59845061 60695143 60698670 61291337 63054429 63726362 68442782 68696417 71740672 73341141 73829527 74411287 75347004 75711686 79754695 87106149 89121882 90325437 101142166 101171750 103285229 107852396 116873115 122218767 126492276 128023725 129498307 133893663 135399738 136461307 138267795 145449666 146093372 146237367 154708805 155192639 159716429 165144151 166248847 168544279 169655919 170270136 172639027 172886308 178368272 178525052 181800245 188185864 188867349 191514152 191609459 198380384 202376476 203560551 204609287 207553661 210308682 210666689 215235391 224741780 228636294 229178886 232083838 233241581 234281590 242589987 243431726 243825310 245188974 245543122 246024271 246290364 251487559 252855619 257522681 264014418 271781804 272566820 
1774081 5656332 8614412 9666782 10819662 12383122 14070222 14079017 14118937 14134608 14140147 14170736 14304739 14313749 14388669 14639235 14641392 14664210 14685183 14727152 14738804 14763566 14789042 14801380 14803154 14819061 14870804 14890621 14934063 15109389 15349653 15380951 15409034 15825852 15946540 16270390 16530746 16813361 16886925 16905666 17353481 17471010 17873348 18168267 18478410 18635626 18914307 21213658 21278570 22681922 22907920 31157419 35402203 37679854 41172680 42793960 42909484 53175809 54546622 57115373 58866657 64234931 69577964 69605342 77026018 89595535 91836238 97252700 127659721 130575807 144892029 153875670 174291299 195900371 203336407 207669798 221160429 225095543 
456 1585 5149 10178 10675 13298 21693 50613 626233 700593 755452 771698 799630 811051 818176 821978 1129871 1319141 1441291 1957211 3171031 3395021 3558851 4922001 5727392 6452782 6588122 6900852 7541642 7599982 8481222 8757362 8867682 9011012 9277962 9286142 9485202 9561522 10356542 11145002 12104222 12160482 12477052 12594922 13205902 14065548 14111182 14157732 14176242 14186545 14257199 14258602 14319523 14369409 14389648 14500374 14599422 14653506 14680167 14689567 14714942 14820724 14874721 14891245 14934718 14993466 15008449 15020853 15184929 15210530 15368554 15412816 15426896 15681663 15780594 15972562 16040887 16049723 16133935 16506383 16856926 16874616 17006370 17071737 17205773 17257272 17727253 17737138 17755042 17874910 18173027 18213932 18566782 18619836 18660690 18834180 18836209 19679188 19689035 20391685 20873104 21359690 21816096 23221629 23743148 23757784 25661540 26104299 26236577 28584787 31503269 53352349 57133313 59541290 77750391 81453802 82328753 91329057 99536748 110897594 163712424 165404712 188911259 228661575 252105891 
810579 829771 920991 1485021 2059841 3028161 3277401 3286621 3714411 4278151 5179031 5385262 5531562 8647302 8769212 9200242 9654112 10785032 11058922 11073902 11148342 11567972 11632342 12070672 12517792 12973362 13601052 13884782 14027532 14109075 14115587 14133436 14152445 14315246 14316141 14345609 14364397 14618493 14786238 14801984 14869791 14910806 15257682 15354042 15364959 15441074 15510756 15521495 15579449 15632835 15724452 15863689 16012310 16089513 16106525 16163790 16191109 16425453 16506571 16807860 16997044 17125155 17366090 17451031 17464581 17641457 17925141 18137387 18174998 18402888 18497497 18499012 18526308 19505248 19920360 20096335 20660609 20686153 21230617 21566395 21703120 21781176 21908076 22203887 22457041 23126646 23197604 23500913 23584959 25065717 25294886 25911549 26474694 26835100 27067218 28658384 29046105 29529143 29807370 29827578 30059550 30146922 33063845 34932133 34983319 35281506 35798802 38164856 38194761 38338308 39001459 39528744 39616153 40937566 42659612 43613550 45617989 47951693 50718249 51527704 56116936 68452697 69342256 69648081 70474548 72811901 73112424 78634066 86239624 86843948 90058548 102747321 107093676 109339635 109440429 109595020 112869554 112938012 113979106 120900736 130974356 139984101 149815436 155394436 167686055 170101646 187015252 187594795 214788442 234318173 242821748 245126239 251425066 256172796 
10305 12522 754556 792907 809183 815233 1315431 1355401 1384531 1530371 3041201 5259391 5660312 5916122 6219652 6944972 6965272 7006712 7172452 7898472 8294022 8596022 8769212 8925602 9139352 9158962 10224172 11063312 11413172 11774642 12536272 13124962 13683762 13979662 14015762 14097725 14115587 14270757 14280977 14363211 14516697 14519349 14607461 14855279 14985117 15189849 15284607 15294706 15447545 15488145 15520554 15699754 15751164 15987060 16012310 16169898 16234345 16237734 16348705 16381178 16427045 17079099 17080534 17204519 17214633 17362299 17371061 17475108 17538588 17543438 17850637 17925141 17993310 18247087 18536826 18557448 18642642 18737023 19109017 19203457 20477352 20628420 20698002 22813537 23388683 24184567 24436600 26089676 26334426 27413705 28130246 28599031 31310594 33617885 33815302 34118997 34244176 34323672 35476723 37645675 38329264 38359820 39932500 44497235 45334322 46529685 49115842 49472317 50387743 50686513 53288855 59580078 61628815 62310536 64047804 72426413 78792100 84430599 89595069 90776145 90964504 114950933 117016997 117147872 119297816 119777563 132977590 134141151 150255293 153586491 165590939 198699773 199609635 212311732 216172901 241164164 242131117 244404903 261947295 265427614 
10588 13348 13407 24113 57203 62783 759186 772681 782354 787611 809092 812825 818340 832831 854291 1048951 1054431 1189601 1979591 3533231 3597921 4312721 4959461 5489202 5727392 5780992 5885772 8092472 8106562 8132322 8823362 9248102 9759932 9831802 10154052 10654322 10774532 10781952 10921672 11028352 11202562 11577962 11884342 12587982 13438712 13448172 14063033 14079425 14083627 14095473 14096096 14178312 14222176 14266588 14387542 14523408 14533716 14562685 14596506 14789042 14801380 14852158 15041902 15103213 15125371 15131428 15299357 15503968 15936194 16148602 16334085 16465359 16527332 16878903 17801384 17926317 18176747 18710031 18920390 18982378 19044237 19255759 19658782 19910599 20466813 21132950 22091828 22141824 23547843 25003235 29767444 34394575 41626400 42654335 58561993 60775372 64325295 79666388 98362525 104893393 124473570 143613967 157455254 192171500 197962366 
16533239 26283471 58244502 68036460 74153376 83277670 84217059 86770799 91106767 106554309 108622476 121271356 125409467 217318313 
11633492 14300954 15826306 18196178 18370656 94856925 162886404 224255455 
14150407 14255263 14343949 21158774 39591754 41958323 57131205 90971235 91694445 94797309 110986584 145341208 165914228 184292192 193483917 199381244 199746127 200139454 201947373 204768565 204979872 220982094 233597060 239286291 240247368 262312950 
11413752 19632835 21101803 21229200 21259003 23420024 25154863 25740983 28402860 32300434 41549425 45547073 57030266 62972069 72135569 83379102 101014503 120285512 121239864 137066744 138111295 144311568 155029302 175222812 175344254 235439150 254812166 
1386571 7614052 12597012 14476147 17796440 43050396 68475377 122477485 123614628 170394787 
20590490 24442567 36813285 48900102 62187962 68554574 70236664 75816353 76498257 82655261 87331481 89036498 90404746 101106972 117255869 126153057 126387549 131512268 184518363 184756173 187951011 188683808 198590293 237753551 
16953 631803 816812 819546 1091241 1330151 6695732 11726442 12601142 13267172 13807132 14090931 14638851 14727207 15001234 15123673 15406144 15466555 15781117 16827720 16857066 16882886 17134865 17343124 17514057 17579321 17940962 17952277 19192221 20447545 21407983 21764657 22110931 22660345 24756213 25054164 25874451 26548347 26756907 27969192 34674286 39428095 58341833 66531467 77292631 89026913 98078133 103585065 106546060 115944587 135109492 151136998 247136805 
684743 5449422 5683952 7449512 8299792 9175912 9734372 11829282 14056454 14084098 14421385 14562004 14578544 14664756 14777850 14850221 14911286 14941009 14951992 15924506 16275014 16630083 16630502 16880685 16932185 17066077 17410758 18049840 18182511 18281397 18460854 18497497 18691494 18704291 19245279 19468364 19533093 19552126 19654787 19824145 19916228 20611194 21665419 22204032 22513467 22516489 22539801 23033582 23077155 23406304 23777198 27503151 28169177 28268371 28901886 29641373 30025767 30145166 30924802 34074792 35551741 37222006 42284908 43155565 43746845 47791995 49167436 57689706 61751708 64387245 72019681 75300453 107462003 114767953 119546373 133431287 133456536 144892029 152692522 153483319 156985004 165418860 197948154 198599261 199015109 199400238 212823696 268125399 
1120601 1220351 1315431 6084982 6288762 7595842 8803972 9355162 10224122 10546442 10928462 11299932 11673662 12184042 13363182 13418512 14061723 14089271 14098332 14131683 14136972 14160471 14188969 14253707 14264410 14342547 14391111 14429823 14433007 14625146 14641606 14652452 14664756 14871283 14892523 14935192 14938248 14945059 14949249 15010777 15025059 15081182 15117599 15228091 15247986 15284607 15313725 15520700 15551294 15566022 15678167 15938944 16069024 16177296 16200143 16273144 16303557 16356317 16438898 16535920 16539573 16546592 16561212 16818490 16840877 16895549 17074457 17130180 17228171 17543438 17740210 17845906 17955879 18065823 18216761 18239795 18301263 18332827 18728945 18773339 18822866 19012615 19246850 19477654 19572909 19650336 19707468 19713521 19774073 20477352 20954257 21182196 21690938 22023311 22878414 23111457 23172966 23331830 23451393 23546638 23560531 23797396 24425906 24436600 25799963 26118186 26590781 28733900 29724162 30705248 31059620 31634255 31738235 32998543 33241171 33672294 34343816 35301479 38488854 38670814 39485994 41253854 41437506 42934309 44234494 45051485 45085003 47497885 49620984 49774815 52927776 53257111 53444887 54662153 56712219 62865525 63285684 63314023 66395780 68879809 69497763 70267806 70461418 77151544 81189900 82911157 86160868 87478288 87712519 91894424 98025022 104584453 106182367 107639543 112762523 117477071 118278304 124908488 136802522 145530134 148081424 151546361 161487173 161772480 164725958 167488325 172204281 172592448 180911104 182066809 183499665 194109571 195440552 211556899 212248847 222268976 228561093 232378811 232682267 233409410 239576675 243522984 250983856 257116158 258475508 264046779 
608473 651543 688483 1020961 2148071 2606911 2663161 2941831 4182751 4388251 5166511 6014732 6114252 6136332 6486742 6609072 6774272 7604502 7721172 7885972 7898472 9015512 9244262 9468812 9604192 9627192 9926562 10221752 10284192 10284472 11304762 11443292 12047202 12372812 12759102 13451802 13678292 14052313 14079590 14099435 14110654 14110885 14121853 14155241 14165957 14237354 14242280 14331959 14435124 14445542 14471169 14475312 14573861 14617878 14944471 15002220 15010721 15075182 15211133 15219854 15292471 15348564 15365998 15378805 15476915 15487288 15505550 15511139 15575441 15754851 15768928 15839517 15845496 15853065 15862839 15905527 15943715 15947897 16248619 16296026 16338169 16533013 16624180 16809329 17058577 17168493 17206150 17279500 17284883 17545037 17578918 17844404 17911617 17935861 18000311 18162777 18201948 18204677 18244087 18485558 18547882 18588568 18731203 19062153 19411110 19654406 19751635 19790018 19993686 20592179 20593866 20778703 21018559 21159398 21318183 21668588 21770568 22040403 22076359 22760649 22938618 24481863 24553362 24990215 25303296 28371616 28471924 28506177 28674090 29097048 29779074 32428493 33218276 33556583 40362652 43740591 44139958 46473076 46574042 46668984 50024842 54623706 58563977 58988537 59833587 70751508 70754730 74021308 75719992 80979157 83897393 89731752 94175843 94378996 95912884 98964742 103157143 106283898 107112554 115242946 118769820 125382460 128361193 135579990 137423367 153997237 156644794 165482352 168537728 173938646 175018925 176651561 180463340 189975197 198911524 226995027 240798167 245439953 263234033 
781493 5764432 10786382 10876852 14277276 14290415 14549601 15229127 15896379 16217220 16506186 16824146 16970274 17114283 17357018 18098819 18234520 18534567 18649219 18872519 18879847 18942695 18962975 19578025 19618046 19624059 19675857 20027256 20352504 20660925 21009554 21152997 21881621 21962567 22341769 22973224 23008116 23219980 23257245 23343968 23401174 23782518 23792216 23961550 23992376 24163850 24334049 24411254 24500538 24533117 24811584 25897762 26001722 26045055 26312359 26457416 26815053 26874644 27043989 27512005 27515718 27753611 27787027 28214315 28486708 29163409 29555467 30194186 30386438 30404850 30462898 30780296 31330292 31830665 32266938 32530781 32584355 32633716 32712520 32770999 33085590 33158772 33247276 33498000 33657457 34075958 35524334 35726826 36906540 36944780 36986564 37241140 37246265 37391190 38124429 38260779 38327069 38541154 38580030 38610291 38615541 39099106 39176418 39584114 40185311 40187150 40187188 40248272 40337245 40340319 40350303 41965009 42330308 42670114 42684074 44147853 44206517 44278796 44770529 45013235 45051894 45537747 45865465 46054692 46754894 46860582 46934475 46958309 47520916 48342996 48726854 48764460 49354191 49814392 51982828 52114630 52405458 52474527 52582757 52725693 52757236 52780400 53324525 54200212 54769822 54877998 55222535 55991727 56081354 56669858 56675544 57486140 57505932 59338505 59355478 59698845 60304834 60650519 61250869 62509989 62635353 63260438 63290903 63337613 63531207 64217263 65367727 65539550 65587134 65590754 65598884 66691421 66763589 67574227 67603734 68094095 68241308 68456925 69072789 69187979 69490214 70062275 70617438 72741498 73978891 73986605 74033128 74202957 74586267 75141533 75243379 75511224 76456492 76976987 77949533 79799271 80741351 82390302 82977544 83220224 83770292 83966731 84524757 85632018 85665693 86780531 86831936 87719730 88198639 89385774 89776939 90668001 90854372 91683053 94159667 95037522 95522978 95985617 96109157 96815249 97158610 98505044 99001341 99772708 100554896 100573490 101221067 101612960 103088329 103106691 103116624 104055955 104332218 104434793 105268204 106175819 106601959 106888707 107747077 108140942 108350879 108448846 108679657 108692077 109569992 110259781 110280391 111989628 112075462 112760135 115624836 116706360 116999724 117792193 118028227 118352178 120926981 120962212 121163932 121296694 123130128 123431836 124248528 125150547 126346398 126351209 126364732 126395181 129529866 129730276 130395742 131066597 131317768 131643746 131998232 133778635 134687004 135057752 136242193 136653516 137622383 137786520 138077315 138322735 138847948 138860140 139063272 139469291 139628316 141243524 142805881 145159487 145196076 145347010 146906710 147461784 147756403 147787042 148055679 152352981 154440966 154959835 155690100 156296440 156783397 157122822 157729385 157765776 157767014 157858384 158104132 158216035 158630760 158980067 159563937 160658239 162017343 162965189 165583353 165814490 165826885 166698317 167700350 167915369 169051492 169234290 170192703 174350413 175938534 175997836 176140153 176687793 180390958 181120728 181233139 181311417 181834984 181929711 182517897 183461152 186267547 186633188 188450258 191667380 192709407 193274143 194245667 196743148 197511305 198048144 198399355 200685361 200713835 202063776 202075612 202849351 202892149 203890384 204186596 204390536 205066686 205341777 207379807 207730312 208093309 209482512 210268467 212950155 213310819 213937754 213947558 213961838 216902526 219690900 220502693 220578999 220756966 221489828 222189121 222485748 223219109 224428744 224883589 225199394 226001181 226011338 226207535 227016826 227207387 227686496 229729919 230299067 230314512 230476419 230770866 231271588 231496926 231858934 231998027 232230669 232276959 232571300 232834568 234895094 235319539 235905598 237394359 237581493 237996239 238394455 239188819 242444620 243848799 244050895 244770433 246648550 247414089 249096055 249259023 250521819 250928526 251744064 253414535 253422875 253437303 253888243 253953257 255315692 256060579 256288010 256754305 258582570 258923616 259305320 259615130 260136602 260518040 261277321 261765367 264400863 265960486 266761504 269218298 269700319 270455224 
9135 11752 16713 37573 616173 1639601 1712831 1953911 4554681 4954131 4958911 5024371 5126871 5683952 5724622 5998552 6120472 7144882 7508092 8039442 8071902 8287952 8299792 9175912 9306542 9355162 9431342 10044022 10333202 11965332 12088232 12294192 12304722 12693572 12727902 13354002 13546712 13693042 14098332 14125005 14128901 14200437 14380462 14429823 14472183 14544571 14652452 14721067 14828536 14840993 14889185 14919201 14951992 15044502 15081182 15150351 15182385 15274836 15276401 15288377 15455358 15487747 15551263 15583560 15614315 15614959 15706037 15726358 15726500 15746084 15819292 15896304 15947185 16068825 16105152 16127669 16148335 16278276 16362662 16388972 16438743 16438898 16530557 16539573 16610527 16615594 16662478 16727007 17011345 17042374 17069525 17070787 17156131 17194090 17224082 17225325 17399774 17463660 17466146 17506774 17630773 17734669 17763164 17812000 17936052 17972230 17995655 18049840 18066875 18086674 18124692 18179554 18194787 18196308 18208795 18233716 18282606 18345963 18418944 18692021 18704291 18814878 18857922 18944608 19521680 19590747 19597166 19602429 19631582 19683498 19734025 19828667 19961801 19990190 20372179 20472901 20649770 20685484 21023334 21507883 21544692 21678847 21703120 21777919 21867719 21975447 21990854 22516489 22539801 22925703 23135992 23148563 23171383 23172966 23244977 23409989 23664028 23777198 24224879 24481083 24603879 24686494 25100373 25318477 25373949 25478329 26092570 26287569 26374989 26713682 26784273 27077432 27095215 27109378 27503151 28765331 28859686 29459695 30175166 30308283 31059620 31619861 32145253 32503018 33369174 33452655 34343816 35234203 35748845 36217004 36912323 37076569 37420083 38151395 38851140 39439728 41883924 41905057 42202168 44564343 45879513 45928398 46222099 46360075 47938142 49616509 49774815 51043119 51466642 51678226 53056410 53443633 55274676 55933111 55979296 55995317 56706308 59539942 59683851 62846638 63834256 67129024 69780518 70745737 70872642 71203121 72615435 72627052 73749928 74250663 74887389 75221587 76000222 76416892 78315807 79368271 79930408 84025309 87321877 87358503 87534528 88090633 88265548 88677841 88822659 89280747 89856317 91117627 91191989 91194630 91462853 93740417 94561549 95288092 95738226 96889262 97468141 98128280 98968120 103944737 104236319 104357325 105523857 107223604 110821538 113097921 113619900 114767953 116065011 116108369 118132028 119178303 119667870 120309742 120707178 122493098 124203804 125745997 126979577 128601175 129250534 129949964 131979670 132394928 132581307 133492415 133923294 134156687 134761691 135248445 136772862 139292079 140935817 141361726 142705588 144921225 145755847 147595464 155883945 155962937 156959765 159660869 159929295 161691702 161993294 171995715 177719652 179054464 179131373 180160839 180275858 181520337 184275950 185670728 190359605 192236628 192589318 195664345 200230533 200903027 200936459 201515262 204090866 210785308 210819491 215797959 216344199 219720365 219819147 222496666 226777208 227986140 228085717 232603412 238299492 238421074 240062530 240854929 242551935 243913373 245042640 247779244 249415812 249818868 251718913 258721812 258731466 259653783 261894735 262751654 265977653 271160885 273206322 
11332 27953 56653 683523 775861 898171 1253451 3041201 3297651 4303181 5693322 5778852 5798602 6118242 6183312 6188152 6389222 6535242 6630962 6655632 6811802 7205122 7209262 7491582 7746052 7773162 7795982 7830812 7853592 8147062 8393112 8417802 8447862 8539242 9048222 9335042 9413702 9615962 9850782 10768282 10880202 11235032 11279172 11316212 11606702 11674822 11892722 12322812 12350902 13107602 13220972 13225072 13267622 13272592 13356392 13599852 13785352 13900042 14054450 14083767 14100617 14105540 14144790 14179549 14212028 14212359 14218186 14227897 14236479 14248612 14277846 14289835 14291015 14294650 14298819 14299583 14327792 14339520 14345566 14376840 14378281 14389615 14443616 14448173 14452057 14469179 14517899 14532188 14543117 14554078 14572033 14605495 14634197 14634791 14659923 14679080 14705619 14706004 14715516 14717311 14753540 14773346 14775487 14796279 14846859 14861579 14864169 14883514 14911255 14923682 14937173 14940826 14985117 15023383 15044300 15046916 15062527 15063931 15075459 15120037 15121781 15131310 15230754 15233366 15239123 15274752 15293352 15308303 15323865 15365429 15367795 15374280 15391752 15393033 15400246 15400332 15442150 15445154 15462767 15483517 15487499 15495117 15514266 15524002 15534716 15585410 15615591 15675424 15686613 15707047 15729205 15808765 15811608 15843240 15852054 15878020 15891536 15895108 15907716 15917510 15975681 16013349 16023926 16033434 16124611 16153984 16177296 16191175 16208408 16261638 16278038 16278934 16304010 16332052 16353944 16356833 16369099 16387116 16407837 16462209 16471088 16492009 16513795 16561212 16570335 16586626 16663709 16703461 16716129 16720708 16877448 16878100 16886645 16887348 16912241 16915314 16941718 16970638 16988357 17022831 17024671 17092592 17155901 17206658 17224164 17237906 17240550 17242874 17246888 17280132 17323733 17332386 17365324 17393790 17446886 17473289 17475281 17495000 17503856 17519222 17528356 17576667 17644563 17824560 17827085 17850637 17909421 17945015 17948379 18034962 18121680 18131988 18155171 18189305 18231339 18280708 18308864 18327007 18356346 18492564 18493879 18500081 18557253 18560205 18592579 18604510 18609139 18766019 18774686 18776351 18833982 18873213 18911295 18967578 18997715 19065686 19085742 19090407 19111507 19276287 19288077 19450841 19461688 19475375 19494371 19564474 19641024 19746341 19774114 19790013 19826674 20250302 20267632 20271080 20332142 20351695 20476654 20481131 20770172 20996839 21275406 21486753 21546828 21622756 21799282 21817105 22018221 22077506 22145414 22201568 22228327 22372197 22414207 22490140 22736954 22753132 23145109 23309869 23421006 23437737 23498775 23655155 23714675 23866339 23998156 24561424 24797350 24816382 24897332 25092348 25127831 25159698 25266932 25316662 25367291 25393674 25780932 26418098 26419638 26470645 26589876 26900011 27865199 27894046 27944666 27962194 28006501 28140193 28230825 28564127 28873178 29509119 29632619 31303139 31334049 31520228 31620237 31667926 32059102 32182277 32516316 32964444 32992448 33414867 33492243 33877371 33885025 34128302 34244280 34356968 34700428 35548601 35636804 35929320 36368888 36407795 36568789 36601355 36713201 37240699 38194364 38447355 39323281 39511351 39645433 39657206 39657792 40099249 40250971 40486003 40721661 41123794 42934314 43111514 43163302 43171018 43635444 43765408 44015183 44202114 44961029 45756215 46164502 46589508 46707560 46787681 47721240 48096690 48880548 48892632 48900286 49121564 49723206 49849110 50008018 50077710 51028602 51253969 52090770 53941287 54113444 54370980 54649894 54708000 56458700 57135779 60449169 61462007 61666438 62509229 62606223 62950338 63009240 63283271 65193458 65363711 66158240 66818412 66871294 67436412 67898690 68592846 68982398 69025404 71664150 72353797 73429252 75165241 75192691 75356470 77042833 77392251 78275869 78735819 78789634 78924375 81505840 82376322 82411192 82444043 83602448 84053324 84124761 84497664 88214227 89273858 89552709 90203791 90767831 90776145 90793521 91458608 92117844 92356909 92437178 93800894 93953977 94358525 94919897 95998018 97361708 100817771 100818788 101253269 101477465 101631951 102780726 103356166 103576036 103969563 103976896 104901157 106185357 107572393 108417469 109604578 109841442 109886771 110281707 110320464 110532690 110812554 111047202 111047938 111482299 111662569 113747572 114049072 114467024 114628210 115247248 119220971 119517827 120958573 123437271 124257319 124329490 125867143 126754289 126912691 132250957 132526387 132946771 132975929 133941575 134853224 137178307 139552551 139889120 140028928 140176807 142447390 143638559 143879476 144325640 145315512 145361923 149747560 152088160 158788474 160897794 160994217 162052960 162140481 162898103 163845303 167570736 168730556 171305484 173899102 174095086 174649888 175590052 179154258 179422421 182466412 183182089 189092067 194783022 195742848 197156324 201242210 204824975 205094271 208303207 209588239 211011485 216782324 217798695 223704520 226273650 227750413 229291215 232568677 235347368 239191123 240469100 240920084 241041897 244673838 246913322 249361812 249485868 250248024 252606479 254092296 254426170 255257849 258939764 263031010 269889901 
205803 246103 1384531 1774081 2241221 2507851 3433721 5820022 6021422 6131832 7042572 8402052 9886592 9994802 10252992 10473582 11922842 12300692 12392822 12566322 13047322 13654112 13832532 14099516 14144238 14274606 14285046 14320910 14352967 14370358 14398964 14433007 14545046 14738804 14746460 14763566 14763855 14774443 14848179 15062528 15113155 15117599 15165587 15175391 15343285 15353236 15362948 15367279 15371730 15631770 15660796 15745139 15746214 15747743 15749997 15768216 15939352 15959806 16000947 16032700 16069024 16130242 16156302 16201819 16248319 16320817 16358939 16445899 16459994 16520112 16530746 16536804 16546592 16564842 16668970 16690175 16787126 16799649 16828143 16897237 16928122 16956103 16956236 17047248 17062597 17083396 17087370 17116782 17130461 17202143 17300593 17343595 17351052 17353481 17400430 17424617 17429788 17505487 17520649 17565891 17593208 17771429 17813433 17837216 17878154 17971670 17997511 18028249 18039861 18065823 18143526 18214840 18239795 18247087 18275871 18312678 18322904 18485106 18559445 18603672 18619708 18638821 18705078 18744397 18754728 18786047 18790031 18795950 18913509 18933832 19023804 19047089 19137574 19532857 19673977 19690008 19719380 19732334 19771162 19774034 19774114 19789205 19841754 19988765 20212448 20338713 20397358 20564713 20758436 20813783 20858400 20882372 20918359 20989298 21004344 21080122 21179890 21213658 21372803 21404596 21584163 21814082 21832608 21863612 22413145 22577042 22818133 22992918 23032476 23155646 23506185 23526929 23620612 23843205 23861287 23974021 24167147 24551605 24798988 25202714 25567123 25736364 25931068 25948167 26211291 27011541 27018757 27413705 27426996 27702107 28211629 28462804 28562298 29005683 29343437 29965112 30268257 30376196 30469863 30857134 31269851 31281673 32998543 33648595 34057913 34262175 34417776 34425171 34507129 35068546 35523686 35563232 36098673 36380897 36702921 36730935 36832842 38372614 38668559 38670814 38976017 39470262 39700831 42315951 42381705 42680682 42929595 43226515 43249641 45004183 45051485 50225755 50749152 51034077 56810786 57247518 58818905 58866657 59095319 59913286 60696138 62614001 63292317 63614805 64927053 66350411 68839777 69001280 70632952 71410962 74026628 74625574 75800420 76784104 77402928 79740296 83625882 84043516 84438310 85032253 87719258 89554626 90313639 92697733 93100491 94397566 95499927 100004821 100188468 101863069 101894696 104211750 105305259 108136710 109370698 114579424 116571138 117477071 117850134 119480392 120965844 121738047 121910714 124854403 125090924 128100093 129098605 131177653 131357770 131607538 131646552 131881168 135011198 135414895 141357881 145350228 156768711 159163111 159245037 159329042 161415195 170351580 174811472 176929534 177330882 180077597 184221744 184517281 185477564 189474615 192007163 193674723 201531255 202595945 206358757 207205591 208830775 209471041 215989468 216013791 216905062 221452291 223443158 224074946 232979512 233221276 233306179 239221322 240365217 243374286 246191415 257556561 259288480 262770233 266073365 270698836 
1398 11983 13050 34173 381203 800735 1042631 1045701 1309511 1388961 1428831 2099891 5957552 6566712 6572042 7210762 7224702 7434272 7674792 8143872 8883702 9405862 9686792 10052552 10730842 10748252 11204762 11349102 11580962 11896242 11984762 12702572 13690622 14076943 14128528 14155372 14261302 14321959 14564986 14576426 14604049 14690254 14704310 14708747 14742422 14799428 14850719 14888362 14889333 14993616 15052090 15070780 15093212 15135214 15320887 15414807 15428401 15440344 15485085 15551156 15692087 15831093 15991918 16484677 16592690 16680654 16694698 16745770 16814973 16954719 17021619 17074868 17179368 17325009 17372379 17511523 18038375 18102284 18280155 18436433 18507464 18787972 18850958 19015082 19207266 19532315 19583523 19794129 19977032 20030225 20201647 20303224 20851240 20945245 22050760 23166140 23486491 23898238 23992198 24125006 25057202 25330903 25490697 26174646 26716467 28622733 28674078 30178173 31465017 32211808 34012344 38109868 39619991 41145894 42197349 44651055 49992096 50363926 57026817 58994449 65508813 69033184 69687111 71015802 76424904 80589255 86272337 89410778 91827895 96640040 96779857 102617462 107354278 116234257 118837674 120185625 125418319 141379955 144692356 150435789 173387492 174959828 177234194 182029374 182686614 200137739 202844511 216336191 217000649 227818834 232502918 233965578 238819163 243768368 263588145 
5608 10396 11489 74673 79543 703953 749333 755332 755452 777560 790000 795448 809092 814293 816154 1069351 1249431 1252191 1283361 1307011 1356261 1363481 2564981 2737751 3303571 3533231 3750071 3954581 5525212 5661792 5738952 6014732 6269602 6509242 6904582 7090482 7144182 7277852 7315022 8476602 8769212 9200242 9366702 9468972 9527242 9588882 9639352 9853212 9952152 10864492 11073902 11855222 11991832 14115587 14118793 14134419 14141301 14213692 14217862 14228300 14252191 14274372 14332565 14342975 14433757 14500374 14660213 14715504 14724577 14782952 14820299 14833389 14860922 14943818 15041902 15080701 15087461 15126388 15158352 15159129 15315857 15342518 15410368 15521495 15618317 15671214 15768141 15863689 16012310 16201506 16226484 16297675 16345566 16428278 16527332 16750984 16888514 16907121 16996238 17005197 17037986 17046369 17170520 17276841 17310398 17372386 17549229 17576806 17641457 17848135 17926317 18092306 18621945 18680847 18699208 19542974 20192882 20466813 21069098 21367818 21776768 22289075 25276905 25513646 25752513 26850477 27890540 27961877 28108567 28166828 28240302 28612042 29827578 30010982 30204846 30864653 32629751 35796925 36522491 38388028 40300225 45672770 47507850 48392114 51096590 64122735 74613440 79287934 87795802 96145394 96585127 98362525 103331100 119395435 126150918 126362262 129878110 140827994 141004777 141527434 149075605 154435961 171669403 173871192 204632531 209789811 222128283 224770553 
989 1081 1688 2900 3840 4030 10178 11848 12696 12716 12984 13210 13348 15683 31383 50193 57203 66993 67813 69583 76133 82363 113963 347133 678033 683113 691353 759228 767715 773624 774909 788673 788863 804904 806204 815897 817970 818340 819522 822647 824157 824211 833071 923541 1040391 1048931 1051171 1203641 1246421 1293051 1322691 1380711 1442101 1692171 1717291 1724401 1797291 2150541 2384071 2825191 2960101 3855911 4937061 5024061 5025251 5108161 5402752 5408012 5547552 5708292 6018562 6302382 6426552 6708952 6719712 6814492 7181572 7263402 7278032 7865552 7929742 8112832 8159652 8261762 8293402 8340752 8348782 8384912 8466962 8496612 8602152 8823362 8933942 9074582 9324442 9543992 9562272 9574902 9813282 9938952 9961332 10284332 10420662 10650562 10767712 10876852 10952962 11069462 11202562 11435642 11470032 12219832 12354252 12398022 12566662 12575842 12683642 12834972 12852572 13012632 13102262 13140132 13539592 13767702 13775632 14061771 14076943 14079356 14085088 14090906 14128528 14136479 14182254 14191626 14192412 14206392 14260608 14263141 14274132 14290383 14293571 14304302 14320024 14321959 14327478 14333690 14335404 14345113 14349077 14388689 14390076 14416798 14426771 14437914 14471522 14524060 14532450 14547107 14563894 14706139 14707115 14712904 14773964 14786110 14802885 14813149 14822021 14908932 14943648 14950583 15033971 15040446 15040500 15050305 15064389 15076390 15123270 15126651 15148807 15149632 15223252 15223619 15237935 15247066 15270963 15328388 15379912 15414807 15434432 15443141 15462987 15469101 15471640 15479484 15497928 15538795 15626406 15635812 15842919 15924411 15925179 15936194 15942716 16080020 16120265 16145206 16156062 16222945 16352993 16393123 16494284 16561292 16592620 16733141 16745770 16818880 16847211 17175973 17179368 17212941 17339297 17372256 17439117 17477864 17542265 17549096 17610796 17753670 17988396 18071407 18072408 18152057 18161157 18252347 18300176 18368098 18450898 18514207 18533988 18576979 18655567 18697352 18836209 18872123 18906478 18927821 18948706 19038395 19079941 19207266 19338042 19356110 19374805 19404944 19466732 19490555 19575406 19639071 19703385 19826509 20025220 20173675 20219382 20660146 20905953 21224776 21266715 21509975 21575880 22150874 22200186 22301442 22387220 22665665 22982474 23006156 23549240 23593213 24165974 24420867 24794263 25160944 28039217 28377117 28504545 28840450 29802611 30386355 31030273 31100040 31179355 31359340 32718488 34486207 34556885 34904126 35030769 35473835 36071096 38186171 39341556 40532389 40953367 41296367 42630325 42868982 43194865 43239422 43911998 44046468 44936058 47712248 48123021 48791942 49011247 49445813 60642052 61510388 62625917 63073975 67924644 77281326 80794949 84201313 85906552 89414621 90803319 91921994 92876427 93837236 96477730 96880903 97515361 97551846 102107813 104493815 105203822 108803911 110301570 110965120 121558178 123963067 127846497 148478556 156407255 171569791 185002853 186426532 191663507 197882703 208687668 214067697 215370565 229543786 253589177 254639896 
16864988 18857778 23041301 27143583 28301633 36204399 38748814 50002300 56428052 88321965 88776484 158875382 161524303 161813117 163250088 194152765 199382257 208703350 216605516 221919129 239020684 
5693062 5972752 7708092 7713202 8906982 9188592 9376622 10168082 14216821 14343150 14384696 14389132 14430556 14616050 14720411 15450996 15565703 15628274 15979153 16290327 16703058 17172429 17393362 17461226 17486092 17486602 17579692 17746589 17789501 17971455 18391075 18433188 18449174 18773467 18832833 19167202 19498445 19754122 20664195 21057434 22108647 22174042 22935909 23556388 23920779 24247270 24661757 24703871 24716002 25163231 26539097 26870624 27732408 27789999 28782189 29460521 29708582 31175661 34434801 34572831 34737705 34826262 35195343 36563254 36880462 40822836 41660436 42601947 43600056 44769565 44845302 45190383 47914845 48504894 51131831 55885084 58881671 62985966 63796576 68807455 70477603 72475621 75612668 78403223 78470249 80779692 84045446 85008170 92102625 92285511 94607882 95137513 95740429 96316448 97051433 98505044 109671957 110918004 115753716 117943004 122540204 123322544 126717954 127198803 127810704 129360573 130302239 135033964 136758945 138555043 140869994 141167217 142513252 148418872 148891227 157498350 163565993 167637074 169245808 170061178 175876900 178808746 180605438 180703009 184896140 188474582 191964962 198338473 200226529 210427069 212203440 215259883 216902526 223679418 225564695 226207535 227192133 229517477 231496926 231535622 255234205 256134707 
7823692 13817822 14697711 15803220 15872657 16162490 16684007 17008328 17415305 17927796 18059231 18087450 18791763 19935490 20340239 21179070 21345203 23418405 23882123 24419425 24545046 26419482 27553223 28410099 28768235 28784606 29911860 30464510 31036345 31257590 32377446 34146256 38087508 41238441 41291640 41364338 41856927 41874288 42300159 42740377 45187586 49464688 50408030 50985635 51222676 53000535 61317377 62301773 67656375 70622187 72005983 72084922 74003363 81314945 84697403 86495946 86989704 88498786 91198297 98580028 99356759 104337086 105394663 106963800 114685387 119946793 122115977 124073829 125322205 129319803 129682105 130682467 131847507 131862233 142977623 147026192 150830257 153428380 159001530 163954957 164391207 168402242 171023147 171519363 174319881 178897716 184900712 185187643 188117384 191807566 192626071 192643153 193035945 194604669 199503098 203867751 208398817 213069826 215683551 221485597 223171168 224138450 235737404 240606964 241210475 259171181 260108644 
780290 811182 1630261 2108241 2258301 4053841 5513352 5793772 5832712 5874452 6065942 6723912 6904482 7159752 7712452 8307012 10355872 11412542 11821622 12781762 12886112 12935692 13445052 14135845 14142231 14153594 14325932 14380889 14399357 14431213 14624025 14742479 14749243 14803061 14862723 14890935 14936846 14947289 14957541 15013580 15030787 15058363 15138003 15210530 15231287 15382147 15553406 15580925 15583287 15583292 15648561 15648584 15655296 15661468 15675070 15700362 15868433 15905565 15908105 15935243 16135362 16527273 16588005 16680941 16904101 16911564 17065634 17214701 17226610 17577078 17625824 17627945 17871826 18040428 18098655 18127893 18188365 18442894 18481782 18503214 18822387 18994034 19131613 19248489 19264674 19291219 19365378 19408219 19600446 19640035 19873296 20596316 21225270 21429357 21626871 21812771 22866896 22876951 22933904 23204397 25079420 26744291 27106703 27292941 27302814 28447455 28623830 29646744 30667186 30874865 34938387 35267268 36913318 37546498 39284620 42231175 45368137 47444849 48722198 50456532 52563809 56521633 58842703 58855541 61014259 63875612 64576818 66997403 72725104 75067140 76488224 77292945 78354184 79447979 84172384 84652502 84737899 89519051 92074551 92318904 92513185 97289556 100440668 100507331 101563645 109648337 111789350 119468133 121209486 123971807 130554757 130589438 131625652 135601675 140591488 153119220 156010360 160718204 168071804 186957019 190754647 195007168 198466520 216838986 227726723 229766654 236226987 238914931 245314387 246061882 246124029 
785595 9147742 13306282 14180249 15302201 15322793 15687170 16308041 16540406 17779287 18107886 18183592 18262412 18529151 18787132 19022242 20160897 20376532 20959144 21152997 21323607 22192559 22256515 22360594 23335196 24703871 24733117 24803181 25737016 26486510 27056757 27845072 28031609 29015085 33606835 34278049 34676616 35748845 35910513 37077578 37391190 38925280 42468157 43600056 43607866 45537747 47103930 48764460 55303089 56081354 58881671 62509989 63290903 63468801 66691421 67010977 70449609 76667648 76745868 83719783 87212008 87765465 87820847 92102625 92285511 93176964 94717868 94826232 95037522 95740429 98479451 98505044 100426508 102363028 105343122 112443324 117943004 122540204 123055515 127198803 136378375 140663609 145196076 147359145 153244255 154132764 158136469 180703009 190229279 196071730 211633957 211787112 212135317 213945499 216633243 216902526 226207535 229255063 229517477 231496926 231535622 240062530 241580495 245094866 250582808 257467966 257564668 258843668 269111650 
625323 781493 1936361 6976562 7226972 7288532 7350652 10876852 11698252 11732322 13228592 14053295 14177081 14275501 14302111 14372059 14435478 14464919 14508983 14568079 14643996 15307617 15599014 15600217 15632345 15683948 15850769 15940736 16181186 16253235 16294267 16313592 16382820 16444912 16506186 16641718 16819278 16908775 17062111 17580892 17905825 18129159 18211473 18230113 18353112 18398385 18414159 18483871 18530171 18812573 18879847 18953266 19089993 19153333 19187122 19477159 19624059 19743196 19783137 19886908 20148513 20195689 20209025 20276964 20352504 20661527 20897273 21113258 21152997 21303464 21460496 21587712 21729540 21930609 21975870 22116240 22380908 22589921 22840652 23031702 23106500 23246523 23292975 23335196 23343968 23711425 23721972 23774237 23844792 23932737 24095880 24163850 24414900 24561449 24608101 24636191 25253084 25512025 25694234 26255541 26388416 26739128 26773692 26847783 27043989 27071190 27325141 27386308 27787027 28018672 28226960 28573074 29355945 29427149 29707246 29862576 29943167 30340990 30455734 31830665 32574964 33327241 33452988 33832697 34010454 34733255 36073824 36643209 37190491 37391190 37832300 37922200 39584114 39812315 39897996 40007151 40187188 40779851 41450556 41965009 42055361 42140354 43637692 44672556 44733866 44870998 45526985 45537747 46037408 46340763 46476526 46787956 46878105 46958309 47577195 47736537 48036380 48320268 48764460 49013625 51758990 52254968 52575960 52699786 54709948 56081354 56836415 58881671 59197928 60650519 60849055 60936367 61543234 62382288 62509989 62554155 63192289 63290903 64804024 65260323 65539550 65587134 65590754 66763589 67321398 67862303 68414446 69072789 71801107 72036947 72826714 73683746 73986605 74681972 76866234 76887105 77577477 77731518 78543480 80235953 83006046 83454492 84061021 85665693 86711072 87590534 88198639 88829709 89121882 90309379 91071674 92364623 92798123 95142106 95448172 96655484 96790154 97122417 98390827 98505044 98928522 99325018 100281735 100554896 101221067 101744237 102186571 102363028 102524769 103106691 103116624 105214847 105268204 106769185 107621747 108538150 109596525 110470795 111435350 111992715 112558885 113787997 115036116 115575220 116999724 117157665 119196878 121437473 122056847 123116942 123324025 126153057 127692921 131643746 134009694 136242193 137786520 138628895 139331113 139458881 141243524 145662065 146093372 146965762 148055679 151212561 152352981 153559103 154440966 154635466 154876782 154972484 157314364 157765776 157858384 159144566 159527534 159658784 162279176 162665603 163719471 164033581 165200431 166961004 167700350 168563935 169443688 169655919 170192703 171084149 172341029 172397445 173452455 177931290 177959094 182040558 182377857 183088045 183626732 184497682 184630300 188574103 189686051 190229279 190546924 191840628 192823256 192972145 193364199 193703862 193834897 194066377 195165128 196590443 197511305 199234560 200664598 202849351 203137786 206216645 206613587 207379807 207977066 208920761 210268467 211858345 213961838 216145017 217064519 217527334 218193050 218375995 219089755 219785653 219913962 220190718 220756966 221489828 222189121 222485748 224809136 227159879 229255063 231039361 231254156 232445524 233707083 233986555 234696158 236242567 237193691 237358682 239190317 239682389 239923310 241310760 242454810 244791392 245094866 245167786 246029073 246418321 246600472 248960481 248988432 249259023 249542643 253414535 253784340 255708730 257186370 258039690 259123873 260136602 260786513 261277321 261630686 261708017 264046056 266151992 267517115 268690589 272418328 
509 13298 682213 782010 1129701 1308101 2771891 3265101 3811511 4700381 5051171 5153221 5388852 5447732 6141832 6144162 6245232 6271842 6297382 6325632 6341572 6540192 6753242 6962852 7112242 7314152 7480172 7511702 7614632 8132582 8156622 8448712 8531352 8615772 8690902 8765892 9040122 9209942 9409732 9485202 9584882 9590262 9804482 10000642 10155832 10609292 10636902 10773882 11010622 11698322 12329252 12354252 12855572 13342982 13388922 13579842 14076943 14109004 14117196 14135237 14179222 14185424 14198011 14219103 14220249 14247062 14270791 14321959 14330959 14346361 14349449 14349894 14354144 14389062 14496930 14612263 14620544 14758406 14789122 14835646 14860195 14870168 14888632 14894307 14903294 14934718 14935079 14990031 15051601 15106068 15117717 15354397 15385968 15393195 15398780 15429250 15440344 15510638 15555038 15605402 15748737 15770684 15831401 15866800 16157980 16217727 16457010 16703742 16731359 16801452 16883326 16956811 17029807 17063238 17066838 17177403 17179368 17307627 17312943 17381284 17402349 17429334 17451411 17451602 17460928 17469567 17472945 17627390 17794287 17856201 17898705 18064263 18089164 18134210 18134756 18252347 18295455 18429289 18455643 18506975 18680985 18813157 18836209 18885594 18929690 19018185 19291590 20083563 20172321 20405853 20545925 20610029 20813611 21307269 21513512 21653513 21700719 21751985 22084719 22960333 22987468 23166597 23343266 23485622 24006057 24661289 24889586 24906998 25164847 25175706 25191558 25478876 26657049 31213504 33098821 34636987 35769941 35783898 37069994 37764670 39241726 39774991 41721520 41841330 42469463 43194865 43292618 44069257 46670048 47470276 49824306 52814458 53188888 53294779 53311224 53411390 56973737 57949239 59697909 61755699 69932023 70190484 72343437 75236148 83865532 84972513 89119055 89410778 92342722 93666150 99740489 103971994 107633083 115377377 120794494 120819229 128126290 129176641 133480857 176225740 180770812 203951741 214303021 219011376 221749521 237752191 246036260 249260397 
