224808382 225491442 237962820 
51684877 56981225 64166227 64365916 67798741 94541648 141524887 181421726 
23324325 79873303 258934913 269082797 
265749910 270172081 270308750 271127683 
15689313 35577793 75289001 
83277670 84217059 91106767 108622476 217318313 
18122984 18752726 23154642 70199201 
23041301 28301633 221919129 
121834189 129915741 138498796 
16411060 16513752 19035245 
9013032 17278906 17453969 
71632263 154105545 
15929686 70937408 230974069 
11633492 94856925 162886404 
28009658 36697219 100504915 
199381244 199746127 200139454 204768565 204979872 220982094 233597060 240247368 
17608059 36719360 92678445 
146655020 166235979 166394396 
9506452 10410632 13190282 14837928 17010854 
61496860 73331245 101711457 109881181 156198826 166815795 167735296 172223222 179514953 249983793 
134352532 134487373 241472180 259638685 
84014340 87615535 93151373 
80857771 92063493 94577861 94579136 98673557 98706590 98895591 107186135 130899627 134149133 178053334 234869209 237819356 
1132281 59191437 76476217 169970345 
172143827 173610845 
99031903 110921163 135102077 190229547 232573485 
19632835 21101803 21259003 23420024 25154863 25740983 32300434 45547073 120285512 
14326003 253727842 
85267320 85543520 209558599 
7614052 12597012 
8085432 12485522 14571531 15936780 16016852 19552126 26681722 35846393 101345179 136952493 160313219 
36813285 48900102 68554574 70236664 75816353 89036498 126153057 126387549 184518363 187951011 
11426 5816442 23130098 
185497324 192895653 
16953 631803 6695732 12601142 13267172 15406144 15781117 16882886 17579321 17940962 17952277 21764657 22660345 26548347 27969192 39428095 58341833 77292631 106546060 115944587 
15239123 15624385 17301889 18343178 19884721 25447492 25688058 30734462 40957993 46205067 53500999 75141533 78470249 95448172 95458918 101207588 150828573 177507202 232191946 236195413 240552704 
14154581 20932375 69102823 
6567132 10776882 22155739 38297358 
21784570 25242416 
14169364 22119456 32451329 205007756 
18197912 18258178 20329248 25197341 52866517 58904655 67090241 112479899 
62996416 85917069 108357234 124002957 147335676 171191429 189561195 198649890 203256940 232987424 238341121 
15113529 15706633 21658412 47684949 
9819862 20731401 44570428 
16270580 37190491 68414446 111992715 142303850 150770608 184630300 196102552 196281219 
18732075 19560605 27044209 64544676 67673600 139808538 139953824 145420038 
104223101 145408456 147314264 175533140 193088908 234840602 242884484 254493514 260985403 
803847 12611642 14128069 17315836 22790425 51162926 224428671 
9376622 10168082 14389132 14720411 17486092 17971455 18391075 19754122 24661757 24703871 24716002 27789999 31175661 34434801 35195343 43600056 44845302 45190383 58881671 63796576 68807455 70477603 78470249 92102625 92285511 95740429 98505044 110918004 115753716 117943004 122540204 127198803 129360573 169245808 180703009 216902526 226207535 229517477 231496926 231535622 
450953 819284 1012071 2226621 5606492 7145552 8159652 8435452 11698322 14235323 14350762 14465902 14745283 15126891 15249228 15515538 15578710 15634516 15821556 16657530 17050705 17165458 17449898 17493528 17641725 18120676 18252347 18622210 24707040 29392243 30018368 36371780 37222477 39944598 48604785 48816106 50737978 69493393 86080280 123892070 266202805 
5683952 8299792 9175912 14056454 14084098 14421385 14562004 14578544 14664756 14777850 14951992 16275014 16630502 18049840 18460854 18497497 18704291 19552126 22516489 22539801 23777198 27503151 43155565 114767953 144892029 
1315431 6288762 7595842 9355162 10928462 11299932 11673662 12184042 13363182 14098332 14131683 14253707 14429823 14433007 14652452 14664756 14871283 14938248 15025059 15081182 15117599 15284607 15313725 15520700 15678167 16069024 16177296 16273144 16438898 16539573 16546592 16561212 16840877 17130180 17543438 17845906 18065823 18239795 18773339 18822866 19246850 19713521 19774073 20477352 23172966 23331830 23797396 24425906 24436600 28733900 31059620 32998543 33672294 34343816 38670814 45051485 49774815 52927776 63314023 68879809 70461418 77151544 81189900 87478288 98025022 106182367 117477071 124908488 172204281 172592448 180911104 182066809 194109571 211556899 232682267 243522984 258475508 
17008328 23882123 24545046 26419482 41874288 49464688 81314945 114685387 125322205 130682467 142977623 150830257 168402242 185187643 191807566 192626071 192643153 194604669 213069826 215683551 221485597 223171168 224138450 260108644 
2108241 4053841 5793772 5832712 5874452 6723912 6904482 7712452 10355872 11412542 12781762 14325932 14380889 14399357 14431213 14624025 14749243 14803061 14890935 14936846 14947289 14957541 15013580 15030787 15210530 15231287 15382147 15553406 15583287 15648561 15648584 15655296 15661468 15675070 15905565 15935243 16527273 16588005 16904101 17065634 17625824 17627945 17871826 18040428 18098655 18127893 18188365 18822387 18994034 19131613 19248489 19264674 19291219 19365378 19408219 19600446 19873296 20596316 21429357 22876951 22933904 25079420 26744291 27302814 29646744 30667186 30874865 34938387 36913318 37546498 39284620 47444849 48722198 50456532 52563809 56521633 58842703 58855541 61014259 63875612 66997403 75067140 78354184 79447979 84652502 84737899 89519051 92318904 97289556 100507331 111789350 119468133 130589438 131625652 135601675 156010360 168071804 190754647 198466520 245314387 
7712452 11541372 14325932 14550012 14628090 15172283 15215190 15302120 15342619 15343458 15382111 15445270 15725650 16357285 16419927 16506571 16951971 17083396 17259981 17512738 18173465 18203404 18822387 19114943 19599271 19685572 20567743 20764205 22992850 23095083 23618183 29624532 29813042 40268283 45034162 47634020 54296186 55532384 55913654 57102394 73347023 84097256 99225888 109813572 111556341 111729901 123379214 126928559 141571223 143414740 148696421 155396230 156010360 177276579 214659775 243767573 
1934931 14676022 14740408 14889185 15066876 15978380 16366271 16700601 18073211 18637420 18932935 18954425 19160080 20105071 20733757 23064510 23335196 23593412 23834147 24733117 28018958 28167824 30308283 34376087 36008885 36997036 65293006 75630518 84868368 87321877 105623556 111165159 119139599 124942059 131109320 133923294 148040105 172225488 192477353 221265281 223488253 253473812 266296850 
2606911 2941831 5166511 6014732 6114252 6136332 6486742 7604502 7721172 7898472 9015512 9244262 9604192 11443292 12372812 12759102 14079590 14099435 14110885 14155241 14331959 14445542 14471169 14573861 15219854 15292471 15365998 15378805 15487288 15505550 15754851 15768928 15853065 15905527 15943715 15947897 16248619 16296026 16338169 16533013 16809329 17058577 17279500 17578918 17844404 17911617 18000311 18201948 18204677 18485558 18547882 18588568 18731203 19751635 19790018 19993686 20592179 21159398 21770568 22076359 22760649 25303296 28371616 28506177 28674090 32428493 33556583 40362652 44139958 46473076 46574042 46668984 58988537 70751508 74021308 75719992 94175843 103157143 106283898 107112554 115242946 135579990 137423367 153997237 168537728 176651561 240798167 263234033 
781493 10876852 16506186 18534567 18649219 18879847 19578025 19624059 20352504 21009554 21152997 22341769 23343968 23992376 24163850 25897762 26045055 26815053 26874644 27043989 27753611 27787027 29163409 30194186 30404850 31830665 32266938 32770999 33498000 34075958 35726826 36906540 36944780 37246265 37391190 38260779 38327069 38541154 39584114 40187150 40187188 40248272 41965009 42670114 44278796 45537747 46054692 46860582 46934475 46958309 47520916 48764460 49814392 52114630 52405458 52582757 52725693 55222535 56081354 57486140 57505932 59355478 60304834 60650519 61250869 62509989 63290903 63531207 65367727 65539550 65587134 65590754 66691421 66763589 67574227 68456925 69072789 69187979 70617438 72741498 73978891 73986605 74033128 74202957 74586267 75141533 76976987 77949533 82390302 83220224 83966731 85665693 86780531 88198639 89385774 89776939 90668001 90854372 91683053 95037522 96109157 97158610 98505044 100554896 101221067 103106691 103116624 105268204 106601959 108140942 108350879 108679657 108692077 111989628 112760135 115624836 116999724 117792193 121296694 123130128 126351209 126364732 130395742 131643746 133778635 134687004 135057752 136242193 136653516 137786520 138847948 141243524 145196076 147461784 148055679 152352981 154440966 155690100 156296440 157765776 157858384 158216035 158980067 162017343 165826885 166698317 167700350 167915369 169051492 169234290 170192703 175997836 180390958 182517897 183461152 186267547 186633188 188450258 192709407 194245667 197511305 198399355 200713835 202063776 202849351 202892149 204390536 205341777 207379807 210268467 212950155 213310819 213961838 216902526 219690900 220578999 220756966 221489828 222189121 222485748 226001181 226207535 227686496 229729919 230299067 230314512 230476419 231496926 232276959 232834568 235905598 237996239 238394455 242444620 249259023 250521819 253414535 253437303 255315692 256288010 256754305 259305320 260136602 261277321 265960486 270455224 
14287191 15762258 16357245 21975870 22277113 29451005 52788040 79930408 118644821 139960419 156475064 176806231 231488894 
16713 616173 1712831 1953911 4958911 5683952 6120472 7144882 8071902 8299792 9175912 9306542 9355162 12088232 12304722 12727902 13693042 14098332 14125005 14380462 14429823 14472183 14652452 14721067 14840993 14889185 14951992 15081182 15182385 15274836 15276401 15288377 15455358 15583560 15614959 15726358 15746084 15896304 15947185 16068825 16127669 16148335 16388972 16438898 16539573 16615594 16662478 17011345 17069525 17224082 17225325 17463660 17466146 17506774 17630773 17734669 17972230 18049840 18066875 18124692 18194787 18692021 18704291 18814878 19521680 19597166 19734025 19961801 20372179 20685484 21023334 21507883 21544692 21703120 21990854 22516489 22539801 23135992 23148563 23172966 23244977 23409989 23664028 23777198 24224879 24603879 25100373 25373949 26287569 27095215 27503151 29459695 30308283 31059620 31619861 33369174 34343816 35748845 36912323 37420083 41905057 42202168 46222099 49616509 49774815 51043119 51466642 51678226 53443633 55979296 55995317 59683851 67129024 69780518 70745737 71203121 73749928 74250663 76416892 78315807 79930408 84025309 87321877 87534528 88090633 88265548 89280747 89856317 91117627 91191989 93740417 95288092 96889262 98128280 104236319 105523857 113097921 114767953 116108369 119178303 119667870 120309742 120707178 125745997 126979577 129250534 133923294 134156687 134761691 136772862 141361726 142705588 144921225 145755847 155883945 155962937 161691702 177719652 179131373 180160839 181520337 192236628 200903027 200936459 210785308 216344199 238299492 238421074 240062530 245042640 249818868 251718913 261894735 265977653 
16540406 18529151 18787132 20160897 20959144 21152997 22256515 23335196 24703871 24733117 24803181 28031609 35748845 35910513 37391190 42468157 43600056 43607866 45537747 48764460 55303089 56081354 58881671 62509989 63290903 66691421 67010977 87820847 92102625 92285511 93176964 95037522 95740429 98479451 98505044 102363028 112443324 117943004 122540204 127198803 136378375 145196076 180703009 190229279 216902526 226207535 229255063 229517477 231496926 231535622 240062530 245094866 
12916 1528701 6092972 7155782 7526892 7770342 8457092 8935052 10400902 11086372 11504382 11993412 12095912 12340562 14401102 14445542 14503316 14533116 14553055 14576426 15199325 15206692 15250836 15378805 15753937 16010789 16148602 16158012 16463326 16739711 18279169 18565158 18889063 19790018 21047224 21625207 21909890 22053039 47518210 50832208 51196532 64444175 68552069 69604327 86167256 151158927 166707502 210118012 262226916 
11332 27953 775861 898171 1253451 3041201 4303181 5778852 5798602 6118242 6188152 6389222 6535242 6630962 6655632 6811802 7491582 7746052 7830812 7853592 8147062 8393112 8417802 8539242 9048222 9615962 9850782 11235032 11606702 11674822 11892722 12322812 13220972 13225072 13267622 13272592 13599852 13785352 14083767 14100617 14105540 14144790 14179549 14212028 14212359 14227897 14248612 14277846 14289835 14291015 14294650 14299583 14327792 14339520 14345566 14376840 14389615 14443616 14448173 14452057 14469179 14517899 14543117 14554078 14572033 14605495 14634197 14634791 14659923 14679080 14705619 14706004 14717311 14773346 14775487 14796279 14861579 14864169 14883514 14911255 14923682 14937173 14940826 14985117 15023383 15044300 15046916 15062527 15075459 15120037 15121781 15131310 15230754 15233366 15239123 15293352 15308303 15367795 15393033 15400332 15442150 15445154 15462767 15483517 15487499 15495117 15524002 15534716 15585410 15686613 15707047 15729205 15808765 15811608 15843240 15852054 15891536 15907716 16013349 16023926 16033434 16124611 16153984 16177296 16208408 16261638 16278934 16353944 16369099 16387116 16462209 16471088 16492009 16513795 16561212 16570335 16586626 16663709 16703461 16716129 16720708 16877448 16886645 16887348 16912241 16988357 17022831 17024671 17092592 17206658 17224164 17240550 17242874 17246888 17280132 17323733 17332386 17365324 17495000 17503856 17519222 17576667 17644563 17824560 17850637 17909421 17945015 18034962 18121680 18131988 18155171 18189305 18231339 18327007 18356346 18492564 18493879 18500081 18557253 18592579 18766019 18774686 18776351 18833982 18873213 18967578 18997715 19085742 19090407 19111507 19276287 19450841 19461688 19475375 19494371 19564474 19641024 19774114 19826674 20250302 20271080 20351695 20476654 20481131 20996839 21486753 21622756 21799282 22018221 22077506 22201568 22228327 22736954 22753132 23145109 23309869 23437737 23655155 23714675 23866339 23998156 24561424 24797350 24816382 24897332 25159698 25266932 25316662 25367291 25393674 25780932 26419638 26470645 26589876 27865199 27894046 27944666 27962194 28006501 28564127 28873178 29509119 31303139 31520228 31620237 31667926 32516316 32964444 33414867 33492243 33885025 34128302 34700428 35548601 35636804 36407795 36568789 37240699 38447355 39323281 39511351 39645433 40099249 40721661 41123794 43111514 43163302 43635444 43765408 44015183 44202114 44961029 45756215 46589508 46707560 46787681 47721240 48880548 49849110 50077710 52090770 53941287 54113444 56458700 57135779 61462007 61666438 62509229 62606223 62950338 63283271 65193458 65363711 66871294 67898690 68592846 68982398 69025404 71664150 72353797 73429252 75192691 77392251 78275869 81505840 82411192 82444043 84124761 84497664 88214227 89273858 90776145 92356909 92437178 93800894 93953977 94358525 94919897 95998018 100817771 100818788 101253269 101477465 101631951 102780726 103356166 103576036 103969563 103976896 104901157 106185357 107572393 108417469 109604578 109841442 109886771 110281707 110320464 110532690 111047938 111482299 111662569 113747572 114049072 114467024 114628210 115247248 119517827 120958573 124257319 124329490 125867143 126754289 132526387 132946771 132975929 133941575 137178307 142447390 143638559 144325640 145315512 149747560 152088160 160897794 160994217 162052960 162140481 162898103 167570736 168730556 171305484 173899102 174095086 174649888 175590052 182466412 189092067 194783022 195742848 197156324 201242210 205094271 208303207 211011485 216782324 217798695 223704520 226273650 227750413 229291215 232568677 235347368 239191123 240469100 241041897 244673838 246913322 249361812 250248024 255257849 
6303832 12184042 14468043 14848221 15274836 16175706 16273144 16426698 16444912 17008328 17259640 17326645 17767500 17961246 17972230 18706924 18795950 18879847 18988817 20441166 21080122 21507298 21507883 21990854 22380908 23106500 23135992 23774237 23939797 25688058 26747105 32435460 42465046 44150150 48737785 50060799 50489460 50743805 51908250 53657495 55995317 60695143 73341141 79754695 89121882 90325437 101142166 101171750 103285229 107852396 145449666 146093372 154708805 159716429 166248847 169655919 170270136 172639027 191514152 202376476 210666689 224741780 242589987 245188974 252855619 257522681 
1774081 8614412 9666782 10819662 14070222 14118937 14134608 14170736 14304739 14388669 14639235 14641392 14685183 14738804 14763566 14789042 14801380 14803154 14870804 14890621 15109389 15380951 15825852 15946540 16530746 16886925 17353481 18478410 18635626 18914307 21213658 21278570 22681922 22907920 31157419 37679854 53175809 54546622 58866657 64234931 77026018 89595535 91836238 97252700 130575807 144892029 195900371 203336407 207669798 225095543 
781493 1936361 7226972 7288532 10876852 11698252 14372059 14435478 15599014 15600217 15940736 16253235 16444912 16506186 16819278 17062111 17580892 17905825 18414159 18483871 18530171 18879847 19089993 19187122 19624059 19886908 20148513 20276964 20352504 20661527 20897273 21113258 21152997 21303464 21975870 22116240 22380908 22589921 23106500 23246523 23292975 23335196 23343968 23721972 23774237 23844792 24095880 24163850 24561449 24636191 25694234 26388416 26739128 26773692 27043989 27386308 27787027 28018672 28226960 29355945 29943167 31830665 32574964 33327241 33452988 34010454 34733255 36643209 37190491 37391190 39584114 39897996 40007151 40187188 40779851 41450556 41965009 43637692 44672556 44733866 44870998 45537747 46037408 46878105 46958309 48320268 48764460 51758990 52254968 52575960 54709948 56081354 56836415 58881671 59197928 60650519 60849055 60936367 62382288 62509989 62554155 63192289 63290903 65260323 65539550 65587134 65590754 66763589 67321398 68414446 69072789 71801107 72036947 72826714 73683746 73986605 76866234 77731518 78543480 83454492 84061021 85665693 86711072 88198639 88829709 89121882 92798123 95142106 95448172 96790154 98390827 98505044 100281735 100554896 101221067 102363028 103106691 103116624 105268204 106769185 107621747 108538150 109596525 110470795 111435350 111992715 112558885 115036116 116999724 119196878 121437473 122056847 126153057 131643746 136242193 137786520 139331113 141243524 146093372 148055679 151212561 152352981 153559103 154440966 157314364 157765776 157858384 159658784 164033581 165200431 166961004 167700350 169443688 169655919 170192703 171084149 172397445 177931290 182040558 184497682 184630300 190229279 190546924 192972145 193364199 193703862 194066377 196590443 197511305 199234560 202849351 206216645 206613587 207379807 207977066 210268467 213961838 216145017 217064519 218193050 218375995 220756966 221489828 222189121 222485748 229255063 232445524 239190317 239682389 241310760 245094866 245167786 246418321 246600472 248960481 248988432 249259023 249542643 253414535 253784340 255708730 258039690 259123873 260136602 261277321 264046056 267517115 268690589 
246103 1384531 1774081 3433721 5820022 8402052 9886592 10252992 11922842 12300692 12566322 13047322 13832532 14274606 14320910 14352967 14433007 14738804 14746460 14763566 14763855 14848179 15062528 15113155 15117599 15165587 15175391 15343285 15353236 15362948 15367279 15371730 15660796 15746214 15747743 15749997 15768216 15939352 15959806 16032700 16069024 16130242 16156302 16201819 16248319 16320817 16459994 16520112 16530746 16536804 16546592 16668970 16690175 16787126 16828143 16897237 16928122 16956103 17047248 17062597 17083396 17116782 17130461 17202143 17300593 17343595 17353481 17400430 17424617 17505487 17520649 17565891 17593208 17813433 17837216 17878154 17971670 17997511 18039861 18065823 18214840 18239795 18247087 18275871 18312678 18322904 18559445 18603672 18638821 18705078 18744397 18754728 18786047 18790031 18795950 19023804 19047089 19137574 19532857 19690008 19771162 19774034 19774114 19789205 19841754 19988765 20212448 20338713 20397358 20564713 20758436 20813783 20858400 20882372 20989298 21004344 21080122 21213658 21404596 21584163 21832608 21863612 22413145 22577042 22818133 22992918 23032476 23155646 23526929 23620612 23843205 23861287 23974021 24167147 24551605 25202714 25567123 25931068 27018757 27413705 28211629 28462804 28562298 29005683 29343437 29965112 30268257 30376196 30469863 30857134 31281673 32998543 33648595 34057913 34262175 34417776 34425171 35068546 35523686 36730935 38668559 38670814 39470262 39700831 42315951 42929595 43226515 43249641 45051485 51034077 58866657 59095319 59913286 63292317 63614805 64927053 66350411 71410962 74026628 74625574 75800420 77402928 79740296 84043516 84438310 87719258 90313639 93100491 95499927 100004821 101863069 104211750 105305259 114579424 117477071 119480392 120965844 121738047 121910714 124854403 125090924 129098605 131177653 131646552 131881168 135011198 135414895 145350228 159245037 159329042 161415195 180077597 184517281 189474615 201531255 206358757 207205591 209471041 215989468 216013791 216905062 232979512 233221276 233306179 243374286 257556561 259288480 262770233 
456 1585 5149 10178 10675 13298 626233 755452 799630 811051 1319141 3171031 3558851 5727392 6452782 6588122 7541642 7599982 8481222 8867682 9011012 9286142 9485202 10356542 11145002 13205902 14065548 14157732 14176242 14258602 14319523 14369409 14389648 14500374 14653506 14689567 14714942 14820724 14874721 14891245 14934718 15008449 15020853 15184929 15210530 15368554 15412816 15681663 15780594 15972562 16040887 16506383 17071737 17257272 17737138 17874910 18173027 18619836 18836209 19679188 20391685 20873104 23221629 23757784 25661540 26236577 53352349 163712424 
11983 34173 1042631 1428831 2099891 6566712 6572042 7210762 7224702 8883702 9405862 9686792 10052552 11204762 11580962 11896242 13690622 14076943 14128528 14321959 14576426 14604049 14742422 14888362 14889333 14993616 15070780 15093212 15135214 15320887 15414807 15440344 15485085 15692087 16694698 16745770 16954719 17021619 17074868 17179368 17325009 17372379 18038375 18102284 18280155 18436433 18507464 19207266 19532315 19794129 19977032 20030225 20303224 20851240 20945245 22050760 23166140 23486491 23898238 25330903 25490697 26174646 26716467 28674078 30178173 31465017 34012344 39619991 41145894 42197349 44651055 57026817 69033184 80589255 89410778 91827895 96779857 118837674 120185625 141379955 173387492 200137739 233965578 263588145 
509 13298 682213 1129701 4700381 5051171 5153221 5388852 6141832 6144162 6325632 6341572 6540192 7112242 7314152 7480172 7511702 8156622 8531352 8690902 8765892 9209942 9485202 10155832 10609292 10636902 10773882 11698322 12354252 12855572 13342982 13388922 13579842 14076943 14109004 14135237 14219103 14220249 14321959 14346361 14349449 14349894 14354144 14496930 14620544 14758406 14835646 14870168 14888632 14894307 14903294 14934718 15106068 15354397 15385968 15393195 15429250 15440344 15555038 15770684 15866800 16157980 16217727 16703742 16801452 16883326 16956811 17029807 17063238 17177403 17179368 17312943 17381284 17402349 17451411 17460928 17469567 17794287 18064263 18089164 18134210 18252347 18295455 18429289 18680985 18836209 18885594 18929690 19018185 20172321 20545925 20610029 21307269 21653513 21700719 23166597 23343266 24889586 24906998 25164847 25191558 25478876 26657049 31213504 33098821 35783898 37069994 37764670 41841330 42469463 43194865 43292618 44069257 52814458 53188888 53294779 57949239 75236148 89410778 99740489 103971994 107633083 120819229 180770812 214303021 246036260 
10396 11489 79543 755452 777560 790000 809092 814293 816154 2737751 3533231 5525212 5661792 5738952 6014732 7144182 7277852 8769212 9200242 9366702 9639352 9853212 9952152 11073902 11991832 14115587 14134419 14141301 14213692 14217862 14228300 14342975 14500374 14660213 14715504 14860922 15041902 15080701 15087461 15158352 15315857 15342518 15410368 15521495 15768141 15863689 16012310 16345566 16527332 16888514 16907121 17641457 17926317 18092306 18621945 18699208 20466813 21367818 25276905 27961877 29827578 30864653 32629751 35796925 36522491 79287934 98362525 126362262 171669403 209789811 
2059841 3028161 3277401 3286621 8647302 8769212 9200242 9654112 11073902 11567972 11632342 12517792 14115587 14364397 14618493 14801984 15257682 15364959 15441074 15521495 15579449 15863689 16012310 16089513 16163790 16425453 16506571 16807860 17366090 17641457 17925141 18137387 18174998 18402888 18497497 18499012 19505248 20660609 21566395 21703120 21781176 21908076 22203887 23197604 25065717 25911549 26474694 28658384 29827578 30059550 30146922 38194761 39616153 42659612 50718249 69648081 70474548 109595020 130974356 139984101 155394436 187594795 
12522 754556 792907 815233 1315431 1355401 1384531 3041201 7172452 7898472 8596022 8769212 9158962 11413172 11774642 12536272 13124962 14115587 14270757 14363211 14985117 15284607 15488145 15520554 15699754 16012310 16234345 16348705 16427045 17079099 17080534 17371061 17543438 17850637 17925141 18247087 19109017 20477352 20628420 20698002 24184567 24436600 26089676 26334426 27413705 33617885 33815302 34118997 34323672 35476723 39932500 44497235 50387743 61628815 64047804 72426413 90776145 119777563 261947295 265427614 
989 3840 4030 10178 11848 13348 31383 50193 57203 67813 69583 76133 82363 113963 678033 683113 691353 759228 774909 788673 788863 817970 818340 819522 822647 824157 824211 833071 923541 1040391 1051171 1246421 1293051 1380711 1717291 1724401 1797291 2384071 5025251 5108161 5402752 5708292 6302382 6426552 6708952 6719712 7181572 7263402 7929742 8159652 8293402 8340752 8823362 8933942 9074582 9562272 9813282 9938952 9961332 10284332 10420662 10650562 10767712 10876852 10952962 11069462 11202562 11435642 11470032 12354252 12566662 12575842 12834972 13140132 13775632 14076943 14128528 14136479 14182254 14192412 14263141 14274132 14293571 14320024 14321959 14333690 14335404 14390076 14437914 14532450 14547107 14706139 14712904 14773964 14786110 14908932 14950583 15040446 15050305 15076390 15123270 15126651 15148807 15223252 15237935 15328388 15379912 15414807 15443141 15626406 15635812 15924411 15936194 15942716 16120265 16393123 16494284 16745770 16818880 17179368 17339297 17477864 17610796 18252347 18368098 18450898 18514207 18655567 18697352 18836209 18872123 18927821 19038395 19079941 19207266 19374805 19575406 19639071 19703385 19826509 20025220 20219382 20905953 21509975 22665665 23006156 24794263 25160944 28840450 29802611 31179355 32718488 34556885 35473835 39341556 40532389 41296367 43194865 43239422 44936058 48123021 49445813 60642052 67924644 80794949 89414621 90803319 92876427 104493815 123963067 156407255 186426532 
10588 13348 57203 759186 772681 809092 818340 832831 1979591 3533231 4312721 5727392 5780992 5885772 8132322 8823362 9831802 10774532 10781952 11202562 11884342 14063033 14095473 14222176 14387542 14523408 14562685 14596506 14789042 14801380 14852158 15041902 15103213 15299357 15503968 15936194 16148602 16527332 17926317 18176747 18982378 19658782 20466813 21132950 25003235 29767444 34394575 41626400 60775372 98362525 157455254 192171500 
243494256 
40701143 
254221946 
156985004 
197948154 
31334049 
19611658 
123334275 
139362133 
18557448 
199848513 
202595945 
69932023 
128882329 
22290807 
130893745 
30854420 
2663161 
19411110 
213487656 
131021790 
18485106 
35234203 
12392822 
45004183 
18087450 
14524060 
71015802 
191609459 
156959765 
90203791 
17446886 
14707115 
62614001 
9590262 
9468812 
14155372 
20083563 
14302111 
252769982 
267579171 
197882703 
148478556 
26847783 
37222006 
188185864 
26306729 
173941018 
264320420 
17514057 
20649770 
14382508 
107462003 
27077432 
14342547 
110821538 
185002853 
17385961 
15228091 
107223604 
17896640 
4554681 
20096335 
46360075 
34983319 
15938944 
45879513 
139292079 
16105152 
131979670 
18619708 
91071674 
49472317 
23171383 
13356392 
18536322 
14027532 
242551935 
17451602 
6944972 
226777208 
17486602 
30272314 
55933111 
195440552 
72725104 
79368271 
17848135 
128601175 
18208795 
11316212 
39591754 
132581307 
28991368 
14549601 
25478329 
28017930 
17995655 
46787956 
17214701 
19471181 
229543786 
93837236 
202192724 
92439035 
196071730 
22040403 
155899912 
21182196 
217574343 
13050 
15706037 
29707246 
52699786 
60335753 
99324565 
123116942 
113787997 
14464919 
257186370 
210308682 
15044502 
6084982 
161487173 
193035945 
42740377 
16381764 
14850719 
83897393 
249415812 
74613440 
94797309 
50408030 
17155901 
15010777 
11058922 
15671214 
23111457 
15130462 
22023311 
179422421 
192823256 
19935490 
232378811 
241210475 
19138755 
42300159 
74003363 
18083141 
70622187 
41159844 
41238441 
18059231 
98580028 
199503098 
38600665 
109370698 
15803220 
24419425 
243431726 
233241581 
159001530 
28410099 
88498786 
139567380 
55391997 
43740591 
17410758 
22830586 
64122735 
17204519 
28130246 
158104132 
121163932 
62964460 
134141151 
22935909 
256134707 
196743148 
165814490 
59697909 
35402203 
14096096 
12070672 
15381346 
15700362 
16191109 
6258192 
11063312 
6018562 
96477730 
171995715 
11010622 
62846638 
26756907 
30025767 
19356110 
21695613 
5447732 
179054464 
16592620 
253589177 
15434432 
69497763 
45187586 
80235953 
10333202 
170225857 
17542265 
17439117 
5724622 
104337086 
86239624 
51253969 
158875382 
31100040 
18089695 
21729540 
235380880 
26713682 
113619900 
27109378 
80779692 
14140147 
35769941 
19404944 
14545046 
47470276 
229766654 
208830775 
69577964 
239221322 
8602152 
257116158 
266073365 
112938012 
15618317 
22982474 
2150541 
94378996 
226995027 
18162777 
1307011 
27325141 
30455734 
15322793 
50363926 
5259391 
8294022 
9139352 
19012615 
186957019 
2564981 
14152445 
42934314 
829771 
198560132 
235759321 
187594363 
196853166 
16270390 
15400246 
246290364 
245543122 
59518891 
26668603 
195165128 
11752 
42630325 
98078133 
224074946 
45085003 
34674286 
165590939 
48096690 
17074457 
15566022 
171908911 
25491038 
80449471 
154132764 
91694445 
23274866 
167686055 
14935192 
10224122 
112009840 
19732334 
21372803 
16358939 
151546361 
15551294 
15400979 
37549379 
24865454 
83370426 
42055361 
23388683 
64844059 
28573074 
17273391 
16362662 
16847211 
36563254 
47938142 
70267806 
21817105 
21179070 
86989704 
164391207 
1363481 
21460496 
30924802 
14304302 
14476147 
133431287 
21776768 
17310398 
17214633 
35524334 
12220 
15896379 
75511224 
105235681 
56428052 
22289075 
13884782 
96145394 
15426896 
17788582 
24125006 
15281078 
14332565 
16249213 
17464581 
14118793 
6944372 
13979662 
9468972 
17046369 
128100093 
16181186 
63834256 
18834180 
926121 
17669882 
60696138 
19996935 
13601052 
25054164 
4182751 
18301263 
16878100 
15675424 
41253854 
63285684 
260786513 
12716 
2507851 
39216517 
5024061 
6814492 
8261762 
33063845 
18691494 
16167886 
271781804 
13900042 
35281506 
52162223 
771698 
258721812 
252040223 
271745209 
1639601 
1081 
815476 
47712248 
6965272 
16864988 
88776484 
1283361 
1054431 
23628049 
138267795 
90964504 
97468141 
189686051 
4959461 
636843 
18300176 
10785032 
6904582 
14724577 
27760633 
23556388 
160718204 
17284883 
59833587 
10268302 
129878110 
199609635 
5660312 
84623487 
231472142 
7205122 
54662153 
161772480 
6271842 
193674723 
176929534 
9994802 
10154052 
17576806 
18611056 
39528744 
117850134 
27426996 
9561522 
63280540 
16275858 
178525052 
49013625 
175876900 
17579692 
28768235 
225564695 
73112424 
17066077 
18179554 
263852695 
117255869 
17522884 
38003948 
14742479 
42231175 
5489202 
155311735 
237220110 
21229200 
197962366 
17524007 
150618868 
11829282 
28901886 
6419872 
68442782 
45045450 
3954581 
10786382 
24411254 
16222945 
14919201 
77750391 
50008018 
46159898 
62926597 
8307012 
21889071 
24247270 
14052313 
151084354 
155994909 
32712520 
24990215 
39001459 
38925280 
114950933 
76456492 
58561993 
854291 
14266588 
121558178 
8092472 
239576675 
14945059 
20307019 
14494993 
18107886 
58149795 
18507199 
17194090 
17936052 
21359690 
15510638 
19689035 
7018942 
818176 
15077051 
50749152 
54200212 
123431836 
46476526 
115575220 
23372889 
116571138 
16908775 
118278304 
207793457 
45484909 
89026913 
151136998 
18254895 
1120601 
178808746 
15953031 
18442894 
15987060 
238819163 
15878020 
54649894 
191964962 
162959093 
88822659 
257467966 
1069351 
222128283 
81453802 
14097725 
21057434 
59698845 
174319881 
83379102 
28076703 
11035782 
47914845 
195664345 
243913373 
144692356 
10748252 
40953367 
22457041 
249260397 
15826306 
18370656 
234281590 
31220561 
74622096 
118102391 
182686614 
96880903 
15605754 
16363738 
15963488 
224830108 
119220971 
15577052 
147595464 
228085717 
14133436 
9676152 
74543 
27845072 
14774443 
14061771 
18292479 
14165957 
17897020 
87590534 
16612857 
14247062 
2185 
780991 
14270791 
13448172 
11821622 
7508092 
26255541 
16641454 
18071407 
11965332 
14828536 
26943860 
106175819 
16915314 
109569992 
223443158 
58818905 
19006260 
138111295 
251487559 
18857778 
192007163 
17351052 
18143526 
67603734 
129949964 
27011541 
76488224 
41364338 
92697733 
262312950 
29436139 
242179067 
96640040 
34507129 
17070787 
24798988 
20201647 
30705248 
1309511 
28622733 
8757362 
25948167 
29724162 
119297816 
3432881 
16956236 
18949053 
35301479 
32147116 
17343124 
20195689 
812825 
7674792 
38615541 
3597921 
37241140 
231858934 
95522978 
129529866 
33778988 
14236479 
28140193 
62783 
14264410 
143613967 
94397566 
38793729 
184292192 
12383122 
109440429 
179154258 
36368888 
13107602 
15469101 
25752513 
12935692 
11784882 
16133935 
13407 
11148742 
57131205 
84972513 
102617462 
115377377 
3395021 
18106809 
28859686 
17801384 
28784606 
15307617 
246061882 
261630686 
118132028 
99536748 
163954957 
171023147 
16356833 
14388689 
12219832 
58454165 
32375384 
14763336 
131847507 
198338473 
34244176 
9248102 
17037986 
14238738 
14111182 
703953 
10921672 
26374989 
12049792 
9734372 
28108567 
5238371 
11349102 
1394361 
23547843 
16592690 
14943648 
89552709 
14846859 
683523 
16465359 
13438712 
787611 
8106562 
14083627 
14079425 
17212941 
6911662 
49992096 
17753670 
18168267 
21816096 
106491960 
18832833 
17429788 
77281326 
124920374 
14493526 
30175166 
22110931 
7823692 
241164164 
16237734 
14833389 
15615591 
14054450 
79799271 
24481083 
170351580 
4954131 
147977705 
148425035 
17420951 
219979539 
16496431 
153875670 
18098819 
22883967 
134853224 
12477052 
14218186 
75221587 
1957211 
14860195 
155192639 
64387245 
18850958 
49620984 
183499665 
23418405 
221526399 
176140153 
29862576 
8384912 
14261302 
38851140 
82328753 
47951693 
155029302 
28402860 
19675857 
21881621 
44986113 
136758945 
105214847 
14343949 
18213932 
38329264 
10284472 
52504599 
106414572 
25057202 
16484677 
800735 
3297651 
86272337 
31738235 
5125971 
232603412 
15751164 
23219980 
132394928 
18345963 
182377857 
87795802 
23451393 
33877371 
13306282 
114235871 
14153491 
98976495 
15441450 
17495194 
48469625 
16278276 
29097048 
152692522 
14638851 
74411287 
240878542 
70632952 
14330959 
23593213 
17538588 
27106703 
16970274 
24756213 
41721520 
83434276 
119230913 
34924998 
17228171 
44234494 
25163231 
126717954 
78735819 
162959901 
23549240 
108803911 
6245232 
9324442 
17471010 
31030273 
18710031 
57247518 
123055515 
15040500 
78634066 
18196308 
29135440 
76373 
20660146 
13807132 
18791763 
26539097 
14435124 
190722777 
60698670 
166584190 
91198297 
34637152 
16411898 
113420566 
113979106 
13315172 
131713492 
161700842 
16135362 
216838986 
10473582 
16535920 
18944608 
54877998 
240606964 
38976017 
175344254 
15471640 
15510756 
14949249 
16750984 
3855911 
23204397 
15270963 
9588882 
749333 
1048931 
19498445 
22150874 
140176807 
143502547 
35929320 
14789122 
46670048 
18813157 
6962852 
13210 
15991918 
32182277 
57133313 
6774272 
21513512 
192589318 
66993 
46164502 
123324025 
249485868 
19062153 
20173675 
19572909 
96980395 
48470743 
62584936 
195488976 
10654322 
23789698 
35030769 
33247276 
104332218 
26486510 
15001234 
17375079 
127188125 
23992868 
253888243 
156783397 
7434272 
262751654 
16352993 
24420867 
7159752 
16733141 
26418098 
21546828 
29529143 
17295666 
16418505 
23546638 
14680596 
16080020 
57888537 
110897594 
28377117 
19801665 
2825191 
18161157 
773624 
254629570 
59541290 
15159129 
202844511 
17205773 
16878903 
1189601 
20192882 
188911259 
14015762 
141357881 
31152881 
21200319 
18594996 
41958323 
17172429 
24608101 
17955879 
20696032 
38388028 
14819061 
34709013 
26457416 
18230113 
163424898 
20664195 
782010 
19719380 
183101557 
48476949 
72135569 
17727253 
15529625 
14519349 
14641606 
13817822 
14040522 
20267632 
20660925 
141242868 
14085088 
70190484 
123971807 
77292945 
28447455 
235439150 
41549425 
254812166 
57030266 
17357018 
39657792 
19747277 
221509706 
23584959 
23992198 
38109868 
15223619 
22145414 
35321567 
84697403 
21881105 
38748814 
27553223 
31036345 
17415305 
50985635 
43500507 
25274451 
234318173 
203867751 
15354042 
41856927 
17781217 
146237367 
26681326 
29046105 
14697711 
21345203 
204609287 
232230669 
14948485 
59818041 
98793050 
31634255 
25799963 
14562275 
240920084 
7562622 
47497885 
17789501 
22526513 
14813149 
15819292 
5126871 
24553362 
34904126 
22414207 
17528356 
56712219 
246191415 
19743196 
6509242 
14061723 
251425066 
16290327 
14690254 
23406304 
781895 
14128901 
75165241 
120900736 
24686494 
176868644 
67510424 
72928626 
20954257 
254639896 
129319803 
127846497 
19396560 
14139584 
14198011 
18506975 
107749539 
18731529 
255682362 
142157110 
44203387 
247136805 
131246223 
18783265 
15845496 
14475312 
256324516 
137443330 
14144238 
14680167 
8615772 
17856201 
203149052 
920991 
16630083 
172341029 
233707083 
5972752 
22174042 
120794494 
72343437 
29822494 
755332 
15862839 
651543 
15002220 
133456536 
22513467 
14616050 
21962567 
14277276 
199400238 
15149632 
19490555 
17114283 
9543992 
17307627 
13445052 
253953257 
171569791 
2900 
260518040 
36071096 
21266715 
231271588 
44206517 
42284908 
56675544 
157122822 
130128230 
13102262 
241580495 
213945499 
18455643 
122218767 
143879476 
28765331 
222444337 
8496612 
25059097 
1388961 
15300020 
34676616 
82911157 
189975197 
25253084 
32503018 
102524769 
201515262 
17746589 
153586491 
13475382 
226011338 
129730276 
15632835 
39176418 
191840628 
56973737 
254426170 
224809136 
18353112 
14053295 
56669858 
109671957 
39047949 
28115822 
17827085 
140591488 
15538795 
101106972 
221452291 
33158772 
221749521 
107354278 
1308101 
108811740 
15010721 
124473570 
1630261 
14820299 
40300225 
14625146 
18857922 
14178312 
135033964 
10284192 
23560531 
216605516 
161524303 
89468228 
142169165 
23257245 
28214315 
688483 
9413702 
19288077 
17399774 
20405853 
237752191 
17368610 
60449169 
255325506 
203379278 
55991727 
23485622 
9804222 
133480857 
14343150 
129498307 
18953266 
24334049 
118028227 
28471924 
28599031 
5513352 
7209262 
14617878 
16407837 
9804482 
15831093 
13286312 
244404903 
15399951 
58563977 
12984 
14564986 
63054429 
8184892 
52757236 
94159667 
152935567 
184876062 
207730312 
14255263 
227726723 
15583292 
15767281 
68446061 
14280977 
17435271 
194608987 
15975681 
92117844 
23498775 
18086674 
17301914 
15662467 
16356317 
139889120 
15724452 
14753540 
228561093 
239188819 
20472901 
14624115 
1688 
3376281 
41188469 
347133 
84045446 
198911524 
17206150 
133279867 
121117011 
51982828 
40337245 
235633896 
190395758 
36713201 
17948379 
122115977 
82655261 
14943818 
16814973 
39774991 
31359340 
84269742 
186024338 
23958589 
251744064 
232571300 
82977544 
175938534 
145341208 
165914228 
28486708 
18560205 
25736364 
107639543 
227986140 
19590747 
7867802 
9135 
121644896 
21230617 
89595069 
242131117 
17005197 
132977590 
119395435 
15447545 
14727207 
112869554 
93730653 
13683762 
103585065 
9543092 
62865525 
18017238 
184221744 
51294632 
51028602 
33452655 
14270329 
227192133 
129682105 
14285046 
252105891 
89119055 
39439728 
112762523 
11413752 
18134756 
16428278 
14782952 
62310536 
193834897 
14990031 
138969362 
16200143 
53257111 
22878414 
6753242 
41597013 
106319129 
21318183 
17577078 
159049573 
17074240 
16337697 
22360594 
102747321 
183626732 
137066744 
18398385 
195007168 
101563645 
700593 
181120728 
221650526 
275672060 
24006057 
14389062 
134841238 
152145953 
51695698 
18628769 
37645675 
156768711 
174811472 
88321965 
22387220 
28609576 
16818490 
126492276 
19683498 
47444914 
80979157 
203890384 
256060579 
200685361 
63260438 
25874451 
26001722 
203508691 
5531562 
24661289 
14786238 
180605438 
18920390 
94841257 
154876782 
17362299 
14850221 
266761504 
140869994 
118769820 
208064567 
163067164 
12693572 
21069098 
782354 
15131428 
12047202 
3452941 
7006712 
19910599 
9527242 
16561292 
22091828 
14079017 
9574902 
34356968 
27732408 
15479484 
198599261 
18503214 
625323 
17134865 
140935817 
18728945 
5385262 
44147853 
52780400 
139628316 
109995803 
116065011 
153483319 
245126239 
15872657 
245634968 
20414217 
231998027 
14153594 
18391507 
198699773 
16727007 
14471522 
13410 
16624180 
207553661 
22840652 
811182 
103944737 
5916122 
28782189 
17413777 
4278151 
69001280 
120735491 
97051433 
15575441 
17461226 
14427431 
14544864 
17627390 
14200437 
15412070 
175477079 
181301357 
31070910 
25294886 
110301570 
177234194 
21345004 
18872519 
14065215 
34826262 
14516697 
21957689 
135399738 
17237906 
18911295 
92074551 
16856926 
228661575 
15476915 
193689467 
235319539 
258843668 
258582570 
219089755 
23401174 
140028928 
188574103 
29807370 
152143338 
154906588 
94561549 
9147742 
108136710 
92513185 
32633716 
220190718 
28612042 
19022242 
153244255 
216633243 
7090482 
153119220 
114762261 
263448462 
267882860 
141499502 
44817367 
83719783 
47103930 
140663609 
77577477 
15917510 
165418860 
23033582 
25904132 
21726416 
809183 
26590781 
18737023 
14260608 
14290415 
12696 
45617989 
31503269 
18787972 
16996238 
17226610 
16857066 
176687793 
56377143 
117147872 
151714614 
6065942 
128126290 
254092296 
30665326 
124203804 
33832697 
17695465 
139974111 
18072408 
246024271 
146965762 
18183592 
16027532 
147026192 
18680847 
74681972 
215235391 
18481782 
14533716 
18358227 
19477654 
1249431 
6219652 
96585127 
23126646 
101744237 
18211473 
163250088 
130554757 
236226987 
19654787 
22372197 
8447862 
145361923 
45865465 
35602818 
10221752 
23920779 
48342996 
24975816 
246029073 
120765039 
23026604 
163719471 
146321140 
175018925 
91921994 
261708017 
223679418 
15302201 
132108729 
33668466 
157498350 
73359595 
65604392 
110750328 
16721263 
162060324 
97122417 
15123673 
16827720 
145530134 
14568079 
90971235 
13354002 
173871192 
42330308 
6183312 
193483917 
237193691 
21225270 
2241221 
136802522 
22200186 
54708000 
20593866 
13767702 
42909484 
19533093 
50613 
170394787 
122477485 
168544279 
236409451 
107789104 
108020454 
94826232 
76424904 
45334322 
214067697 
208687668 
222268976 
15928027 
35267268 
15058363 
15138003 
14664210 
41172680 
91458608 
14313749 
216172901 
212311732 
10768282 
223961051 
57187028 
16932185 
14345609 
214788442 
17125155 
15466555 
30466915 
154972484 
101551148 
12104222 
22084719 
14993466 
16813361 
19707468 
15487747 
90767831 
72811901 
27067218 
16212167 
26043616 
17066838 
228636294 
247779244 
31288054 
51222676 
21018559 
35105327 
78066531 
16000947 
239186520 
68094095 
15391752 
30010982 
256172796 
17276841 
810579 
149075605 
21335770 
134009694 
26900011 
19783137 
56116936 
82567107 
30462898 
97074438 
44123567 
38124429 
17473289 
83602448 
38164856 
24908830 
102542634 
17170520 
79666388 
72475621 
15462987 
12329252 
12683642 
14802885 
15497928 
14426771 
14822021 
816812 
22960333 
43911998 
77540628 
122895180 
212823696 
268125399 
14089271 
23743148 
42868982 
74153376 
121271356 
106554309 
125409467 
230770866 
86770799 
50686904 
16824146 
131998232 
131317768 
76667648 
44693348 
5024371 
15614315 
27512005 
22973224 
162965189 
18152057 
54769822 
213947558 
178368272 
75300453 
62972069 
176225740 
4922001 
17549229 
15365429 
14298819 
18449174 
18913509 
22387436 
111047202 
15895108 
158788474 
252606479 
16278038 
38194364 
211421505 
123437271 
11855222 
18948706 
84201313 
44046468 
16680654 
32211808 
8143872 
1203641 
19015082 
684743 
21665419 
14941009 
17549096 
14911286 
43746845 
201835381 
184275950 
98964742 
9277962 
14563894 
18332827 
91194630 
17779287 
19251173 
12852572 
14179222 
98928522 
16445899 
36380897 
16680941 
147359145 
18196178 
139458881 
69435529 
70688431 
253422875 
12702572 
33241171 
177959094 
211787112 
14572196 
14090931 
131862233 
72084922 
219720365 
20928893 
36279515 
22938618 
110746020 
18906478 
56810786 
17380976 
101612960 
96815249 
227207387 
45526985 
236242567 
14708747 
203560551 
23594701 
210819491 
20071285 
7795982 
147787042 
30780296 
135109492 
49824306 
109777164 
44769565 
180151159 
15211133 
25318477 
47507850 
8466962 
16880685 
32377446 
15683948 
163009920 
9188592 
9759932 
10305 
15126388 
40350303 
18526308 
104434793 
20770172 
183088045 
168563935 
804904 
21407983 
107093676 
5693062 
46754894 
138322735 
14727152 
221160429 
232502918 
19192221 
15580925 
11984762 
81367143 
38087508 
64804024 
16457010 
266908845 
94831581 
25737016 
14300954 
224255455 
38359820 
23932737 
227159879 
209482512 
158630760 
125150547 
49121564 
4937061 
126395181 
44446489 
240586538 
14079356 
242821748 
127659721 
99325018 
48504894 
53000535 
20813611 
15605402 
15831401 
28166828 
16376889 
38570998 
246124029 
16381178 
21179890 
106783888 
15839517 
105394663 
156644794 
12973362 
18933832 
154635466 
83770292 
1020961 
50024842 
14704310 
165482352 
15924506 
3714411 
14830831 
86495946 
14643996 
35798802 
40937566 
19044237 
7713202 
110965120 
14290383 
116234257 
174959828 
30204846 
17475108 
8448712 
96387764 
19542974 
14416798 
36204399 
21575880 
74673 
200226529 
15898695 
18375249 
36601355 
181929711 
43171018 
34934712 
183182089 
15842676 
42654335 
16980777 
42934309 
14715516 
38372614 
9926562 
1398 
21224776 
24442567 
182029374 
16145206 
31330292 
21275406 
19886347 
249096055 
93827358 
29779074 
66799471 
14910806 
14508983 
16201506 
37077578 
9584882 
7449512 
29641373 
131357770 
119546373 
76784104 
35176496 
100573490 
139063272 
56706308 
228331929 
1220351 
7885972 
173938646 
180463340 
16874616 
5547552 
125418319 
131066597 
45013235 
33657457 
95985617 
235737404 
23961550 
18829156 
26211291 
15481397 
18997377 
22301442 
269700319 
30791761 
78924375 
205066686 
138555043 
14323938 
116706360 
86831936 
70833097 
246648550 
62635353 
237394359 
260278707 
13191382 
19990190 
19455487 
47577195 
14186545 
45368137 
39716211 
20778703 
13228592 
14142231 
37076569 
135248445 
21678847 
90469674 
110778721 
21777919 
12294192 
18566782 
10000642 
3811511 
30145166 
171719023 
50225755 
14252191 
45928398 
15908105 
2258301 
18660690 
6609072 
198597076 
19466732 
43613550 
17087370 
85906552 
6269602 
37573 
34572831 
78403223 
141167217 
20376532 
40250971 
202257778 
201947373 
238356204 
144311568 
71740672 
15639478 
116873115 
48791942 
125668334 
16905666 
219011376 
21751985 
38394199 
16162490 
273206322 
41660436 
36480743 
16303557 
21626871 
154959835 
14799428 
46529685 
17168493 
94607882 
128693679 
201763743 
245793450 
90420645 
18216761 
22813537 
76498257 
21690938 
14188969 
48726854 
18262412 
239286291 
43050396 
68475377 
108448846 
104055955 
146906710 
45660443 
34146256 
64217263 
1917731 
21814082 
75711686 
42668060 
51131831 
187731482 
156121581 
74946653 
19065686 
14275501 
59539942 
16911564 
28039217 
23188976 
165144151 
18244087 
103088329 
59338505 
11726442 
14532188 
12386462 
75347004 
17042374 
215797959 
9431342 
25151753 
222496666 
223380929 
91462853 
87358503 
20686153 
88677841 
34033504 
38151395 
16610527 
19828667 
126150918 
65098687 
165404712 
104289815 
17812000 
271160885 
14274372 
2771891 
212203440 
16226069 
63728431 
204632531 
3750071 
208920761 
32992448 
132250957 
21158774 
14668668 
219785653 
181800245 
8348782 
15075182 
42680682 
230859303 
22204032 
194152765 
199382257 
240365217 
14135845 
15537003 
9081922 
92563411 
18629665 
40264785 
23792216 
24811584 
27143583 
53311224 
806204 
102107813 
97515361 
76000222 
16313592 
15064389 
5408012 
11577962 
15631770 
128361193 
14944471 
50002300 
223524009 
61291337 
35551741 
84053324 
6297382 
120926981 
139469291 
17994525 
33637010 
237358682 
241382533 
58256315 
20590490 
89554626 
264046779 
25092348 
131070862 
13546712 
222555703 
244065169 
188474582 
14433757 
210427069 
204186596 
51096590 
36832842 
33085590 
101894696 
107747077 
139552551 
173452455 
194465051 
14448046 
226532196 
15937921 
28584787 
14180249 
1692171 
19654406 
69687111 
40185311 
106888707 
47736537 
67862303 
164725958 
120962212 
112075462 
159144566 
231039361 
138628895 
20027256 
247414089 
102186571 
23008116 
15229127 
110280391 
24500538 
72005983 
16217220 
19255759 
2148071 
16226484 
24654508 
243825310 
59043610 
17898705 
15748737 
16731359 
255234205 
27056757 
86160868 
269889901 
19477159 
217000649 
17771429 
12398022 
129176641 
165583353 
93666150 
94365433 
119526244 
170777800 
215370565 
244050895 
159563937 
198048144 
261765367 
162557157 
199624094 
14612263 
15051601 
14544571 
42601947 
26283471 
16533239 
141527434 
15887107 
75612668 
62985966 
19167202 
41883924 
39812315 
15628274 
104357325 
204090866 
28268371 
212248847 
81725200 
14632661 
99320433 
13654112 
213937754 
84524757 
1485021 
14160471 
12886112 
14436072 
272418328 
15979153 
180607403 
243660328 
196161118 
24133831 
24930382 
217527334 
231254156 
29427149 
15052090 
234696158 
154363906 
128240571 
780006 
5656332 
83625882 
234895094 
50686513 
117016997 
14607461 
61317377 
27702107 
16684007 
211774252 
116690967 
1441291 
11028352 
14862723 
16297675 
227016826 
14136972 
148081424 
30386355 
13539592 
40340319 
225199394 
163383284 
14661957 
15565703 
1129871 
73037662 
104584453 
145159487 
29460521 
28230825 
17740210 
25127831 
270698836 
18773467 
128023725 
239923310 
19065393 
14110654 
180275858 
60321100 
126912691 
23722620 
176114435 
27050983 
87870915 
15450996 
215259883 
60100870 
198380384 
124248528 
167637074 
15868433 
16641718 
608473 
18308864 
21975447 
185670728 
10044022 
59845061 
121209486 
15726500 
17393362 
15117717 
15865260 
19920360 
14242280 
75356470 
96898398 
185158668 
18182511 
199015109 
3265101 
1442101 
18533988 
17429334 
95333167 
119348430 
233986555 
89731752 
28738346 
68241308 
14131420 
184896140 
130302239 
11304762 
257564668 
68696417 
58244502 
131512268 
7708092 
23387320 
16895549 
72019681 
16191175 
27515718 
1048951 
18485748 
36357300 
38610291 
126346398 
250928526 
76745868 
22141824 
1386571 
17796440 
18642642 
15687170 
45051894 
16334085 
819546 
14631638 
31269851 
1530371 
1356261 
128968339 
64624131 
815897 
36217004 
22987468 
30033646 
19409508 
6900852 
100188468 
21344725 
174350413 
87331481 
62187962 
90404746 
237753551 
99772708 
205803 
162665603 
117157665 
23031702 
51482804 
169103586 
767715 
170061178 
22108647 
20447545 
35536649 
61772051 
210852155 
203951741 
14812510 
77042833 
15125371 
8112832 
9491292 
61543234 
38488854 
44297180 
161993294 
232083838 
71423326 
15678008 
63726362 
36073824 
18942695 
54623706 
17372256 
28377973 
10730842 
15551156 
17156131 
8906982 
49115842 
19640035 
107232730 
26850477 
16049723 
124866595 
128507642 
14117196 
53411390 
117218161 
15428401 
14184628 
14327478 
63073975 
16156062 
252760820 
222568217 
9040122 
13000872 
266151992 
780290 
32145253 
230525319 
261932674 
14451294 
38151136 
168837176 
81052999 
15514266 
12594922 
17545037 
8039442 
159660869 
16941718 
16703058 
17789291 
3460751 
163845303 
169795819 
128811995 
103651694 
243848799 
49011247 
37922200 
236711870 
198590293 
69490214 
18234520 
65598884 
53418720 
185657737 
88140118 
19824145 
20209025 
36880462 
14398964 
821978 
105203822 
42793960 
163565993 
142805881 
23664655 
19899940 
72627052 
18269262 
39815230 
130158543 
123318445 
48036380 
20918359 
97551846 
30464510 
171519363 
124073829 
14237354 
17175973 
14935079 
1330151 
5608 
15063931 
8474322 
177330882 
30340990 
20017902 
27292941 
24481863 
224770553 
181834984 
72311889 
92169251 
15348564 
12350902 
18604510 
219913962 
16294267 
200664598 
52474527 
22924849 
7773162 
15551263 
22925703 
28623830 
15925179 
123905824 
148833123 
61755699 
91329057 
68839777 
250582808 
34932133 
25513646 
264014418 
272566820 
92342722 
268063294 
14099516 
110986584 
162735344 
135298815 
13418512 
56653 
28448216 
5449422 
110424984 
128396268 
44224901 
23075284 
39241726 
168426262 
41871789 
24113 
12587982 
78792100 
14464331 
23782518 
59608784 
109059176 
9627192 
70754730 
87715947 
202075612 
14892523 
172769873 
118230146 
87106149 
193274143 
191667380 
99001341 
157729385 
7042572 
6021422 
94428870 
32059102 
47216578 
216336191 
87712519 
233409410 
48181005 
14869791 
237581493 
197538143 
128040590 
159527534 
91894424 
170606832 
187015252 
18355228 
33606835 
69971262 
34636987 
17511523 
28169177 
1322691 
127636504 
140983662 
36702921 
15247986 
73829527 
136461307 
100426508 
7315022 
48900286 
22254576 
203137786 
7396542 
8287952 
95738226 
33218276 
204824975 
29985526 
17873348 
243662422 
2960101 
61510388 
14121853 
29555467 
97361708 
114519095 
17569124 
74887389 
5998552 
28240302 
127810704 
148418872 
41437506 
22866896 
16970638 
17988396 
47828718 
4388251 
150255293 
167488325 
184841559 
26312359 
104893393 
63009240 
11148342 
131607538 
69342256 
18812573 
19338042 
39485994 
148891227 
239020684 
20611194 
61751708 
163745140 
258731466 
209150087 
147756403 
15780402 
795448 
103331100 
141004777 
248037849 
123322544 
69605342 
31536253 
16382820 
12160482 
49167436 
49354191 
30386438 
17393790 
87212008 
144422669 
15294706 
47599165 
31257590 
57115373 
18536826 
31310594 
178897716 
15274752 
15374280 
23077155 
18281397 
211633957 
70449609 
19650336 
15683 
40822836 
34074792 
19916228 
127692921 
43562100 
122493098 
18626582 
16425627 
243768368 
15398780 
10880202 
191478815 
164550070 
29015085 
188867349 
21930609 
76887105 
9643862 
125382460 
245439953 
40506540 
253835890 
3303571 
174291299 
8803972 
21323607 
153428380 
18280708 
7350652 
124670621 
15511139 
25512025 
18587662 
160919148 
128809182 
146917975 
58438772 
14345113 
14206392 
14349077 
15247066 
66531467 
29911860 
119946793 
99356759 
20340239 
188117384 
41291640 
106963800 
44564343 
59580078 
11279172 
16169898 
178943260 
194591750 
19195914 
101686868 
40944884 
40486003 
19746341 
159163111 
53056410 
14430556 
70062275 
33801769 
14204449 
7282132 
16560157 
82376322 
15842919 
21693 
66158240 
92364623 
211858345 
181233139 
145347010 
17927796 
27071190 
84172384 
14934063 
42140354 
258923616 
51179919 
20254792 
17451031 
18433188 
15349653 
19468364 
90309379 
16332052 
258939764 
90793521 
29708582 
8925602 
55885084 
17763164 
16308041 
23500913 
62625917 
10864492 
22490140 
14177081 
19673977 
65508813 
46573385 
86813802 
19790013 
39657206 
94717868 
212135317 
211977478 
17006370 
269111650 
224428744 
184544253 
186783403 
260631674 
39031895 
51144694 
17755042 
238914931 
39099106 
17472945 
5957552 
109339635 
159929295 
18962975 
240854929 
19602429 
70872642 
190359605 
227818834 
100440668 
21668588 
101014503 
32530781 
26092570 
150224559 
147467640 
18186993 
30461425 
15189849 
8132582 
22950203 
73710819 
27908385 
92927188 
53324525 
172107130 
137622383 
184756173 
42684074 
181311417 
14599422 
24533117 
15033971 
381203 
15850769 
38186171 
223219109 
9409732 
34486207 
23506185 
57689706 
231085129 
179999308 
94945000 
58883706 
84430599 
53280402 
208766236 
23421006 
67436412 
18685602 
24414900 
7278032 
32584355 
14391111 
48497316 
16106525 
237876854 
10224172 
66480892 
242860285 
15749177 
68452697 
79039503 
242852382 
14370358 
133492415 
7865552 
14090906 
160658239 
7614632 
14855279 
58994449 
20956390 
62545966 
96316448 
259171181 
18028249 
11732322 
19631582 
208703350 
37832300 
258096381 
105343122 
185221735 
161813117 
149815436 
55648693 
14315246 
119446586 
6976562 
17372386 
182798348 
45672770 
15409034 
84562932 
21755807 
15943690 
15632345 
150956563 
64325295 
19183264 
50227060 
78606921 
74574719 
62301773 
17993310 
98968120 
158136469 
220502693 
86843948 
63039818 
18609139 
68209920 
165494539 
172886308 
21867719 
87765465 
51527704 
16997044 
10438862 
14191626 
252759457 
229178886 
13451802 
95912884 
49723206 
66818412 
48392114 
34737705 
5693322 
5764432 
18576979 
24165974 
145662065 
83006046 
19291590 
170101646 
250983856 
15150351 
267519951 
229587355 
26835100 
16564842 
1252191 
53288855 
200230533 
1091241 
19583523 
26104299 
27890540 
140060120 
785595 
14051159 
85632018 
14632998 
5179031 
14085277 
10546442 
128102692 
23711425 
38580030 
75243379 
210831524 
8476602 
85032253 
16304010 
46340763 
19245279 
246576590 
81655538 
90058548 
14109075 
15506834 
179812242 
78789634 
38338308 
26870624 
25175706 
14257199 
17635363 
244791392 
44770529 
269218298 
36982314 
67656375 
184900712 
34278049 
263031010 
262261836 
13728412 
138077315 
16799649 
18233716 
17475281 
45914093 
181783656 
217923038 
269130040 
57863766 
20842354 
28431983 
84488824 
21812410 
54370980 
34244280 
13678292 
72615435 
14384696 
109648337 
66395780 
14335761 
14216821 
133893663 
209588239 
108045600 
191663507 
19618046 
110812554 
219819147 
33362218 
64576818 
28676469 
18500852 
18041438 
15745139 
188683808 
21587712 
47791995 
35563232 
154435961 
85736993 
1045701 
63468801 
18282606 
91273362 
191549398 
14150407 
53444887 
42381705 
244770433 
18129159 
162279176 
260768576 
254853167 
110259781 
95137513 
185477564 
140827994 
259653783 
36098673 
259615130 
111809956 
117836707 
12795662 
96655484 
21812771 
15643370 
264400863 
16438743 
18418944 
19203457 
85008170 
14316141 
47110722 
142761850 
16530557 
21316936 
26118186 
208398817 
16337126 
53962656 
157767014 
6131832 
17935861 
15323865 
48892632 
146416257 
266568519 
69136508 
9335042 
87719730 
19153333 
138860140 
63337613 
36986564 
26784273 
157524175 
208093309 
11403042 
23530440 
20332142 
55274676 
33098495 
18029498 
28504545 
13012632 
80796687 
121239864 
224883589 
175222812 
142513252 
123614628 
150435789 
242454810 
181096818 
29632619 
80741351 
83865532 
22192559 
14378281 
243164287 
14185424 
118352178 
68036460 
269747809
228397622
44458662
172771660
84843976
15024783
39362638
19241200
69377877
50832715
214274567
124176905
13577172
16948493
265268942
104733034
233796756
23953237
21587937
14749220
58386031
114916798
195779937
161480745
30298025
41929517
191241796
61485121
15173486
198793430
108274516
125392820
102308453
116587005
35960388
157645081
150400817
23963107
238602830
18242620
112516636
28117912
217541234
47300233
16951443
216258042
91943914
244934195
13578412
263312330
171997599
38729990
182987447
20288395
253545416
60211331
199009858
200292780
29695131
29747993
9410912
24351659
36941550
177336546
59394895
54295084
171594145
16510194
72661977
137717770
255167616
688273
39910912
92711494
164338516
150872447
24480639
250246958
236022159
65748080
17939480
89202951
70004519
91396258
250968367
165420335
14685174
19432112
234308463
167959400
20444463
241321163
205544568
48284445
267926000
200123241
208325536
112266869
94776307
270021070
19410436
104563357
184700776
183781511
61818955
142127373
44683837
37680820
23282565
8518862
183926085
81394914
10334122
132553078
84358598
179138607
257664564
17387554
103725748
221846963
143882311
17864262
128151956
91791843
18331770
203871835
7044252
14421572
18658739
105109640
16825062
176642333
62193495
16888904
10771662
197216839
116886298
50025858
58845411
20057454
137531481
68991418
35671638
15098639
257994974
103527653
139882332
25570524
21701128
14614615
137366470
28963641
21273939
61849834
44388527
147043669
262086880
16044729
18540889
72605385
48867402
88541027
263517122
66906291
17682283
220885253
148155333
25904035
15082995
223757158
37396821
266389364
15067045
200673064
11424902
128996296
29084075
116756735
57231428
18630708
33327675
113662211
164453074
167084030
256148516
181217649
185681415
213702367
15109462
14462781
165594154
220419374
142410443
17764146
185124947
14216712
196273078
22660932
137455666
88061302
40448583
212006174
235538483
18818095
168517618
177407138
17713959
255509379
112478283
20813021
39749553
132109821
60654941
88388566
204578326
18385897
176994614
94229358
30761217
58751344
178197920
34316788
41250334
227153602
93328997
244937270
34405249
255704566
115585592
24741411
59577520
48915248
208161241
118614880
155722772
127686449
28128602
42992593
22164330
101690924
138166083
18544188
23225823
42026511
184495064
121237632
202090023
28339843
18689581
245453198
203893499
19687218
19721592
39986906
44939343
102847829
220884100
162092045
124028136
156240003
41641562
116073715
182056988
77895702
163894281
59122298
195796378
110609337
38646243
18313617
20938935
221697034
137917994
74285761
21153270
53313683
97481194
16916193
257854565
24166550
234110244
27827695
14324944
241801946
120174685
124524462
14575798
21554226
71847229
163222098
108705649
59427376
85346124
177156570
261073782
56443851
84623393
157832459
140979761
104727907
20318194
34030481
32334346
97855971
119160384
14998779
18761609
139788444
178275485
43266527
119980245
21783716
102019594
131390753
17211751
189374598
231580019
169074286
14529013
186791742
193779018
17334372
16302855
32957473
242093844
111701523
151959726
140255945
75541452
243914859
15295785
259288021
56660747
62816181
23484051
219265469
122290394
90932230
245816373
47661343
254184021
90195278
28424289
146452672
259493072
30479742
22240383
27234262
48663963
72218449
86528620
250532240
164856615
162364970
15866023
82109274
214348336
158000381
20632381
18415509
40907388
89492277
212311866
68939290
231991793
7737642
136004374
68481903
95654308
232451257
234099467
184886029
260505934
47613125
199486235
220020817
34686024
198056848
77939719
32613223
26154615
46666938
89929074
53040017
13097772
119113698
126598407
56882778
17074244
17003118
149729022
216529788
217576078
60181596
22792103
95300430
252782082
45008312
192968187
244931754
191875463
248493560
230589809
73703096
64847676
188202145
78000325
120694668
86549560
205609713
256291383
117196502
87484674
158228752
20380789
138905522
116856787
233948859
186118905
21746170
226822549
51482997
36585424
43803902
22042403
259394715
26618577
15602091
89708408
123940928
233257736
85251925
16521150
43541405
77905001
144712717
255180880
19399298
19471190
222823225
236550275
147342909
63646347
75423477
69443278
229674969
259695549
38202628
12337592
125290228
265500964
95382723
82821085
260620672
235179906
22046753
106413293
33870680
121223001
270029137
204838222
32615340
105860187
29206300
258852781
81548178
274197373
227838448
151472342
18417216
154776946
37749110
222112008
208677720
104400450
18431771
69124203
156693720
234439191
22547150
243220807
15214601
88342470
126688022
27644918
117022831
91148885
257636956
245928017
86241413
19083865
16248585
205346326
103864359
229579510
20007264
110178946
162029292
63463335
33872783
85263926
19656274
14051193
35656602
173534506
255349187
39218350
129899561
19124543
68480226
109150601
39821643
36198161
33960315
63156219
17150292
18406622
107025267
202789051
239271745
61127420
18706144
61109023
23284990
22242179
261598031
183998273
53292314
19264339
18939822
235463218
226672560
237197733
81020598
83393956
219353003
33014475
144538924
193362884
267059970
220255068
70416891
70335881
96756546
253727920
164271321
34302264
153042732
54588187
49233038
15885310
123634244
18543454
139024456
214212019
61421779
24962655
89013228
159265325
95277355
234001935
216952758
42119491
36230769
40004981
53466911
25419816
44268184
8654602
35810047
181633686
59616920
180084261
188560097
182028677
244385521
62619975
31403276
159791993
45848865
43573375
27055316
230509267
16410954
139965205
89370731
13028322
131932008
127356642
14959496
241808450
132681279
55927532
167312921
109460638
182172282
236719127
133559534
76862092
115596327
160097143
60843560
223848490
218219246
20990463
83491082
80175829
106375859
28578596
41959740
102324811
220594903
205066491
111969688
16178737
51312272
160628707
79043962
44853718
217181024
229944730
188840004
65681735
35280301
47050697
16087477
259733469
53091022
96188024
106110915
182982341
69366493
55533136
230182617
41253398
218764044
32529831
22581361
152479960
61481916
39001282
124252576
201656128
256331922
109433379
16526591
39653094
821110
65002820
25729276
249222971
218936223
29090205
124306740
124009190
193585697
136794736
21275420
152908018
14621637
135715040
57600394
78905607
18105493
78906196
208582686
20609319
106831967
237212345
117962382
118713710
102951314
18276100
236882308
231546333
189265359
111795703
15859253
262966574
84236250
17945843
189758673
47986482
46476708
122466242
46114472
68551767
91448645
14399289
121797013
154368883
28391808
139757503
63230620
106824606
249964144
106645659
16235927
144378293
129347403
78570188
242477546
122153660
13062502
103510832
102568475
270018625
22540789
148476118
67775956
21318903
171424066
261344536
247042017
17421818
116488585
251114231
62913830
109302745
19790783
225390538
31293436
14233546
250070427
183859873
210909560
65507075
25335744
133834939
272754640
253349591
95044697
28079769
71530623
70706453
190915626
52306963
57795179
113198037
107164806
251229821
213288408
69427987
15446200
168296616
42300348
159503258
15073882
223691577
119127201
232438363
166839611
30955860
14582352
66925975
17976577
164199982
152189675
21953832
46972036
146512958
135687184
19709448
51319087
179549579
7901042
21321994
113831847
23103362
194955084
23014496
182105219
26730532
184274305
26617933
22980460
98714095
118557729
35152869
229328959
17304123
226769636
22965779
161783675
16395482
199654751
156137116
14898632
24257957
221249442
54387128
29518132
54330827
69837017
236967039
110404277
238760716
73497064
190120150
57187935
14304203
235324659
226925720
13222192
267924448
194832495
19519071
235482531
217162001
54213842
267791703
115087202
19431493
19377400
35520594
23499247
185152562
122586910
90837985
18222647
20612953
19341833
57113993
107500136
232420456
179964691
19694104
46138858
127465176
41470157
14528817
251240599
20116255
14226882
273004438
210886997
226659463
33213349
123778145
191503263
113734388
168888540
46019128
247498484
22052924
235729192
58268797
34443244
94878320
144383619
28106848
14251373
22483974
52910865
22940727
25762392
18566129
23555722
26765831
50300582
102043210
26402434
47628348
20497524
147359386
75551503
154787999
37977930
192809889
218567695
106540670
61476055
15522756
152560538
100479447
51997163
249956612
43321377
266278152
18930170
176764759
165090476
80621298
116491722
96089519
116994547
9896872
190397000
15514372
214112621
250477894
132013729
47785927
196885303
55221570
83938774
94574028
259505321
25887809
52553796
17981089
26719898
252371425
24164536
2676431
65152219
220920045
66759379
61238566
188419032
259603718
30516098
63597788
24791281
259011240
155668326
56994938
6603672
230718701
201290345
31214311
18958597
156636089
18627463
26432499
28936770
78212056
203003361
101911812
15734531
112058406
37920064
100111917
13362422
47380390
178817507
19477451
18878427
84894256
89266401
206198440
108083117
134743070
212095146
125090401
50663525
240238656
54642207
192124196
50670648
259389589
51185550
41305840
160029634
16272356
97598142
140286942
160984282
103655819
74037588
183271121
43364907
31962068
114012228
134505123
15451434
14693622
25610972
134908261
195979860
242864968
130650276
44899126
250731274
262035041
20751505
34534533
122025560
92251230
256186650
269734168
45450377
111410375
166757786
29770468
139184917
37818134
82112778
62698050
106424240
177096882
80481912
32422915
15110531
236368003
168893547
167492987
62415418
60578598
241963008
92145218
112749574
81423917
271625895
90577798
18664956
98200411
125277965
58617198
203495480
10284542
171994706
67381805
42990133
150845268
36648662
262379715
49216076
56081642
217793491
19927845
30933895
4583971
269105245
237114951
14459669
240468977
203290250
262292817
15680214
120652915
148273080
86188413
115933562
243691549
196671715
15431942
14393904
58929178
123963034
106874944
94757700
214406243
39753319
164830389
37896600
117700355
34728091
25781647
29940127
124742769
79391196
188841373
33080831
168710679
191358215
146943510
131003396
88471653
232674215
80043372
215761524
17068225
243321948
180481402
124548242
23389965
113422725
18824239
70478756
131370098
20960765
218902597
54475659
25060042
14245501
16473793
51734182
270781759
102399171
20319730
53846756
24574222
109899569
205361935
50638723
65858107
67771977
27257879
16191771
19418492
170143271
103175150
29125475
51531341
83735005
20550830
15221975
88435810
18822990
142415173
18175164
96933119
25532738
79637747
121235735
48059095
25043966
43785909
17676599
28441423
106727127
166207466
137183468
14120984
71185998
56805668
119710421
190969275
134807812
240551046
202867023
256249279
236508708
234104154
16956339
36254904
116526623
14712592
197075594
182357928
29040062
235629835
102067385
137937174
247057776
158552358
17721569
242354131
197178807
14050006
139535000
109504968
182562771
238468639
205936089
44636789
220885006
16936459
128144689
233405624
50335002
186901595
175413619
111053385
