#module 0 size: 6 bs: 0.00109583
47828718 114762261 234099467 262035041 262261836 267882860 
#module 1 size: 2 bs: 8.43271e-101
164550070 201290345 
#module 2 size: 3 bs: 1.96584e-06
109302745 146452672 256060579 
#module 3 size: 2 bs: 0.0194769
107789104 236409451 
#module 4 size: 3 bs: 0.0089561
71847229 129347403 139788444 
#module 5 size: 4 bs: 5.53695e-10
20661527 47103930 77577477 140663609 
#module 6 size: 2 bs: 4.86294e-06
123905824 148833123 
#module 7 size: 9 bs: 0.00311692
1630261 51684877 56981225 64166227 64365916 67798741 94541648 141524887 181421726 
#module 8 size: 2 bs: 0.00858299
7449512 29641373 
#module 9 size: 2 bs: 0.0330708
26617933 89370731 
#module 10 size: 3 bs: 0.000148101
72311889 92169251 243662422 
#module 11 size: 2 bs: 0.0368904
46573385 86813802 
#module 12 size: 2 bs: 0.00279251
30516098 130650276 
#module 13 size: 3 bs: 0.00352771
127188125 131713492 161700842 
#module 14 size: 3 bs: 9.16215e-06
88140118 95738226 185657737 
#module 15 size: 2 bs: 0.0251152
44123567 97074438 
#module 16 size: 2 bs: 0.0083116
180607403 243660328 
#module 17 size: 2 bs: 0.0175083
147467640 150224559 
#module 18 size: 3 bs: 0.00382949
28447455 77292945 123971807 
#module 19 size: 2 bs: 1.56387e-11
16856926 228661575 
#module 20 size: 4 bs: 0.00264635
83434276 119230913 137531481 168296616 
#module 21 size: 3 bs: 0.00105559
85267320 85543520 209558599 
#module 22 size: 2 bs: 1.0905e-10
150845268 186901595 
#module 23 size: 2 bs: 0.0016431
110424984 128396268 
#module 24 size: 2 bs: 0.0033794
20254792 51179919 
#module 25 size: 2 bs: 0.00113368
72605385 102324811 
#module 26 size: 3 bs: 0.00147508
24442567 36813285 117255869 
#module 27 size: 4 bs: 0.00206145
21179070 86989704 164391207 240606964 
#module 28 size: 2 bs: 0.0717222
94757700 156137116 
#module 29 size: 2 bs: 0.000704439
81052999 168837176 
#module 30 size: 2 bs: 0.0903252
90469674 110778721 
#module 31 size: 2 bs: 0.00265546
77540628 122895180 
#module 32 size: 2 bs: 0.000832929
178943260 194591750 
#module 33 size: 2 bs: 0.000482642
148478556 197882703 
#module 34 size: 2 bs: 0.00354266
16376889 38570998 
#module 35 size: 2 bs: 0.000516795
21726416 25904132 
#module 36 size: 2 bs: 6.3644e-05
95037522 109995803 
#module 37 size: 6 bs: 0.0261451
152935567 184876062 184886029 190359605 200673064 204578326 
#module 38 size: 3 bs: 5.36271e-10
17579692 270018625 270029137 
#module 39 size: 6 bs: 5.37391e-06
51908250 101142166 101171750 221650526 245188974 275672060 
#module 40 size: 2 bs: 0.0379505
35636804 244673838 
#module 41 size: 3 bs: 0.016367
5126871 14612263 15051601 
#module 42 size: 2 bs: 0.000602565
70622187 129176641 
#module 43 size: 7 bs: 4.23252e-101
1442101 5547552 12398022 15942716 17988396 18533988 44046468 
#module 44 size: 2 bs: 0.0514057
25060042 136794736 
#module 45 size: 2 bs: 0.0195407
52910865 69443278 
#module 46 size: 2 bs: 0.0886193
188117384 267059970 
#module 47 size: 2 bs: 0.0303994
196743148 234110244 
#module 48 size: 2 bs: 0.000850684
803847 51162926 
#module 49 size: 7 bs: 5.41322e-05
14343150 16294267 244934195 244937270 249964144 250477894 250968367 
#module 50 size: 3 bs: 0.00131437
23246523 43637692 106769185 
#module 51 size: 5 bs: 0.0228618
1132281 15307617 17326645 35563232 76866234 
#module 52 size: 5 bs: 0.00175317
82821085 156121581 170606832 187731482 237212345 
#module 53 size: 8 bs: 0.0240797
18415509 18911295 21783716 22018221 52575960 66531467 116886298 245439953 
#module 54 size: 4 bs: 0.000113385
99031903 110921163 135102077 190229547 
#module 55 size: 3 bs: 0.0540289
54475659 72661977 107025267 
#module 56 size: 3 bs: 0.0274058
15441450 17495194 98976495 
#module 57 size: 44 bs: 0.0738187
812825 821110 7867802 13286312 13354002 14911286 15024783 15113529 15483517 15724452 16302855 16313592 17410758 17451031 18732075 18812573 19560605 20564713 23387320 24930382 27044209 28441423 28676469 29624532 32422915 35281506 36357300 40944884 43562100 60695143 64544676 65098687 67673600 75289001 84025309 88822659 139808538 139953824 145420038 175876900 221846963 222568217 242864968 263312330 
#module 58 size: 15 bs: 0.0908154
7795982 16411060 16513752 23077155 28169177 28431983 41450556 49167436 65152219 68551767 71801107 78066531 108705649 152692522 198599261 
#module 59 size: 68 bs: 0.0140581
11145002 14494993 14550012 14624115 14628090 14945059 15172283 15215190 15302120 15382111 15445270 15503968 15725650 16357285 16419927 16951971 17083396 17259981 17512738 18017238 18173465 18611056 18685602 19015082 19114943 19658782 20307019 21345004 22924849 22992850 23095083 23618183 24125006 24184567 28674078 29813042 30466915 34012344 40268283 43226515 45034162 47634020 54296186 55532384 55913654 66799471 69136508 73347023 84097256 99225888 108274516 109648337 109813572 111556341 111729901 123379214 126928559 141571223 143414740 148696421 156010360 157455254 177276579 182798348 210852155 214659775 243767573 262770233 
#module 60 size: 31 bs: 0.0586987
16308041 17420951 18331770 19183264 33637010 33832697 39047949 39749553 40004981 43573375 47577195 48036380 50227060 58454165 61818955 63463335 76745868 87212008 91396258 106375859 108020454 148418872 162665603 211858345 215683551 217064519 220502693 223679418 237358682 243848799 257467966 
#module 61 size: 86 bs: 0.000101114
1774081 9666782 10819662 12383122 14070222 14118937 14134608 14140147 14170736 14388669 14398964 14448046 14639235 14685183 14738804 14763566 14789042 14801380 14803154 14890621 15109389 15165587 15367279 15380951 15825852 15946540 16135362 16201819 16226069 16248585 16358939 16459994 16905666 16928122 17062597 17130461 17353481 17837216 17873348 18478410 18603672 18638821 18783265 18914307 20212448 21213658 21278570 21832608 22483974 22526513 22681922 22907920 23974021 27018757 28009658 28128602 28462804 30469863 31157419 34507129 37679854 53175809 54546622 58866657 62614001 64234931 71410962 75800420 77026018 83625882 84438310 89595535 90313639 91836238 97252700 109440429 114579424 116571138 130575807 153875670 170351580 203149052 203336407 225095543 240365217 257556561 
#module 62 size: 6 bs: 0.0571437
45848865 99324565 109150601 172769873 190969275 237753551 
#module 63 size: 34 bs: 0.00152628
4937061 9938952 10748252 13000872 14128901 14464331 14563894 15123270 16888904 17194090 17542265 18292479 20447545 28017930 28230825 28240302 31214311 36697219 38109868 38372614 44224901 49992096 51028602 62545966 65508813 68592846 75300453 98078133 100504915 114235871 121558178 144692356 150435789 200226529 
#module 64 size: 80 bs: 0.00310929
450953 1012071 1692171 2226621 5606492 6567132 7018942 7145552 8159652 10748252 11698252 11698322 11784882 14051159 14235323 14350762 14465902 14693622 14745283 14774443 15126891 15249228 15515538 15578710 15634516 15749177 15781117 15821556 15943690 16226069 16657530 17050705 17165458 17284883 17449898 17641725 18120676 18622210 18783265 19065686 19455487 20017902 21755807 21812410 22155739 24707040 25151753 27292941 29392243 29822494 30018368 30461425 33414867 36371780 37222477 38297358 39944598 41364338 48604785 48816106 48900286 50737978 59833587 60100870 62310536 69493393 74946653 84562932 86080280 123892070 161415195 170225857 184841559 199848513 202595945 204824975 209150087 240854929 252040223 266202805 
#module 65 size: 52 bs: 0.0849975
5125971 7562622 8085432 8184892 10410632 12485522 14571531 14717311 14848221 15429250 15551263 15577052 15936780 16016852 16217727 16337126 16560157 17380976 17399774 17695465 17955879 18706924 19552126 19916228 19990190 20405853 20441166 22387436 22547150 24425906 25059097 26681722 29822494 31220561 34128302 34637152 35846393 38394199 38793729 48791942 53294779 78315807 89468228 101345179 136952493 138267795 139974111 145449666 187015252 191514152 224741780 242589987 
#module 66 size: 14 bs: 0.0654246
29862576 32574964 44206517 58386031 61849834 125290228 140176807 143502547 164033581 170061178 226777208 235629835 245167786 267791703 
#module 67 size: 7 bs: 0.0105824
10221752 15398780 20497524 21101803 24006057 28402860 120285512 
#module 68 size: 50 bs: 0.0887732
16980777 17734669 17896640 22840652 23774237 24545046 27702107 28410099 29427149 30854420 35321567 35656602 38087508 41874288 50670648 58929178 62985966 69102823 71632263 71664150 84014340 84868368 90793521 93151373 99320433 114685387 119946793 125322205 127356642 130682467 132553078 136802522 141361726 142977623 146965762 148273080 149747560 154105545 155311735 159527534 161487173 174319881 175590052 176806231 193035945 194608987 205609713 208161241 231858934 233241581 
#module 69 size: 43 bs: 0.0241761
1630261 15058363 15138003 15767281 31288054 42868982 43541405 68446061 70449609 74285761 79637747 82655261 96655484 98928522 112516636 116491722 122115977 122586910 127846497 128809182 129319803 134352532 134487373 144422669 146917975 160919148 163954957 167084030 172771660 184544253 186783403 205936089 217923038 220920045 222555703 230182617 231580019 237114951 240238656 241472180 244065169 254639896 259638685 
#module 70 size: 115 bs: 0.0322478
651543 2606911 2941831 5166511 6114252 6136332 6486742 7604502 7721172 7898472 8474322 9604192 10284472 11443292 12372812 12759102 13678292 14052313 14079590 14099435 14110885 14155241 14237354 14331959 14345113 14471169 14573861 14944471 15002220 15010721 15075182 15219854 15292471 15365998 15378805 15476915 15487288 15505550 15511139 15754851 15768928 15853065 15862839 15905527 15943715 16296026 16338169 16473793 16809329 17058577 17168493 17402349 17578918 17844404 17911617 17935861 18000311 18197912 18201948 18204677 18313617 18485558 18547882 18588568 18731203 19044237 19411110 19521680 19751635 19790018 19993686 20329248 20592179 21159398 21701128 21770568 22076359 22760649 22938618 25303296 25904035 28371616 28506177 28674090 33556583 40362652 44139958 46473076 46574042 47444914 49774815 52866517 58563977 58988537 70751508 70754730 74021308 75719992 87715947 94175843 103157143 106283898 107112554 115242946 121797013 132581307 135579990 137423367 153997237 168537728 176651561 195488976 240798167 252606479 263234033 
#module 71 size: 49 bs: 0.0878141
113963 833071 1293051 5832712 10420662 10781952 11821622 12219832 12935692 14065215 14095473 14135845 14333690 14387542 14388689 14431213 14523408 14532450 14749243 14773964 14862723 14947289 15030787 15033971 15270963 15299357 16145206 16334085 16494284 18481782 18514207 18920390 18927821 19356110 20219382 20303224 21509975 21957689 22665665 23006156 23204397 24166550 36071096 39284620 41145894 41296367 78354184 97289556 98362525 
#module 72 size: 116 bs: 0.00905036
2258301 4053841 5793772 5874452 6723912 7712452 11412542 12587982 12594922 12781762 14128069 14142231 14323938 14380889 14399357 14614615 14624025 14653506 14803061 14812510 14890935 14936846 14957541 15013580 15082995 15210530 15231287 15382147 15553406 15580925 15583287 15583292 15648561 15648584 15655296 15661468 15675070 15905565 15935243 16527273 16561292 16588005 16680941 17065634 17315836 17625824 17627945 17871826 18040428 18098655 18127893 18813157 18822387 18994034 19131613 19248489 19264674 19291219 19365378 19408219 19873296 20596316 21429357 21509975 22876951 22933904 22980460 25079420 26744291 26765831 27302814 29040062 29646744 30386355 30667186 30874865 33606835 34938387 36913318 37546498 39284620 45368137 47444849 48722198 50456532 52563809 56521633 56810786 58842703 61014259 63875612 64325295 66997403 75067140 79447979 84172384 84652502 84737899 89519051 92318904 96145394 100507331 101563645 111789350 119468133 121209486 130589438 131625652 135601675 168071804 190754647 198466520 224428671 229766654 238914931 245314387 
#module 73 size: 37 bs: 0.0961812
1630261 14121853 15929686 28623830 35267268 48470743 50686904 53418720 55648693 57187028 59608784 60335753 62584936 62996416 72928626 85917069 96980395 108357234 109059176 121834189 124002957 129915741 134908261 138498796 147335676 156644794 157524175 168888540 171191429 189561195 198649890 203256940 223961051 230974069 232987424 237876854 238341121 
#module 74 size: 36 bs: 0.0055778
18761609 28167824 61496860 73331245 83491082 96089519 97122417 101711457 102043210 102542634 109881181 113198037 118230146 121437473 127465176 130128230 146321140 152143338 154906588 156198826 159503258 162060324 164271321 166815795 167312921 167735296 172223222 179514953 195979860 218936223 228331929 239186520 249983793 253545416 264014418 264046779 
#module 75 size: 107 bs: 0.0113086
5764432 10438862 14685174 14889185 15896304 16535920 20990463 22414207 22589921 23418405 24334049 28859686 36254904 37391190 41597013 46114472 48342996 53000535 53040017 53846756 56081642 56443851 62554155 62698050 68991418 69187979 70416891 73829527 79043962 79368271 80741351 81548178 83491082 84358598 85263926 85346124 88829709 90837985 91396258 92145218 95333167 95382723 101690924 103510832 104400450 106319129 107747077 109504968 109596525 110609337 111809956 116073715 116526623 117836707 118028227 118713710 119348430 120694668 120926981 121117011 121644896 124306740 128151956 128240571 128811995 129250534 129498307 132109821 133279867 139628316 141167217 143882311 145341208 151959726 154363906 156636089 159265325 161480745 162965189 163745140 164199982 165583353 169795819 176687793 181783656 181834984 183926085 188474582 190397000 192124196 192626071 195779937 196273078 202090023 208325536 215235391 216344199 217923038 219011376 226925720 233796756 249222971 250070427 253727920 259171181 269111650 272566820 
#module 76 size: 332 bs: 0.0705697
16713 1307011 1712831 6303832 6535242 6603672 7226972 8647302 9306542 9410912 11673662 12184042 13097772 13728412 14154581 14216821 14287191 14343949 14435478 14468043 14545046 14599422 14935079 14951992 15010777 15062528 15214601 15434432 15506834 15605754 15614959 15628274 15726358 15747743 15938944 15940736 15947185 16178737 16201819 16248319 16273144 16381764 16615594 16641718 16787126 16824146 16840877 16915314 17008328 17062111 17155901 17206150 17273391 17393362 17486092 17520649 17580892 17630773 17721569 17767500 17789501 17848135 17896640 18073211 18122984 18124692 18182511 18183592 18230113 18242620 18418944 18436433 18536322 18565158 18587662 18627463 18787132 18879847 18913509 18932935 18954425 18988817 19083865 19138755 19418492 19477654 19490555 19505248 19597166 19618046 19713521 19734025 19743196 19824145 19961801 20071285 20160897 20276964 20376532 20472901 20664195 20932375 20959144 21018559 21023334 21507298 21658412 21695613 21867719 21881105 22516489 22883967 23026604 23135992 23148563 23154642 23171383 23172966 23292975 23451393 23546638 23920779 23939797 24164536 24481083 24703871 24733117 25491038 25610972 25737016 26118186 26211291 26539097 26870624 27109378 27143583 27787027 28018672 28076703 28140193 28301633 28471924 28573074 29436139 31257590 31619861 32451329 33241171 33637010 34376087 34572831 35105327 35234203 35280301 35524334 35748845 36008885 36648662 36832842 36912323 37222006 37420083 38748814 40957993 41958323 42055361 42300159 42468157 43600056 43607866 44388527 45879513 47684949 48469625 48900102 50060799 50743805 51131831 51758990 53056410 53288855 55885084 56428052 58438772 59043610 59683851 62301773 62846638 63039818 63292317 66350411 66691421 66763589 67010977 67129024 67321398 69497763 70062275 71203121 71740672 72019681 72826714 73341141 73497064 75711686 77731518 79740296 79930408 80779692 83370426 84045446 84236250 85906552 86711072 89280747 90309379 90971235 91694445 92364623 92798123 93176964 93666150 93740417 94365433 94826232 94856925 95458918 95740429 96316448 96387764 96477730 96933119 98128280 98390827 98479451 98505044 105214847 105305259 107572393 110259781 111053385 111435350 113097921 113619900 113662211 116065011 116108369 117943004 120735491 122466242 122540204 123334275 124329490 124854403 126688022 127198803 127692921 127810704 131643746 132394928 133559534 133834939 134853224 135011198 138860140 139362133 139458881 142513252 144311568 151212561 153483319 159001530 160897794 163250088 163565993 170394787 171084149 175477079 179131373 180160839 182987447 183499665 184896140 189474615 189975197 193834897 194152765 194604669 194783022 195900371 199381244 199746127 200139454 200230533 200903027 203867751 204609287 204768565 204979872 205094271 205346326 210819491 210831524 220982094 223488253 223524009 226207535 227986140 229517477 230314512 231496926 231535622 233597060 234895094 235319539 236242567 239020684 240062530 240247368 240878542 243848799 244791392 245042640 245126239 246418321 250532240 251487559 251718913 253422875 253589177 258475508 271781804 
#module 77 size: 125 bs: 0.0790793
8447862 8496612 12088232 12597012 13228592 13315172 14053295 14233546 14464919 14562275 14763855 15399951 15599014 15683948 15842676 16275858 16496431 17635363 18089695 18353112 18417216 18566129 18689581 18822990 19251173 19721592 20209025 20372179 20414217 20612953 21729540 21975447 23324325 23421006 23530440 23628049 23932737 26419482 26668603 26713682 26756907 28738346 29985526 32377446 32712520 33452655 34118997 34674286 34826262 36563254 39241726 41883924 43500507 44733866 44986113 46037408 46476526 47110722 50300582 51678226 53443633 56973737 63285684 64844059 66158240 67436412 70199201 75221587 77281326 80796687 84623487 85665693 87534528 89468228 95448172 104337086 105523857 109899569 118102391 123116942 124524462 128601175 132013729 133923294 134505123 139567380 140028928 141242868 141499502 146237367 153042732 155192639 159716429 160313219 162898103 165144151 165914228 169655919 170270136 171719023 177330882 178525052 189686051 191514152 191840628 195165128 195796378 200936459 210308682 217162001 217527334 222444337 224770553 225491442 227159879 231254156 231488894 232979512 246290364 247136805 254426170 257186370 258475508 260505934 260786513 
#module 78 size: 40 bs: 0.0663225
16953 631803 5660312 6695732 9158962 11726442 12601142 13267172 13832532 14300954 14690254 14727207 15123673 15406144 15781117 15850769 16882886 17134865 17579321 17940962 17952277 19192221 21407983 21764657 22110931 22660345 23484051 24756213 25874451 26548347 27969192 39428095 58341833 76784104 77292631 97468141 103585065 106546060 115944587 224255455 
#module 79 size: 40 bs: 0.0149364
1917731 4388251 6092972 7713202 11829282 12340562 14226882 14270329 14676022 14740408 15808765 15978380 16363738 16700601 17610796 17971455 18244087 18368098 18485748 19719380 20778703 21316936 22938618 23064510 28339843 28377973 28448216 35602818 44899126 63280540 65293006 79039503 119139599 140060120 162959093 171569791 192477353 236711870 242852382 253473812 
#module 80 size: 241 bs: 0.0277499
246103 3433721 5820022 9506452 9886592 9994802 10284192 11922842 12392822 12566322 12611642 13047322 13191382 14274606 14320910 14427431 14746460 14848179 14870804 15001234 15117599 15343285 15353236 15362948 15371730 15485085 15632345 15660796 15749997 15781117 15959806 16032700 16105152 16130242 16156302 16201819 16270390 16320817 16444912 16520112 16536804 16546592 16564842 16592690 16703742 16895549 16897237 16956103 17010854 17066077 17074868 17083396 17116782 17202143 17300593 17343595 17351052 17400430 17413777 17424617 17505487 17520649 17524007 17878154 17927796 17971670 17997511 18034962 18039861 18049840 18087450 18143526 18175164 18214840 18275871 18280155 18322904 18485106 18619708 18637420 18744397 18773467 18786047 18790031 18795950 18857778 18949053 19023804 19047089 19137574 19288077 19341833 19532857 19690008 19732334 19771162 19774034 19789205 19841754 19886347 19988765 20201647 20338713 20397358 20758436 20813783 20858400 20882372 20954257 20989298 21004344 21080122 21200319 21213658 21323607 21584163 21863612 22023311 22413145 22818133 22987468 23032476 23106500 23155646 23372889 23506185 23526929 23620612 23843205 23861287 24095880 24551605 24798988 25202714 25567123 25736364 25931068 25948167 26255541 28562298 28622733 29343437 29965112 30268257 30376196 30857134 31281673 31465017 32375384 32998543 34057913 34262175 34417776 34425171 35068546 35523686 36098673 36730935 36986564 38003948 38359820 38668559 38670814 39470262 39700831 39932500 40268283 41238441 42465046 42469463 42909484 43249641 45004183 46340763 48284445 50749152 51034077 52699786 53188888 53657495 57247518 58617198 59095319 59913286 64047804 64927053 69001280 70335881 70632952 71015802 74026628 74625574 77402928 79740296 87719258 93100491 95499927 100004821 100188468 101863069 104211750 105305259 112266869 120965844 121738047 121910714 125090924 128100093 129098605 131177653 131246223 131357770 131646552 131881168 135414895 145350228 155396230 159245037 159329042 165590939 176929534 180077597 184517281 192007163 193674723 199609635 201531255 203508691 206358757 209471041 212203440 215989468 216013791 216905062 224074946 233221276 239576675 242179067 243374286 259288480 270698836 
#module 81 size: 29 bs: 0.016487
13577172 14160471 14304203 15895108 15907716 16932185 16988357 17024671 17323733 18222647 19409508 19654787 22204032 22372197 23498775 27865199 28268371 30033646 32613223 37818134 78924375 89013228 100817771 103969563 109460638 111047202 148081424 163845303 268125399 
#module 82 size: 77 bs: 0.0511798
1630261 15767281 31288054 47216578 47599165 61476055 62625917 68446061 84269742 102107813 104223101 106824606 115933562 123318445 124866595 128507642 128693679 130158543 135248445 135298815 135687184 137443330 145408456 146655020 147026192 147314264 151714614 162735344 166235979 166394396 171669403 171997599 173534506 175533140 177156570 182357928 186024338 187594363 188419032 188840004 190395758 193088908 196853166 198560132 199009858 201763743 204838222 208398817 208677720 216529788 217576078 223691577 226769636 229674969 230859303 231085129 233948859 234001935 234840602 235633896 235729192 235759321 236368003 238356204 238602830 240468977 242884484 245453198 245793450 248493560 250731274 254493514 256324516 259011240 259394715 259493072 260985403 
#module 83 size: 41 bs: 0.00909975
9376622 14544571 15887107 17461226 17522884 18391075 18791763 19153333 19590747 19754122 23188976 24661757 24975816 27553223 27789999 34434801 35195343 44769565 44845302 45190383 55991727 63796576 63834256 64576818 68807455 70477603 72475621 78470249 94607882 109777164 110918004 115753716 119160384 129360573 148891227 169245808 180151159 181633686 219819147 227192133 234696158 
#module 84 size: 23 bs: 0.00851543
15624385 17435271 18343178 19747277 19884721 20960765 25447492 25688058 30734462 40250971 46159898 46205067 53500999 61462007 89552709 101207588 150828573 177507202 202257778 207793457 232191946 236195413 240552704 
#module 85 size: 186 bs: 0.0507239
608473 1936361 4954131 9175912 9188592 12088232 13363182 14040522 14079425 14099516 14287191 14389132 14720411 14763855 14819061 14910806 15600217 15726358 16127669 16175706 16201819 16337697 16356317 16426698 16462209 16630083 16878100 17011345 17259640 17486602 17520649 17813433 17936052 17961246 18129159 18208795 18483871 18529151 18773339 18944608 18953266 19089993 19246850 19410436 19498445 19899940 19990190 20372179 20405853 20477352 20956390 21344725 21975870 22040403 22108647 22116240 22935909 23274866 23343968 23409989 23777198 24224879 24247270 24561449 25373949 25478329 26539097 26847783 27043989 27760633 28018958 29451005 30308283 31059620 32147116 32435460 34733255 36073824 36880462 39591754 39812315 40779851 41965009 44147853 45045450 45484909 47497885 49616509 50489460 51043119 51678226 52575960 54642207 54769822 55303089 55979296 55995317 57113993 58341833 60698670 62382288 64804024 65260323 65590754 66531467 67603734 70745737 73683746 73749928 74153376 75141533 75165241 75347004 78403223 79930408 80235953 82328753 82567107 87534528 88265548 91194630 92439035 92563411 92697733 93827358 94378996 94397566 95142106 95448172 103106691 104236319 105523857 105623556 106182367 107223604 111165159 111435350 114012228 114950933 116587005 119178303 119446586 119667870 120707178 121237632 122218767 128102692 128601175 128882329 129949964 131109320 133923294 134141151 139889120 139960419 145755847 152352981 153586491 154708805 154876782 155883945 161691702 161993294 166584190 171023147 173452455 176140153 177931290 192643153 200936459 202849351 213069826 220884100 221919129 231488894 235439150 238421074 243522984 246600472 248960481 248988432 252855619 256134707 257564668 265977653 266761504 
#module 86 size: 166 bs: 0.0191888
7595842 7746052 9734372 11299932 12337592 12693572 13267622 13785352 14131683 14136972 14188969 14218186 14227897 14253707 14298819 14433007 14452057 14664756 14706004 14753540 14763855 14864169 15113155 15131310 15308303 15323865 15400246 15462767 15520700 15551294 15566022 15662467 15678167 15729205 15762258 15811608 15868433 15907716 16027532 16124611 16153984 16177296 16261638 16357245 16471088 16513795 16521150 16561212 16703461 16818490 16912241 17130180 17206658 17475281 17519222 17543438 17740210 17824560 17948379 18083141 18131988 18179554 18231339 18345963 18460854 18493879 18500081 18557253 18560205 18737023 18822866 18832833 18967578 18997715 19085742 19111507 19160080 19195914 19450841 19461688 19494371 19774073 19774114 19790013 19826674 20271080 20476654 21690938 22018221 22736954 23075284 23145109 23797396 23998156 24436600 24897332 25318477 26470645 28006501 28106848 33672294 34074792 34302264 35548601 36713201 37549379 38447355 39485994 39645433 40721661 41123794 41253854 41437506 43163302 43635444 44683837 44961029 46164502 50008018 50077710 52927776 54113444 56458700 59518891 62606223 65193458 66871294 70461418 72426413 77151544 78606921 82444043 90776145 92356909 101253269 101631951 103576036 103864359 107572393 109886771 110746020 111047938 112009840 117850134 119517827 124257319 124908488 126754289 132250957 132526387 133941575 142761850 151084354 151546361 155994909 171305484 172204281 173899102 175018925 180911104 182066809 197156324 212823696 223704520 245543122 249361812 
#module 87 size: 64 bs: 0.0310518
74543 82363 381203 774909 1528701 3750071 6092972 6904482 7155782 7526892 7713202 7770342 8457092 10400902 11069462 11148742 11504382 11993412 12095912 12340562 13775632 14165957 14369409 14401102 14437914 14445542 14503316 14533116 14553055 15199325 15206692 15250836 15753937 16010789 16023926 16148602 16158012 16463326 16739711 17279500 17669882 17789291 18279169 18635626 18889063 19996935 21047224 21909890 22053039 29005683 43239422 47518210 51196532 53280402 60696138 61127420 61772051 64444175 78792100 78905607 86167256 151158927 166707502 210118012 
#module 88 size: 1168 bs: 0.0759646
755332 785595 5693062 7144882 7288532 7350652 8071902 10786382 13306282 14090931 14131420 14150407 14275501 14472183 14549601 14720411 14763855 15274836 15322793 15600217 15618317 15680214 15726500 16068825 16175706 16253235 16388972 16425627 16506186 16540406 16624180 16703058 16948493 16956339 17070787 17224082 17357018 17362299 17520649 17608059 17746589 17763164 17771429 17905825 17939480 18105493 18234520 18282606 18398385 18414159 18433188 18483871 18506975 18534567 18543454 18544188 18626582 18629665 18649219 18692021 18833982 18872519 18878427 18933832 18942695 18953266 18958597 18962975 19022242 19035245 19124543 19167202 19432112 19477159 19578025 19632835 19640035 19650336 19927845 20007264 20027256 20116255 20318194 20352504 20477352 20733757 20751505 20813021 20897273 20938935 21009554 21057434 21113258 21152997 21259003 21275420 21777919 21784570 21814082 21881621 21930609 21953832 22042403 22192559 22242179 22254576 22341769 22380908 22540789 22581361 22792103 22813537 22925703 22940727 22950203 23008116 23031702 23103362 23257245 23282565 23335196 23389965 23401174 23420024 23555722 23556388 23560531 23711425 23722620 23782518 23844792 23882123 23961550 23963107 23992376 24163850 24351659 24411254 24414900 24500538 24533117 24574222 24636191 24654508 24686494 24741411 24811584 24962655 25100373 25154863 25242416 25253084 25729276 25740983 25897762 26045055 26306729 26312359 26388416 26402434 26457416 26486510 26815053 26847783 26874644 27056757 27071190 27234262 27257879 27325141 27386308 27512005 27515718 27753611 27827695 27908385 28031609 28214315 28226960 28391808 28424289 28486708 28768235 29015085 29084075 29090205 29163409 29206300 29355945 29459695 29460521 29518132 29555467 29632619 29770468 29940127 30194186 30340990 30386438 30404850 30462898 30665326 30780296 31070910 31293436 31330292 31403276 31830665 32145253 32266938 32300434 32334346 32530781 32584355 32633716 32770999 32957473 32992448 33080831 33158772 33218276 33327675 33452988 33498000 33668466 33778988 33960315 34030481 34075958 34146256 34316788 34405249 34443244 34686024 34733255 35176496 35520594 35536649 35726826 35810047 36204399 36585424 36643209 36813285 36906540 36944780 36982314 37077578 37190491 37222006 37241140 37246265 37832300 37920064 38124429 38151136 38260779 38327069 38541154 38580030 38600665 38610291 38615541 38646243 38729990 38925280 38976017 39099106 39176418 39218350 39439728 39584114 39753319 39910912 39986906 40185311 40187150 40187188 40248272 40337245 40340319 40350303 40701143 40907388 41470157 41549425 41856927 41929517 41965009 42119491 42330308 42381705 42670114 42684074 42740377 42990133 43364907 44278796 44297180 44446489 44636789 44770529 44870998 45013235 45051894 45187586 45450377 45537747 45547073 45672770 45865465 45928398 46019128 46054692 46222099 46666938 46754894 46860582 46878105 46934475 47110722 47380390 47520916 47628348 47661343 47736537 48059095 48320268 48726854 48764460 48867402 48892632 48915248 49464688 50002300 50025858 50985635 51482804 51531341 51734182 51982828 51997163 52114630 52254968 52405458 52474527 52504599 52582757 52725693 52757236 52780400 53292314 53324525 54200212 54387128 54709948 54877998 55222535 55274676 55927532 55933111 56081354 56669858 56675544 56706308 56836415 56994938 57231428 57486140 57505932 57795179 58149795 58256315 58268797 58751344 59197928 59338505 59355478 59697909 59698845 59845061 60304834 60650519 60849055 60936367 61109023 61250869 61481916 61543234 61751708 62415418 62509989 62635353 62816181 62972069 63192289 63260438 63290903 63337613 63468801 63531207 63597788 63646347 64217263 65367727 65507075 65539550 65598884 65748080 66906291 67381805 67510424 67574227 67656375 67771977 68036460 68094095 68241308 68414446 68442782 68456925 68554574 69072789 69366493 69377877 69435529 69490214 70236664 70478756 70617438 70688431 70833097 70872642 71423326 72005983 72036947 72135569 72218449 72741498 72811901 72826714 73703096 73710819 73978891 73986605 74033128 74202957 74586267 74681972 75243379 75511224 75551503 75612668 75630518 75816353 76456492 76498257 76667648 76887105 76976987 77895702 77905001 77949533 78275869 78543480 79637747 79754695 79799271 79930408 81189900 82390302 82977544 83220224 83454492 83735005 83770292 83966731 84053324 84061021 84488824 84524757 84697403 85008170 85032253 85632018 85736993 86495946 86528620 86549560 86770799 86780531 86831936 87321877 87331481 87712519 87719730 88198639 88388566 88471653 89036498 89121882 89385774 89776939 90668001 90854372 91071674 91273362 91448645 91683053 91943914 92927188 93328997 94159667 94717868 94831581 94841257 95137513 95288092 95522978 95985617 96109157 96387764 96655484 96790154 96815249 97051433 97158610 98505044 98714095 98928522 99001341 99325018 99772708 100281735 100554896 101014503 101106972 101221067 101612960 101744237 102019594 102186571 102308453 102847829 102951314 103088329 103116624 103651694 103725748 104055955 104434793 104563357 104584453 104727907 105268204 105343122 105860187 106175819 106413293 106414572 106601959 106645659 106831967 106874944 106888707 106963800 107164806 107621747 108140942 108350879 108448846 108538150 108679657 108692077 109433379 109569992 109671957 110280391 110404277 110470795 111410375 111795703 111969688 111989628 111992715 112058406 112075462 112516636 112558885 112749574 112760135 113422725 113734388 113787997 113831847 114916798 115036116 115585592 115624836 116234257 116706360 116756735 116999724 117157665 117196502 117792193 117962382 118352178 118614880 119113698 119196878 120652915 120962212 121163932 121223001 121239864 121296694 122056847 122153660 122290394 123055515 123116942 123130128 123324025 123431836 123634244 124073829 124203804 124248528 124548242 124942059 125150547 125277965 125392820 125409467 126153057 126346398 126351209 126364732 126387549 126395181 126598407 127636504 128102692 128996296 129529866 130395742 130554757 131021790 131066597 131512268 132108729 133778635 134009694 134687004 134743070 134841238 135033964 135057752 135715040 136004374 136242193 136378375 136461307 136653516 137066744 137183468 137366470 137455666 137622383 137786520 138077315 138111295 138166083 138322735 138628895 138847948 138905522 139024456 139184917 139292079 139331113 139757503 140255945 140286942 140983662 141243524 142157110 142303850 142410443 142705588 142805881 144712717 144921225 145159487 145347010 146416257 146512958 146906710 147043669 147359145 147359386 147461784 147756403 147787042 148055679 148155333 148476118 150255293 150400817 150770608 152352981 152908018 153244255 153428380 153559103 154132764 154368883 154440966 154635466 154787999 154959835 154972484 155029302 155690100 155722772 155899912 155962937 156296440 156475064 156783397 156959765 157122822 157314364 157729385 157765776 157767014 157832459 157858384 158000381 158104132 158136469 158216035 158228752 158552358 158630760 158875382 158980067 159144566 159563937 159658784 160029634 160097143 160658239 160718204 160984282 161524303 161813117 162017343 162092045 162279176 162364970 162557157 162959901 163719471 164453074 164725958 164856615 165090476 165200431 165594154 165814490 165826885 166248847 166698317 166757786 166839611 166961004 167700350 167915369 167959400 168402242 168563935 168710679 169051492 169074286 169103586 169234290 169443688 170192703 171424066 172143827 172397445 172639027 172771660 172886308 173610845 173941018 174291299 174350413 175222812 175344254 175413619 175938534 175997836 176114435 176642333 176764759 176868644 177096882 177336546 177959094 178897716 179812242 180084261 180390958 180463340 180605438 181120728 181233139 181311417 181520337 181929711 182028677 182040558 182172282 182517897 182982341 183088045 183271121 183461152 183626732 183998273 184221744 184274305 184275950 184292192 184497682 184518363 184630300 184756173 184900712 185187643 185221735 186118905 186267547 186633188 186791742 187951011 188185864 188202145 188450258 188574103 188683808 188867349 189265359 190229279 190359605 190546924 190915626 191358215 191549398 191667380 191840628 191875463 192236628 192709407 192823256 192968187 192972145 193364199 193483917 193585697 193703862 193779018 194066377 194245667 194955084 195664345 196071730 196161118 196590443 196885303 197511305 198048144 198056848 198338473 198399355 198590293 198597076 198793430 199234560 199486235 199624094 200123241 200292780 200664598 200685361 200713835 201947373 202063776 202075612 202192724 202376476 202789051 202849351 202867023 202892149 203290250 203560551 204186596 204390536 205066491 205066686 205341777 205544568 206216645 206613587 207379807 207730312 207977066 208064567 208093309 208703350 208830775 209482512 210268467 211633957 211787112 211977478 212006174 212135317 212311732 212311866 212950155 213310819 213487656 213702367 213937754 213945499 213947558 213961838 214112621 214212019 214406243 215761524 215797959 216172901 216258042 216605516 216633243 216902526 217000649 217064519 217793491 217798695 218193050 218219246 218375995 218764044 219089755 219690900 219913962 220190718 220255068 220419374 220502693 220578999 220756966 220885253 220920045 221265281 221452291 221509706 221697034 222189121 222485748 222823225 223171168 223219109 223679418 223848490 224428744 224808382 224830108 224883589 225199394 225491442 225564695 226001181 226011338 226532196 226659463 226822549 226995027 227016826 227207387 227686496 228397622 229178886 229255063 229328959 229729919 230182617 230299067 230476419 230509267 230525319 230589809 230770866 231039361 231271588 231472142 231580019 231991793 231998027 232230669 232276959 232378811 232445524 232451257 232571300 232674215 232834568 233257736 233405624 233409410 233707083 233986555 234104154 234281590 234308463 234439191 234895094 235380880 235463218 235538483 235737404 235905598 236226987 236719127 236882308 236967039 237114951 237193691 237394359 237581493 237962820 237996239 238394455 238468639 239188819 239190317 239271745 239286291 239682389 239923310 240586538 241310760 241382533 241580495 241801946 241963008 242444620 242454810 242477546 243164287 243220807 243494256 243913373 244050895 244385521 244770433 244931754 245094866 245816373 245928017 246029073 246648550 247042017 247057776 247414089 247779244 249096055 249259023 249542643 249818868 250521819 250582808 250928526 250983856 251114231 251229821 251240599 251744064 252759457 252769982 253414535 253437303 253784340 253888243 254184021 254221946 254853167 255167616 255180880 255315692 255509379 255704566 255708730 256186650 256249279 256288010 256291383 256754305 257116158 257854565 257994974 258039690 258096381 258582570 258843668 258923616 258939764 259123873 259305320 259389589 259603718 259615130 259695549 260136602 260768576 261073782 261277321 261630686 261708017 261765367 261932674 262292817 262379715 262966574 263517122 264046056 264320420 264400863 265268942 265749910 265960486 266073365 266151992 266296850 266568519 266908845 267517115 267579171 267926000 268063294 268690589 269105245 269700319 269747809 270172081 270308750 270455224 271160885 272418328 272754640 274197373 
#module 89 size: 168 bs: 0.00398708
11332 6811802 12322812 13225072 13599852 14144790 14179549 14212028 14245501 14248612 14277846 14291015 14294650 14327792 14339520 14376840 14378281 14389615 14517899 14532188 14554078 14572033 14572196 14634791 14911255 14940826 15025059 15046916 15075459 15239123 15293352 15393033 15445154 15487499 15524002 15534716 15585410 15678167 15707047 15729205 15843240 15852054 16153984 16177296 16278934 16304010 16570335 16586626 16887348 16941718 17092592 17206658 17224164 17240550 17393790 17495000 17503856 17576667 17644563 17764146 17945015 18029498 18131988 18155171 18492564 18500081 18766019 18774686 18997377 19494371 19641024 19826674 20250302 20267632 20332142 20476654 20611194 20770172 20996839 21275406 21799282 22077506 22201568 22228327 23309869 23499247 23714675 23998156 24561424 24797350 24816382 24897332 25092348 25266932 25367291 26589876 27894046 27962194 29509119 31520228 31667926 33362218 33492243 33885025 34700428 35548601 36368888 36568789 36601355 38447355 39645433 40721661 43163302 44015183 44202114 44961029 45756215 46589508 46707560 57135779 61666438 63230620 65193458 66818412 67898690 68982398 75356470 81505840 82376322 82444043 86160868 88214227 90203791 94919897 103976896 106185357 109604578 109841442 111482299 111662569 113747572 114049072 114467024 115596327 124257319 125867143 132526387 132975929 133941575 142447390 143638559 145315512 162052960 163383284 167570736 171305484 179422421 185497324 192895653 195742848 197156324 208303207 211011485 223704520 227750413 229291215 240469100 241210475 
#module 90 size: 197 bs: 0.0141429
27953 683523 775861 5693322 5778852 5798602 6118242 6188152 6389222 6630962 6655632 6753242 7491582 7773162 7830812 7853592 8147062 8393112 8539242 9048222 9615962 9850782 11235032 11606702 11674822 11892722 13107602 13220972 13272592 14054450 14061723 14083767 14105540 14178312 14212359 14227897 14242280 14289835 14299583 14302111 14345566 14443616 14469179 14543117 14575798 14605495 14659923 14664756 14679080 14705619 14763855 14773346 14775487 14796279 14846859 14883514 14923682 14937173 14941009 14998779 15023383 15120037 15121781 15230754 15233366 15300020 15391752 15400332 15442150 15495117 15615591 15678167 15686613 16013349 16033434 16261638 16353944 16356833 16387116 16471088 16492009 16703461 16716129 16877448 16887348 16936459 17022831 17037986 17246888 17280132 17332386 17365324 17519222 17909421 18121680 18168267 18280708 18327007 18356346 18493879 18592579 18609139 18776351 18873213 19090407 19111507 19276287 19475375 20351695 20481131 21486753 21622756 22018221 22866896 23437737 23655155 23866339 25197341 25780932 26418098 26419638 27944666 28564127 28599031 28873178 31620237 32516316 32964444 36407795 36522491 37240699 37977930 39323281 40099249 42934314 43111514 43635444 43765408 46787681 47721240 49849110 52090770 53941287 54370980 62950338 63283271 65363711 69025404 72353797 72426413 75192691 77392251 82411192 84124761 84497664 87106149 90776145 91458608 92437178 93800894 93953977 100817771 100818788 101477465 102780726 103356166 104901157 108417469 110281707 110320464 110532690 114628210 115247248 120958573 125382460 125867143 132946771 137178307 144325640 160994217 162140481 168730556 174649888 179154258 182466412 189092067 201242210 216782324 232568677 235347368 239191123 240920084 246024271 250248024 254092296 254629570 255257849 
#module 91 size: 263 bs: 0.0603635
5683952 5972752 5998552 7209262 7396542 10168082 11279172 12304722 12611642 13654112 14169364 14255263 14287191 14380462 14429823 14664210 14721067 14742479 15182385 15349653 15450996 15481397 15522756 15529625 15565703 15602091 15689313 15745139 15878020 15896379 15963488 16201819 16438743 16526591 16530557 16825062 16970638 17301914 17304123 17368610 17420951 17473289 17475108 17520649 17569124 17897020 17945843 18196308 18262412 18332827 18355228 18449174 18637420 18728945 18773467 18824239 18949053 19109017 19611658 19624059 19650336 19654406 19675857 19687218 19790783 19886908 20105071 20195689 21230617 21318903 21335770 21345203 21668588 21776768 21817105 21962567 21990854 22150874 22174042 22256515 22360594 22973224 23041301 23244977 23593412 23721972 23834147 23992868 24603879 24608101 24716002 25393674 25694234 25762392 26092570 26283471 26539097 26739128 26747105 26773692 27055316 27095215 27503151 27732408 28079769 28609576 28782189 29708582 29747993 29779074 30464510 30479742 31175661 31334049 32615340 33098495 33247276 34010454 34434801 34709013 35577793 35910513 36719360 37749110 39511351 39657792 40506540 40822836 41159844 41253398 41641562 41660436 42231175 43050396 43740591 44150150 44234494 44672556 44853718 44939343 46787956 47050697 47444914 47914845 48181005 48504894 49013625 49121564 50024842 50832715 52553796 52788040 54623706 54649894 54662153 54708000 56116936 57115373 57131205 58881671 59191437 59427376 62554155 62926597 63726362 65587134 66759379 68475377 68879809 69342256 73037662 73429252 74037588 74887389 76476217 80043372 80857771 81725200 83277670 84217059 85008170 87331481 87820847 88090633 88321965 88776484 89273858 89731752 91106767 91791843 92063493 92102625 92117844 92285511 92678445 94577861 94579136 95300430 98673557 98706590 98895591 100426508 100479447 102363028 103285229 104357325 106424240 107186135 107852396 108045600 112479899 113420566 119710421 123322544 123963034 124742769 126912691 130899627 131003396 133431287 133492415 134149133 134761691 138555043 139552551 140060120 144383619 146093372 147977705 148040105 149815436 157498350 161772480 164830389 168544279 169970345 178053334 178808746 180275858 180703009 194109571 194152765 199382257 203893499 204090866 212248847 214112621 217318313 219720365 219785653 221489828 221526399 223443158 226273650 232682267 234869209 237819356 243825310 246124029 253727842 253835890 255682362 258939764 
#module 92 size: 167 bs: 0.0231989
456 1585 5149 10588 10675 13298 21693 37573 50613 626233 700593 759186 771698 780290 799630 809092 811051 821978 832831 1054431 1189601 1309511 1319141 1724401 1957211 1979591 2108241 3171031 3558851 4312721 4922001 4959461 5025251 5727392 5780992 5885772 6452782 6566712 6588122 7541642 7599982 7674792 8112832 8307012 8435452 8448712 8481222 8823362 8867682 9011012 9277962 9286142 9627192 9643862 9804222 9819862 9853212 10356542 10654322 11204762 11413752 12104222 12160482 12477052 12575842 13205902 13445052 14065548 14111182 14128528 14141301 14153594 14155372 14157732 14176242 14186545 14222176 14247062 14258602 14261302 14389648 14562685 14596506 14604049 14689567 14714942 14789122 14820724 14874721 14891245 14934718 14993466 15008449 15020853 15041902 15070780 15103213 15159129 15184929 15210530 15223619 15281078 15368554 15382147 15412816 15426896 15551156 15780402 15780594 15826306 15939352 15972562 16040887 16049723 16133935 16249213 16506383 16527332 16680941 16878903 16904101 16954719 17071737 17170520 17205773 17493528 17737138 17801384 17926317 17994525 18173027 18176747 18455643 18503214 18619836 18834180 19255759 19600446 19679188 20083563 20391685 20731401 20873104 21626871 23221629 23757784 25330903 25661540 26236577 30864653 34394575 41626400 41841330 44570428 53352349 59541290 60775372 69033184 69687111 91329057 110897594 156010360 163712424 188911259 192171500 229766654 252105891 
#module 93 size: 49 bs: 0.0628415
12984 13210 15683 31383 66993 69583 76133 759228 773624 818176 2825191 5025251 6962852 7480172 7526892 7614632 7929742 8531352 11470032 11633492 13767702 14421572 14459669 14680596 15077051 15135214 15148807 15443141 15583560 15953031 16080020 16156062 16612857 16997044 17006370 18028249 18161157 19404944 20905953 21513512 26719898 29695131 40532389 57888537 67924644 75236148 109370698 117218161 117700355 
#module 94 size: 47 bs: 0.019078
24113 749333 780006 790000 1388961 3395021 8299792 9561522 13807132 14782952 14830831 15125371 15274752 15466555 15510638 15555038 16200143 16428278 16641454 16970274 17278906 17453969 17753670 18071407 18134756 19689035 20550830 21359690 23485622 29436139 31738235 33801769 34924998 47791995 53257111 56660747 74411287 78789634 84972513 87358503 115377377 152145953 152560538 154435961 181096818 202844511 260631674 
#module 95 size: 131 bs: 0.0345678
509 682213 1091241 2676431 2771891 3811511 5153221 5388852 6144162 6245232 6540192 7112242 8156622 8293402 8883702 9209942 9485202 9686792 9804482 10000642 10155832 10609292 10636902 12855572 13388922 13579842 13690622 14061771 14076943 14109004 14117196 14135237 14206392 14220249 14293571 14346361 14349449 14349894 14354144 14576426 14620544 14707115 14758406 14860195 14888632 14894307 15106068 15385968 15393195 15428401 15440344 15555038 15626406 15681663 15770684 15831093 15866800 16157980 16235927 16352993 16956811 17029807 17063238 17175973 17177403 17307627 17312943 17381284 17451411 17472945 17477864 17856201 18064263 18089164 18134210 18295455 18566782 18885594 18930170 19018185 19532315 19794129 20030225 20172321 20610029 21307269 21653513 22290807 23166597 23343266 24906998 25191558 26657049 31179355 31213504 34556885 34636987 35783898 37069994 37764670 39619991 39774991 43292618 44069257 49445813 49824306 52814458 57949239 63054429 69932023 72343437 79873303 83865532 89266401 89410778 91921994 92342722 96640040 99740489 103971994 107633083 109339635 120794494 120819229 124920374 133893663 173387492 180770812 192589318 232502918 246036260 
#module 96 size: 48 bs: 0.0725805
1428831 1441291 7480172 11580962 13342982 14742422 14786238 14889333 14993616 15320887 16883326 17021619 17066838 17257272 17372379 17460928 17511523 17874910 18038375 18358227 18787972 19583523 19794129 19977032 22050760 23743148 24661289 25164847 25490697 26174646 26716467 34012344 34934712 39944598 42197349 44651055 49723206 56377143 80589255 91827895 94428870 102617462 125668334 134807812 135109492 141379955 182029374 203951741 
#module 97 size: 116 bs: 0.0761988
11983 682213 819284 1129701 1203641 2384071 5447732 6325632 6341572 7042572 7526892 8132582 8615772 9013032 9584882 9926562 10333202 10774532 10880202 11984762 12354252 12601142 13448172 13451802 13775632 14128528 14184628 14185424 14219103 14220249 14321959 14346361 14352967 14496930 14564986 14680167 14704310 14708747 14835646 14870168 14888362 14903294 14990031 15066876 15211133 15354397 15409034 15639478 15692087 15925179 16167886 16212167 16366271 16457010 16801452 16886645 17179368 17276841 17325009 17381284 17451411 17469567 17682283 17794287 18102284 18106809 18295455 18429289 18637420 18705078 18929690 19038395 19207266 19466732 19683498 20945245 22084719 22457041 22960333 23486491 23549240 24906998 26043616 26784273 31303139 32211808 33098821 36702921 39216517 39716211 44817367 45660443 53411390 57026817 57949239 58883706 58994449 61291337 61317377 74574719 75236148 80589255 87765465 89119055 96880903 103331100 108803911 110301570 125418319 128126290 138969362 156240003 156768711 200137739 214303021 249260397 
#module 98 size: 155 bs: 0.0131456
509 10178 11848 12220 67813 347133 678033 691353 774909 780991 782010 817970 819284 819522 822647 920991 1048951 1051171 1129871 1386571 1717291 2099891 2384071 4700381 5051171 5108161 5388852 5708292 6131832 6141832 6297382 6708952 6719712 6774272 6900852 7181572 7210762 7224702 7263402 7434272 7511702 8106562 8602152 8690902 8935052 9590262 10767712 10773882 11086372 11435642 12329252 12354252 12566662 14076943 14085088 14128528 14257199 14274132 14290383 14321959 14330959 14335404 14350762 14680596 14706139 14708747 14786110 14802885 14813149 14822021 14948485 14950583 14959496 15040446 15093212 15223252 15247066 15328388 15379912 15414807 15471640 15514372 15635812 15831401 16366271 16393123 16484677 16721263 16745770 16847211 17179368 17212941 17226610 17339297 17372256 17549096 17627390 17755042 17796440 18152057 18252347 18450898 18507464 18655567 18680985 18697352 18836209 18872123 19038395 19062153 19207266 19466732 19519071 19826509 20173675 20928893 21700719 22145414 23593213 24889586 25057202 25163231 25175706 25532738 26043616 27106703 28211629 28840450 28991368 31030273 31100040 31359340 35473835 40953367 42315951 43194865 43911998 44936058 48880548 49011247 50363926 57133313 61755699 78735819 89414621 92876427 104493815 107354278 110965120 117218161 118837674 126717954 214067697 215259883 216336191 
#module 99 size: 958 bs: 0.036362
2900 5608 9135 10305 10396 11426 12522 12716 13050 13410 34173 56653 74673 76373 79543 205803 616173 625323 684743 754556 755452 777560 780006 781493 781895 790000 792907 795448 809183 810579 811182 814293 815233 815476 816154 816812 819546 829771 854291 898171 926121 1020961 1048931 1069351 1220351 1249431 1252191 1253451 1283361 1315431 1322691 1330151 1355401 1356261 1363481 1384531 1485021 1530371 1934931 1953911 2059841 2150541 2241221 2507851 2564981 2663161 2737751 2960101 3028161 3041201 3277401 3286621 3297651 3433721 3533231 3597921 3714411 3855911 4278151 4303181 4958911 5179031 5259391 5385262 5449422 5525212 5656332 5660312 5661792 5724622 5738952 5816442 5916122 6014732 6018562 6084982 6120472 6183312 6258192 6269602 6271842 6288762 6419872 6509242 6572042 6609072 6695732 6904582 6944972 6965272 6976562 7006712 7090482 7172452 7315022 7508092 7823692 7885972 8092472 8143872 8294022 8340752 8402052 8417802 8596022 8614412 8654602 8765892 8769212 8803972 8906982 8933942 9015512 9081922 9139352 9147742 9158962 9200242 9248102 9355162 9366702 9405862 9409732 9468812 9491292 9527242 9543092 9543992 9574902 9588882 9639352 9654112 9676152 9759932 9853212 9896872 9952152 10154052 10224122 10224172 10252992 10268302 10284542 10355872 10473582 10546442 10771662 10785032 10864492 10928462 11010622 11028352 11035782 11058922 11063312 11073902 11148342 11202562 11304762 11316212 11349102 11403042 11413172 11424902 11541372 11567972 11577962 11632342 11732322 11774642 11855222 11884342 11896242 11965332 11991832 12047202 12049792 12300692 12386462 12517792 12536272 12683642 12702572 12727902 12886112 12973362 13012632 13028322 13124962 13190282 13286312 13356392 13418512 13475382 13546712 13601052 13683762 13693042 13817822 13884782 13900042 13979662 14027532 14056454 14063033 14079017 14079356 14083627 14084098 14085277 14089271 14097725 14098332 14109075 14115587 14118793 14133436 14134419 14136479 14144238 14152445 14177081 14182254 14191626 14200437 14204449 14213692 14216712 14217862 14228300 14238738 14252191 14260608 14264410 14266588 14270757 14274372 14280977 14285046 14290415 14304302 14304739 14313749 14315246 14316141 14319523 14325932 14326003 14330959 14342547 14342975 14345609 14363211 14364397 14370358 14382508 14384696 14389062 14391111 14398964 14399289 14421385 14430556 14433007 14435124 14437914 14448173 14451294 14464331 14475312 14476147 14500374 14508983 14519349 14524060 14533716 14544864 14562004 14568079 14578544 14617878 14618493 14621637 14625146 14632661 14632998 14634197 14638851 14641392 14641606 14652452 14660213 14661957 14680167 14712904 14715504 14715516 14724577 14727152 14749220 14763336 14777850 14799428 14801984 14820299 14828536 14833389 14837928 14840993 14850719 14855279 14860922 14861579 14869791 14871283 14892523 14935192 14938248 14943818 14949249 14985117 15040500 15044502 15052090 15062527 15080701 15081182 15087461 15109462 15123673 15126388 15131428 15150351 15158352 15173486 15175391 15189849 15221975 15228091 15247986 15257682 15276401 15284607 15288377 15295785 15302201 15313725 15315857 15342518 15342619 15343458 15348564 15354042 15364959 15367795 15374280 15381346 15400979 15410368 15412070 15431942 15441074 15446200 15447545 15451434 15487747 15488145 15497928 15510756 15514266 15520554 15521495 15537003 15575441 15579449 15605402 15632835 15671214 15675424 15678008 15699754 15700362 15706037 15706633 15746084 15746214 15751164 15768141 15768216 15819292 15839517 15842919 15845496 15859253 15863689 15872657 15885310 15891536 15908105 15917510 15924506 15928027 15937921 15987060 15991918 16000947 16012310 16069024 16089513 16106525 16148335 16163790 16169898 16181186 16191109 16191175 16201506 16226484 16234345 16237734 16270580 16275014 16297675 16303557 16345566 16348705 16369099 16411898 16418505 16425453 16427045 16438898 16445899 16465359 16506571 16530746 16533013 16539573 16610527 16630502 16662478 16663709 16668970 16680654 16684007 16690175 16694698 16720708 16727007 16750984 16807860 16813361 16814973 16818880 16819278 16827720 16828143 16874616 16886925 16907121 16908775 16928122 16956236 16996238 16997044 17003118 17005197 17046369 17047248 17068225 17069525 17074240 17074244 17074457 17079099 17080534 17087370 17125155 17130461 17156131 17172429 17204519 17214633 17214701 17224082 17225325 17228171 17242874 17295666 17310398 17343124 17366090 17371061 17372386 17375079 17385961 17429334 17429788 17439117 17451602 17463660 17464581 17466146 17471010 17506774 17514057 17538588 17545037 17549229 17565891 17576806 17577078 17593208 17641457 17713959 17727253 17779287 17788582 17827085 17837216 17845906 17850637 17925141 17972230 17993310 17995655 18049840 18065823 18066875 18072408 18086674 18092306 18107886 18137387 18174998 18188365 18194787 18196178 18203404 18211473 18216761 18239795 18247087 18258178 18269262 18281397 18301263 18312678 18391507 18402888 18406622 18442894 18460854 18497497 18499012 18557448 18559445 18604510 18621945 18628769 18680847 18691494 18699208 18704291 18710031 18731529 18752726 18754728 18814878 18818095 18850958 18906478 18982378 19012615 19338042 19431493 19471181 19533093 19564474 19572909 19599271 19602429 19685572 19746341 19920360 20096335 20192882 20212448 20466813 20545925 20567743 20628420 20660146 20660609 20685484 20686153 20698002 20764205 20851240 21132950 21158774 21179890 21182196 21224776 21225270 21266715 21318183 21367818 21372803 21404596 21460496 21507883 21544692 21546828 21566395 21665419 21703120 21781176 21812771 21816096 21832608 21908076 22091828 22119456 22141824 22164330 22203887 22289075 22490140 22539801 22660345 22660932 22982474 22992918 23014496 23033582 23111457 23126646 23130098 23166140 23197604 23219980 23331830 23388683 23406304 23500913 23547843 23584959 23594701 23664028 23789698 23992198 24165974 24167147 24865454 24908830 24990215 25003235 25054164 25065717 25127831 25159698 25274451 25276905 25294886 25911549 26089676 26104299 26287569 26334426 26474694 26590781 26618577 26835100 26850477 27067218 27413705 27426996 27845072 27890540 27961877 28108567 28115822 28130246 28166828 28377117 28578596 28584787 28612042 28658384 28936770 29046105 29097048 29529143 29767444 29807370 29827578 30010982 30025767 30059550 30146922 30175166 30178173 30204846 30272314 30705248 30924802 31036345 31152881 31269851 31310594 31503269 32059102 32428493 32503018 32629751 33014475 33063845 33369174 33617885 33815302 34244176 34323672 34343816 34356968 34737705 34904126 34932133 34983319 35301479 35402203 35476723 35796925 35798802 36217004 36380897 36480743 37680820 38164856 38186171 38329264 38338308 38388028 38488854 39001459 39528744 39616153 39815230 40300225 40486003 41721520 41871789 41905057 42630325 42654335 42659612 42793960 42929595 43155565 43613550 43746845 44203387 44497235 45051485 45085003 45334322 45617989 45914093 46360075 46476708 46529685 46668984 47507850 47951693 47986482 48497316 48663963 49115842 49472317 49620984 50387743 50638723 50718249 50832208 51096590 51466642 51527704 52162223 53257111 56712219 57102394 57689706 59580078 60321100 61510388 61628815 63314023 63614805 63728431 64387245 66395780 68452697 68696417 68839777 69577964 69648081 70267806 70474548 72615435 72627052 72725104 74250663 75423477 76416892 76424904 76488224 77042833 77750391 78634066 79287934 80979157 81453802 82109274 83602448 83897393 86239624 86272337 86843948 87478288 87795802 88435810 89595069 89856317 90058548 90964504 92513185 93730653 95998018 96585127 96779857 99536748 101551148 102524769 102747321 103585065 103944737 104289815 104893393 105203822 106491960 106783888 107462003 107639543 108136710 109595020 110812554 110821538 112869554 113979106 114519095 114767953 115575220 117016997 117477071 118132028 118557729 119127201 119480392 119546373 119777563 120174685 120900736 123437271 124473570 125745997 126362262 130974356 131070862 131979670 132977590 134156687 137717770 140591488 140827994 140935817 141357881 141527434 143879476 144892029 145361923 155394436 156985004 158788474 162886404 164830389 167488325 167686055 170101646 171519363 171995715 174811472 177234194 185002853 186957019 187594795 195440552 196671715 197948154 197962366 198911524 199015109 199400238 201515262 201835381 203137786 204632531 207669798 209789811 210785308 211556899 219979539 221485597 221749521 222128283 222268976 237220110 239221322 241164164 242821748 246191415 246913322 249415812 253953257 256172796 261947295 265427614 266389364 273004438 
#module 100 size: 242 bs: 0.0682457
989 1081 1398 1688 2185 3840 4030 11489 11752 11848 12696 12916 13348 13407 50193 57203 62783 66993 636843 651543 683113 688483 703953 772681 782354 787611 788673 788863 804904 815897 818340 824157 824211 833071 923541 1040391 1042631 1048931 1246421 1380711 1394361 1630261 1639601 1717291 1797291 2148071 3265101 3303571 3376281 3452941 3460751 3954581 4554681 5024061 5238371 5402752 5408012 5489202 5531562 5957552 6065942 6219652 6302382 6486742 6708952 6814492 6911662 6944372 7144182 7277852 7278032 7282132 7480172 7865552 8039442 8092472 8132322 8261762 8348782 8466962 8476602 8925602 9074582 9244262 9324442 9413702 9468972 9562272 9813282 9831802 9961332 10284332 10284472 10650562 10876852 10921672 10952962 11069462 11148742 12070672 12294192 12795662 12834972 12852572 13140132 13438712 13578412 14015762 14063033 14083627 14090906 14095473 14110654 14180249 14198011 14263141 14277276 14320024 14327478 14332565 14390076 14416798 14426771 14433757 14437914 14471522 14500374 14523408 14529013 14547107 14582352 14607461 14643996 14680596 14697711 14707115 14908932 14943648 15002220 15050305 15063931 15064389 15067045 15073882 15076390 15126651 15149632 15237935 15270963 15462987 15469101 15476915 15479484 15538795 15631770 15862839 15865260 15924411 15936194 15947897 16120265 16222945 16248619 16332052 16381178 16407837 16592620 16731359 16911564 17168493 17578918 17844404 17976577 18041438 18162777 18204677 18300176 18370656 19079941 19542974 19575406 19639071 19996935 20025220 20593866 20609319 20696032 21069098 21575880 22301442 22387220 23898238 24420867 24553362 25160944 25513646 25752513 26943860 28117912 29802611 31536253 32718488 37922200 39341556 41250334 46670048 47712248 48123021 50686513 53311224 58563977 60642052 64122735 68552069 70190484 70751508 80794949 88061302 93837236 115087202 118769820 119395435 123963067 128361193 129878110 131607538 133480857 141004777 145662065 153997237 156407255 159163111 171669403 214788442 216838986 229543786 233306179 236550275 238819163 244404903 257664564 263852695 
#module 101 size: 1 bs: 1
91198297 
#module 102 size: 1 bs: 1
22577042 
#module 103 size: 1 bs: 1
18594996 
#module 104 size: 1 bs: 1
258934913 
#module 105 size: 1 bs: 1
26681326 
#module 106 size: 1 bs: 1
18276100 
#module 107 size: 1 bs: 1
47938142 
#module 108 size: 1 bs: 1
87615535 
#module 109 size: 1 bs: 1
18536826 
#module 110 size: 1 bs: 1
20649770 
#module 111 size: 1 bs: 1
101686868 
#module 112 size: 1 bs: 1
224138450 
#module 113 size: 1 bs: 1
12350902 
#module 114 size: 1 bs: 1
14493526 
#module 115 size: 1 bs: 1
67090241 
#module 116 size: 1 bs: 1
19377400 
#module 117 size: 1 bs: 1
18706144 
#module 118 size: 1 bs: 1
15044300 
#module 119 size: 1 bs: 1
248037849 
#module 120 size: 1 bs: 1
28733900 
#module 121 size: 1 bs: 1
62865525 
#module 122 size: 1 bs: 1
22965779 
#module 123 size: 1 bs: 1
20148513 
#module 124 size: 1 bs: 1
49814392 
#module 125 size: 1 bs: 1
19801665 
#module 126 size: 1 bs: 1
94561549 
#module 127 size: 1 bs: 1
16382820 
#module 128 size: 1 bs: 1
30145166 
#module 129 size: 1 bs: 1
16880685 
#module 130 size: 1 bs: 1
16395482 
#module 131 size: 1 bs: 1
29707246 
#module 132 size: 1 bs: 1
74613440 
#module 133 size: 1 bs: 1
29724162 
#module 134 size: 1 bs: 1
20319730 
#module 135 size: 1 bs: 1
24803181 
#module 136 size: 1 bs: 1
14372059 
#module 137 size: 1 bs: 1
27011541 
#module 138 size: 1 bs: 1
242860285 
#module 139 size: 1 bs: 1
126492276 
#module 140 size: 1 bs: 1
55221570 
#module 141 size: 1 bs: 1
100111917 
#module 142 size: 1 bs: 1
83938774 
#module 143 size: 1 bs: 1
58818905 
#module 144 size: 1 bs: 1
112938012 
#module 145 size: 1 bs: 1
36279515 
#module 146 size: 1 bs: 1
78906196 
#module 147 size: 1 bs: 1
150830257 
#module 148 size: 1 bs: 1
19187122 
#module 149 size: 1 bs: 1
60449169 
#module 150 size: 1 bs: 1
87870915 
#module 151 size: 1 bs: 1
128023725 
#module 152 size: 1 bs: 1
15975681 
#module 153 size: 1 bs: 1
15098639 
#module 154 size: 1 bs: 1
17415305 
#module 155 size: 1 bs: 1
29943167 
#module 156 size: 1 bs: 1
210666689 
#module 157 size: 1 bs: 1
17676599 
#module 158 size: 1 bs: 1
116994547 
#module 159 size: 1 bs: 1
124670621 
#module 160 size: 1 bs: 1
111701523 
#module 161 size: 1 bs: 1
18642642 
#module 162 size: 1 bs: 1
55391997 
#module 163 size: 1 bs: 1
16208408 
#module 164 size: 1 bs: 1
262312950 
#module 165 size: 1 bs: 1
18098819 
#module 166 size: 1 bs: 1
18939822 
#module 167 size: 1 bs: 1
76000222 
#module 168 size: 1 bs: 1
18857922 
#module 169 size: 1 bs: 1
105394663 
#module 170 size: 1 bs: 1
66480892 
#module 171 size: 1 bs: 1
20057454 
#module 172 size: 1 bs: 1
33327241 
#module 173 size: 1 bs: 1
42680682 
#module 174 size: 1 bs: 1
124252576 
#module 175 size: 1 bs: 1
27077432 
#module 176 size: 1 bs: 1
42934309 
#module 177 size: 1 bs: 1
110178946 
#module 178 size: 1 bs: 1
13102262 
#module 179 size: 1 bs: 1
19935490 
#module 180 size: 1 bs: 1
38194364 
#module 181 size: 1 bs: 1
116873115 
#module 182 size: 1 bs: 1
34676616 
#module 183 size: 1 bs: 1
18431771 
#module 184 size: 1 bs: 1
7205122 
#module 185 size: 1 bs: 1
159929295 
#module 186 size: 1 bs: 1
179964691 
#module 187 size: 1 bs: 1
91191989 
#module 188 size: 1 bs: 1
21303464 
#module 189 size: 1 bs: 1
16044729 
#module 190 size: 1 bs: 1
178817507 
#module 191 size: 1 bs: 1
94797309 
#module 192 size: 1 bs: 1
90577798 
#module 193 size: 1 bs: 1
14436072 
#module 194 size: 1 bs: 1
183781511 
#module 195 size: 1 bs: 1
19694104 
#module 196 size: 1 bs: 1
14631638 
#module 197 size: 1 bs: 1
15643370 
#module 198 size: 1 bs: 1
18948706 
#module 199 size: 1 bs: 1
170777800 
#module 200 size: 1 bs: 1
14251373 
#module 201 size: 1 bs: 1
131847507 
#module 202 size: 1 bs: 1
30791761 
#module 203 size: 1 bs: 1
143613967 
#module 204 size: 1 bs: 1
176994614 
#module 205 size: 1 bs: 1
19468364 
#module 206 size: 1 bs: 1
47470276 
#module 207 size: 1 bs: 1
18507199 
#module 208 size: 1 bs: 1
22830586 
#module 209 size: 1 bs: 1
18576979 
#module 210 size: 1 bs: 1
165418860 
#module 211 size: 1 bs: 1
14919201 
#module 212 size: 1 bs: 1
48096690 
#module 213 size: 1 bs: 1
16733141 
#module 214 size: 1 bs: 1
35769941 
#module 215 size: 1 bs: 1
25570524 
#module 216 size: 1 bs: 1
16290327 
#module 217 size: 1 bs: 1
51253969 
#module 218 size: 1 bs: 1
81655538 
#module 219 size: 1 bs: 1
42601947 
#module 220 size: 1 bs: 1
14236479 
#module 221 size: 1 bs: 1
42668060 
#module 222 size: 1 bs: 1
150618868 
#module 223 size: 1 bs: 1
163424898 
#module 224 size: 1 bs: 1
122477485 
#module 225 size: 1 bs: 1
159791993 
#module 226 size: 1 bs: 1
191609459 
#module 227 size: 1 bs: 1
181800245 
#module 228 size: 1 bs: 1
17781217 
#module 229 size: 1 bs: 1
14153491 
#module 230 size: 1 bs: 1
97551846 
#module 231 size: 1 bs: 1
221160429 
#module 232 size: 1 bs: 1
112443324 
#module 233 size: 1 bs: 1
29135440 
#module 234 size: 1 bs: 1
78570188 
#module 235 size: 1 bs: 1
261344536 
#module 236 size: 1 bs: 1
23953237 
#module 237 size: 1 bs: 1
50225755 
#module 238 size: 1 bs: 1
19828667 
#module 239 size: 1 bs: 1
19203457 
#module 240 size: 1 bs: 1
34278049 
#module 241 size: 1 bs: 1
25799963 
#module 242 size: 1 bs: 1
17528356 
#module 243 size: 1 bs: 1
171994706 
#module 244 size: 1 bs: 1
84843976 
#module 245 size: 1 bs: 1
39897996 
#module 246 size: 1 bs: 1
71530623 
#module 247 size: 1 bs: 1
7044252 
#module 248 size: 1 bs: 1
235324659 
#module 249 size: 1 bs: 1
58904655 
#module 250 size: 1 bs: 1
128968339 
#module 251 size: 1 bs: 1
34486207 
#module 252 size: 1 bs: 1
16272356 
#module 253 size: 1 bs: 1
94945000 
#module 254 size: 1 bs: 1
234318173 
#module 255 size: 1 bs: 1
34534533 
#module 256 size: 1 bs: 1
129899561 
#module 257 size: 1 bs: 1
18630708 
#module 258 size: 1 bs: 1
110986584 
#module 259 size: 1 bs: 1
15130462 
#module 260 size: 1 bs: 1
191964962 
#module 261 size: 1 bs: 1
19673977 
#module 262 size: 1 bs: 1
127659721 
#module 263 size: 1 bs: 1
224809136 
#module 264 size: 1 bs: 1
243914859 
#module 265 size: 1 bs: 1
96889262 
#module 266 size: 1 bs: 1
255234205 
#module 267 size: 1 bs: 1
149729022 
#module 268 size: 1 bs: 1
271127683 
#module 269 size: 1 bs: 1
107500136 
#module 270 size: 1 bs: 1
220020817 
#module 271 size: 1 bs: 1
179549579 
#module 272 size: 1 bs: 1
207553661 
#module 273 size: 1 bs: 1
19631582 
#module 274 size: 1 bs: 1
94776307 
#module 275 size: 1 bs: 1
208687668 
#module 276 size: 1 bs: 1
16864988 
#module 277 size: 1 bs: 1
22753132 
#module 278 size: 1 bs: 1
199503098 
#module 279 size: 1 bs: 1
172107130 
#module 280 size: 1 bs: 1
58845411 
#module 281 size: 1 bs: 1
165404712 
#module 282 size: 1 bs: 1
53444887 
#module 283 size: 1 bs: 1
19291590 
#module 284 size: 1 bs: 1
23958589 
#module 285 size: 1 bs: 1
21554226 
#module 286 size: 1 bs: 1
17981089 
#module 287 size: 1 bs: 1
21587937 
#module 288 size: 1 bs: 1
15117717 
#module 289 size: 1 bs: 1
32182277 
#module 290 size: 1 bs: 1
91462853 
#module 291 size: 1 bs: 1
60654941 
#module 292 size: 1 bs: 1
253349591 
#module 293 size: 1 bs: 1
44458662 
#module 294 size: 1 bs: 1
36997036 
#module 295 size: 1 bs: 1
191663507 
#module 296 size: 1 bs: 1
105235681 
#module 297 size: 1 bs: 1
72084922 
#module 298 size: 1 bs: 1
70706453 
#module 299 size: 1 bs: 1
19709448 
#module 300 size: 1 bs: 1
30761217 
#module 301 size: 1 bs: 1
10044022 
#module 302 size: 1 bs: 1
15803220 
#module 303 size: 1 bs: 1
255349187 
#module 304 size: 1 bs: 1
83393956 
#module 305 size: 1 bs: 1
14462781 
#module 306 size: 1 bs: 1
205007756 
#module 307 size: 1 bs: 1
107232730 
#module 308 size: 1 bs: 1
19374805 
#module 309 size: 1 bs: 1
198699773 
#module 310 size: 1 bs: 1
47785927 
#module 311 size: 1 bs: 1
179054464 
#module 312 size: 1 bs: 1
33872783 
#module 313 size: 1 bs: 1
14616050 
#module 314 size: 1 bs: 1
185124947 
#module 315 size: 1 bs: 1
37076569 
#module 316 size: 1 bs: 1
51222676 
#module 317 size: 1 bs: 1
33213349 
#module 318 size: 1 bs: 1
145530134 
#module 319 size: 1 bs: 1
217574343 
#module 320 size: 1 bs: 1
22277113 
#module 321 size: 1 bs: 1
257522681 
#module 322 size: 1 bs: 1
117147872 
#module 323 size: 1 bs: 1
20918359 
#module 324 size: 1 bs: 1
14051193 
#module 325 size: 1 bs: 1
220885006 
#module 326 size: 1 bs: 1
217181024 
#module 327 size: 1 bs: 1
90325437 
#module 328 size: 1 bs: 1
60181596 
#module 329 size: 1 bs: 1
17421818 
#module 330 size: 1 bs: 1
17301889 
#module 331 size: 1 bs: 1
18189305 
#module 332 size: 1 bs: 1
228561093 
#module 333 size: 1 bs: 1
36230769 
#module 334 size: 1 bs: 1
18530171 
#module 335 size: 1 bs: 1
126150918 
#module 336 size: 1 bs: 1
22200186 
#module 337 size: 1 bs: 1
270021070 
#module 338 size: 1 bs: 1
69605342 
#module 339 size: 1 bs: 1
45526985 
#module 340 size: 1 bs: 1
130893745 
#module 341 size: 1 bs: 1
28784606 
#module 342 size: 1 bs: 1
86188413 
#module 343 size: 1 bs: 1
26730532 
#module 344 size: 1 bs: 1
50408030 
#module 345 size: 1 bs: 1
22513467 
#module 346 size: 1 bs: 1
186426532 
#module 347 size: 1 bs: 1
16217220 
#module 348 size: 1 bs: 1
14100617 
#module 349 size: 1 bs: 1
59539942 
#module 350 size: 1 bs: 1
168517618 
#module 351 size: 1 bs: 1
16799649 
#module 352 size: 1 bs: 1
243321948 
#module 353 size: 1 bs: 1
20660925 
#module 354 size: 1 bs: 1
69780518 
#module 355 size: 1 bs: 1
131862233 
#module 356 size: 1 bs: 1
173871192 
#module 357 size: 1 bs: 1
37896600 
#module 358 size: 1 bs: 1
215370565 
#module 359 size: 1 bs: 1
196102552 
#module 360 size: 1 bs: 1
91117627 
#module 361 size: 1 bs: 1
123614628 
#module 362 size: 1 bs: 1
257636956 
#module 363 size: 1 bs: 1
98200411 
#module 364 size: 1 bs: 1
17387554 
#module 365 size: 1 bs: 1
65681735 
#module 366 size: 1 bs: 1
74622096 
#module 367 size: 1 bs: 1
13062502 
#module 368 size: 1 bs: 1
243431726 
#module 369 size: 1 bs: 1
207205591 
#module 370 size: 1 bs: 1
20813611 
#module 371 size: 1 bs: 1
198380384 
#module 372 size: 1 bs: 1
21321994 
#module 373 size: 1 bs: 1
260518040 
#module 374 size: 1 bs: 1
121271356 
#module 375 size: 1 bs: 1
130302239 
#module 376 size: 1 bs: 1
190722777 
#module 377 size: 1 bs: 1
46138858 
#module 378 size: 1 bs: 1
15229127 
#module 379 size: 1 bs: 1
149075605 
#module 380 size: 1 bs: 1
249956612 
#module 381 size: 1 bs: 1
193362884 
#module 382 size: 1 bs: 1
181217649 
#module 383 size: 1 bs: 1
87590534 
#module 384 size: 1 bs: 1
47300233 
#module 385 size: 1 bs: 1
98025022 
#module 386 size: 1 bs: 1
95277355 
#module 387 size: 1 bs: 1
24133831 
#module 388 size: 1 bs: 1
19396560 
#module 389 size: 1 bs: 1
18829156 
#module 390 size: 1 bs: 1
19245279 
#module 391 size: 1 bs: 1
62509229 
#module 392 size: 1 bs: 1
4583971 
#module 393 size: 1 bs: 1
177719652 
#module 394 size: 1 bs: 1
269889901 
#module 395 size: 1 bs: 1
82112778 
#module 396 size: 1 bs: 1
258721812 
#module 397 size: 1 bs: 1
271745209 
#module 398 size: 1 bs: 1
21625207 
#module 399 size: 1 bs: 1
27050983 
#module 400 size: 1 bs: 1
18375249 
#module 401 size: 1 bs: 1
172341029 
#module 402 size: 1 bs: 1
63073975 
#module 403 size: 1 bs: 1
185670728 
#module 404 size: 1 bs: 1
46958309 
#module 405 size: 1 bs: 1
16533239 
#module 406 size: 1 bs: 1
98964742 
#module 407 size: 1 bs: 1
17042374 
#module 408 size: 1 bs: 1
41172680 
#module 409 size: 1 bs: 1
49216076 
#module 410 size: 1 bs: 1
145196076 
#module 411 size: 1 bs: 1
227153602 
#module 412 size: 1 bs: 1
25478876 
#module 413 size: 1 bs: 1
24481863 
#module 414 size: 1 bs: 1
167637074 
#module 415 size: 1 bs: 1
203003361 
#module 416 size: 1 bs: 1
26900011 
#module 417 size: 1 bs: 1
5024371 
#module 418 size: 1 bs: 1
53466911 
#module 419 size: 1 bs: 1
88541027 
#module 420 size: 1 bs: 1
18660690 
#module 421 size: 1 bs: 1
209588239 
#module 422 size: 1 bs: 1
8384912 
#module 423 size: 1 bs: 1
172225488 
#module 424 size: 1 bs: 1
14139584 
#module 425 size: 1 bs: 1
83379102 
#module 426 size: 1 bs: 1
101894696 
#module 427 size: 1 bs: 1
53091022 
#module 428 size: 1 bs: 1
73112424 
#module 429 size: 1 bs: 1
44693348 
#module 430 size: 1 bs: 1
242093844 
#module 431 size: 1 bs: 1
140869994 
#module 432 size: 1 bs: 1
116488585 
#module 433 size: 1 bs: 1
240551046 
#module 434 size: 1 bs: 1
22046753 
#module 435 size: 1 bs: 1
13539592 
#module 436 size: 1 bs: 1
261894735 
#module 437 size: 1 bs: 1
14192412 
#module 438 size: 1 bs: 1
18385897 
#module 439 size: 1 bs: 1
15614315 
#module 440 size: 1 bs: 1
31634255 
#module 441 size: 1 bs: 1
42140354 
#module 442 size: 1 bs: 1
38194761 
#module 443 size: 1 bs: 1
15455358 
#module 444 size: 1 bs: 1
82911157 
#module 445 size: 1 bs: 1
181301357 
#module 446 size: 1 bs: 1
17446886 
#module 447 size: 1 bs: 1
91894424 
#module 448 size: 1 bs: 1
5513352 
#module 449 size: 1 bs: 1
62619975 
#module 450 size: 1 bs: 1
88498786 
#module 451 size: 1 bs: 1
197178807 
#module 452 size: 1 bs: 1
21229200 
#module 453 size: 1 bs: 1
21587712 
#module 454 size: 1 bs: 1
176225740 
#module 455 size: 1 bs: 1
205361935 
#module 456 size: 1 bs: 1
118278304 
#module 457 size: 1 bs: 1
50663525 
#module 458 size: 1 bs: 1
210427069 
#module 459 size: 1 bs: 1
263031010 
#module 460 size: 1 bs: 1
15687170 
#module 461 size: 1 bs: 1
1308101 
#module 462 size: 1 bs: 1
232603412 
#module 463 size: 1 bs: 1
9335042 
#module 464 size: 1 bs: 1
14125005 
#module 465 size: 1 bs: 1
258731466 
#module 466 size: 1 bs: 1
58561993 
#module 467 size: 1 bs: 1
18213932 
#module 468 size: 1 bs: 1
117022831 
#module 469 size: 1 bs: 1
3432881 
#module 470 size: 1 bs: 1
217541234 
#module 471 size: 1 bs: 1
95044697 
#module 472 size: 1 bs: 1
13222192 
#module 473 size: 1 bs: 1
124028136 
#module 474 size: 1 bs: 1
16278038 
#module 475 size: 1 bs: 1
119220971 
#module 476 size: 1 bs: 1
196281219 
#module 477 size: 1 bs: 1
1120601 
#module 478 size: 1 bs: 1
10334122 
#module 479 size: 1 bs: 1
238299492 
#module 480 size: 1 bs: 1
122493098 
#module 481 size: 1 bs: 1
44564343 
#module 482 size: 1 bs: 1
20590490 
#module 483 size: 1 bs: 1
16191771 
#module 484 size: 1 bs: 1
164338516 
#module 485 size: 1 bs: 1
18526308 
#module 486 size: 1 bs: 1
208582686 
#module 487 size: 1 bs: 1
51319087 
#module 488 size: 1 bs: 1
18059231 
#module 489 size: 1 bs: 1
129682105 
#module 490 size: 1 bs: 1
267924448 
#module 491 size: 1 bs: 1
213288408 
#module 492 size: 1 bs: 1
182105219 
#module 493 size: 1 bs: 1
48737785 
#module 494 size: 1 bs: 1
118644821 
#module 495 size: 1 bs: 1
10768282 
#module 496 size: 1 bs: 1
22052924 
#module 497 size: 1 bs: 1
19783137 
#module 498 size: 1 bs: 1
14516697 
#module 499 size: 1 bs: 1
167492987 
#module 500 size: 1 bs: 1
120185625 
#module 501 size: 1 bs: 1
251425066 
#module 502 size: 1 bs: 1
62187962 
#module 503 size: 1 bs: 1
51695698 
#module 504 size: 1 bs: 1
74003363 
#module 505 size: 1 bs: 1
142169165 
#module 506 size: 1 bs: 1
267519951 
#module 507 size: 1 bs: 1
191807566 
#module 508 size: 1 bs: 1
131390753 
#module 509 size: 1 bs: 1
21746170 
#module 510 size: 1 bs: 1
232573485 
#module 511 size: 1 bs: 1
7614052 
#module 512 size: 1 bs: 1
172592448 
#module 513 size: 1 bs: 1
90932230 
#module 514 size: 1 bs: 1
92074551 
#module 515 size: 1 bs: 1
70004519 
#module 516 size: 1 bs: 1
108811740 
#module 517 size: 1 bs: 1
16951443 
#module 518 size: 1 bs: 1
211774252 
#module 519 size: 1 bs: 1
18500852 
#module 520 size: 1 bs: 1
69971262 
#module 521 size: 1 bs: 1
94574028 
#module 522 size: 1 bs: 1
28901886 
#module 523 size: 1 bs: 1
156693720 
#module 524 size: 1 bs: 1
43171018 
#module 525 size: 1 bs: 1
161783675 
#module 526 size: 1 bs: 1
42300348 
#module 527 size: 1 bs: 1
218902597 
#module 528 size: 1 bs: 1
14335761 
#module 529 size: 1 bs: 1
252760820 
#module 530 size: 1 bs: 1
30955860 
#module 531 size: 1 bs: 1
165494539 
#module 532 size: 1 bs: 1
65604392 
#module 533 size: 1 bs: 1
126979577 
#module 534 size: 1 bs: 1
37645675 
#module 535 size: 1 bs: 1
28765331 
#module 536 size: 1 bs: 1
191241796 
#module 537 size: 1 bs: 1
183182089 
#module 538 size: 1 bs: 1
107749539 
#module 539 size: 1 bs: 1
101911812 
#module 540 size: 1 bs: 1
35929320 
#module 541 size: 1 bs: 1
174095086 
#module 542 size: 1 bs: 1
125090401 
#module 543 size: 1 bs: 1
185477564 
#module 544 size: 1 bs: 1
7901042 
#module 545 size: 1 bs: 1
165482352 
#module 546 size: 1 bs: 1
13362422 
#module 547 size: 1 bs: 1
7159752 
#module 548 size: 1 bs: 1
19006260 
#module 549 size: 1 bs: 1
16362662 
#module 550 size: 1 bs: 1
53962656 
#module 551 size: 1 bs: 1
208920761 
#module 552 size: 1 bs: 1
79666388 
#module 553 size: 1 bs: 1
33877371 
#module 554 size: 1 bs: 1
43321377 
#module 555 size: 1 bs: 1
269130040 
#module 556 size: 1 bs: 1
203871835 
#module 557 size: 1 bs: 1
120765039 
#module 558 size: 1 bs: 1
7737642 
#module 559 size: 1 bs: 1
136772862 
#module 560 size: 1 bs: 1
136758945 
#module 561 size: 1 bs: 1
21889071 
#module 562 size: 1 bs: 1
183859873 
#module 563 size: 1 bs: 1
189758673 
#module 564 size: 1 bs: 1
261598031 
#module 565 size: 1 bs: 1
119297816 
#module 566 size: 1 bs: 1
252782082 
#module 567 size: 1 bs: 1
107093676 
#module 568 size: 1 bs: 1
148425035 
#module 569 size: 1 bs: 1
29911860 
#module 570 size: 1 bs: 1
33870680 
#module 571 size: 1 bs: 1
150956563 
#module 572 size: 1 bs: 1
97481194 
#module 573 size: 1 bs: 1
39653094 
#module 574 size: 1 bs: 1
102067385 
#module 575 size: 1 bs: 1
195007168 
#module 576 size: 1 bs: 1
7314152 
#module 577 size: 1 bs: 1
227838448 
#module 578 size: 1 bs: 1
81367143 
#module 579 size: 1 bs: 1
14850221 
#module 580 size: 1 bs: 1
89554626 
#module 581 size: 1 bs: 1
273206322 
#module 582 size: 1 bs: 1
182562771 
#module 583 size: 1 bs: 1
14852158 
#module 584 size: 1 bs: 1
95912884 
#module 585 size: 1 bs: 1
25887809 
#module 586 size: 1 bs: 1
15979153 
#module 587 size: 1 bs: 1
241321163 
#module 588 size: 1 bs: 1
90803319 
#module 589 size: 1 bs: 1
106110915 
#module 590 size: 1 bs: 1
112478283 
#module 591 size: 1 bs: 1
131370098 
#module 592 size: 1 bs: 1
14324944 
#module 593 size: 1 bs: 1
15294706 
#module 594 size: 1 bs: 1
89202951 
#module 595 size: 1 bs: 1
185158668 
#module 596 size: 1 bs: 1
16510194 
#module 597 size: 1 bs: 1
42284908 
#module 598 size: 1 bs: 1
218567695 
#module 599 size: 1 bs: 1
168426262 
#module 600 size: 1 bs: 1
266278152 
#module 601 size: 1 bs: 1
24257957 
#module 602 size: 1 bs: 1
16888514 
#module 603 size: 1 bs: 1
28039217 
#module 604 size: 1 bs: 1
57187935 
#module 605 size: 1 bs: 1
22878414 
#module 606 size: 1 bs: 1
17334372 
#module 607 size: 1 bs: 1
242551935 
#module 608 size: 1 bs: 1
18254895 
#module 609 size: 1 bs: 1
163894281 
#module 610 size: 1 bs: 1
19065393 
#module 611 size: 1 bs: 1
265500964 
#module 612 size: 1 bs: 1
20632381 
#module 613 size: 1 bs: 1
84201313 
#module 614 size: 1 bs: 1
10730842 
#module 615 size: 1 bs: 1
84043516 
#module 616 size: 1 bs: 1
15734531 
#module 617 size: 1 bs: 1
225390538 
#module 618 size: 1 bs: 1
262226916 
#module 619 size: 1 bs: 1
69124203 
#module 620 size: 1 bs: 1
19703385 
#module 621 size: 1 bs: 1
16278276 
#module 622 size: 1 bs: 1
19656274 
#module 623 size: 1 bs: 1
271625895 
#module 624 size: 1 bs: 1
14934063 
#module 625 size: 1 bs: 1
84430599 
#module 626 size: 1 bs: 1
142415173 
#module 627 size: 1 bs: 1
33085590 
#module 628 size: 1 bs: 1
119526244 
#module 629 size: 1 bs: 1
238760716 
#module 630 size: 1 bs: 1
48476949 
#module 631 size: 1 bs: 1
80621298 
#module 632 size: 1 bs: 1
800735 
#module 633 size: 1 bs: 1
112762523 
#module 634 size: 1 bs: 1
41188469 
#module 635 size: 1 bs: 1
22790425 
#module 636 size: 1 bs: 1
25512025 
#module 637 size: 1 bs: 1
26001722 
#module 638 size: 1 bs: 1
85251925 
#module 639 size: 1 bs: 1
19264339 
#module 640 size: 1 bs: 1
103655819 
#module 641 size: 1 bs: 1
90195278 
#module 642 size: 1 bs: 1
49233038 
#module 643 size: 1 bs: 1
14096096 
#module 644 size: 1 bs: 1
30455734 
#module 645 size: 1 bs: 1
23225823 
#module 646 size: 1 bs: 1
233965578 
#module 647 size: 1 bs: 1
40937566 
#module 648 size: 1 bs: 1
84623393 
#module 649 size: 1 bs: 1
63009240 
#module 650 size: 1 bs: 1
237752191 
#module 651 size: 1 bs: 1
14393904 
#module 652 size: 1 bs: 1
77939719 
#module 653 size: 1 bs: 1
80449471 
#module 654 size: 1 bs: 1
1045701 
#module 655 size: 1 bs: 1
55533136 
#module 656 size: 1 bs: 1
250246958 
#module 657 size: 1 bs: 1
15110531 
#module 658 size: 1 bs: 1
89026913 
#module 659 size: 1 bs: 1
54330827 
#module 660 size: 1 bs: 1
88677841 
#module 661 size: 1 bs: 1
14528817 
#module 662 size: 1 bs: 1
61485121 
#module 663 size: 1 bs: 1
92711494 
#module 664 size: 1 bs: 1
252371425 
#module 665 size: 1 bs: 1
139535000 
#module 666 size: 1 bs: 1
24419425 
#module 667 size: 1 bs: 1
19399298 
#module 668 size: 1 bs: 1
6021422 
#module 669 size: 1 bs: 1
20380789 
#module 670 size: 1 bs: 1
8518862 
#module 671 size: 1 bs: 1
35152869 
#module 672 size: 1 bs: 1
104733034 
#module 673 size: 1 bs: 1
16857066 
#module 674 size: 1 bs: 1
767715 
#module 675 size: 1 bs: 1
16410954 
#module 676 size: 1 bs: 1
4182751 
#module 677 size: 1 bs: 1
23792216 
#module 678 size: 1 bs: 1
47613125 
#module 679 size: 1 bs: 1
178197920 
#module 680 size: 1 bs: 1
20444463 
#module 681 size: 1 bs: 1
18233716 
#module 682 size: 1 bs: 1
139984101 
#module 683 size: 1 bs: 1
78212056 
#module 684 size: 1 bs: 1
68939290 
#module 685 size: 1 bs: 1
260620672 
#module 686 size: 1 bs: 1
6426552 
#module 687 size: 1 bs: 1
263448462 
#module 688 size: 1 bs: 1
263588145 
#module 689 size: 1 bs: 1
40448583 
#module 690 size: 1 bs: 1
260108644 
#module 691 size: 1 bs: 1
247498484 
#module 692 size: 1 bs: 1
246061882 
#module 693 size: 1 bs: 1
19471190 
#module 694 size: 1 bs: 1
19241200 
#module 695 size: 1 bs: 1
94358525 
#module 696 size: 1 bs: 1
94878320 
#module 697 size: 1 bs: 1
41305840 
#module 698 size: 1 bs: 1
241041897 
#module 699 size: 1 bs: 1
35960388 
#module 700 size: 1 bs: 1
228636294 
#module 701 size: 1 bs: 1
17898705 
#module 702 size: 1 bs: 1
241808450 
#module 703 size: 1 bs: 1
26432499 
#module 704 size: 1 bs: 1
139063272 
#module 705 size: 1 bs: 1
104332218 
#module 706 size: 1 bs: 1
24791281 
#module 707 size: 1 bs: 1
152479960 
#module 708 size: 1 bs: 1
269082797 
#module 709 size: 1 bs: 1
83719783 
#module 710 size: 1 bs: 1
40007151 
#module 711 size: 1 bs: 1
38202628 
#module 712 size: 1 bs: 1
61421779 
#module 713 size: 1 bs: 1
41291640 
#module 714 size: 1 bs: 1
25419816 
#module 715 size: 1 bs: 1
106540670 
#module 716 size: 1 bs: 1
160628707 
#module 717 size: 1 bs: 1
38851140 
#module 718 size: 1 bs: 1
102568475 
#module 719 size: 1 bs: 1
157645081 
#module 720 size: 1 bs: 1
259733469 
#module 721 size: 1 bs: 1
193689467 
#module 722 size: 1 bs: 1
179138607 
#module 723 size: 1 bs: 1
106727127 
#module 724 size: 1 bs: 1
14050006 
#module 725 size: 1 bs: 1
34033504 
#module 726 size: 1 bs: 1
96756546 
#module 727 size: 1 bs: 1
184495064 
#module 728 size: 1 bs: 1
259505321 
#module 729 size: 1 bs: 1
23664655 
#module 730 size: 1 bs: 1
128040590 
#module 731 size: 1 bs: 1
197538143 
#module 732 size: 1 bs: 1
37396821 
#module 733 size: 1 bs: 1
97361708 
#module 734 size: 1 bs: 1
211421505 
#module 735 size: 1 bs: 1
137937174 
#module 736 size: 1 bs: 1
197216839 
#module 737 size: 1 bs: 1
243691549 
#module 738 size: 1 bs: 1
26374989 
#module 739 size: 1 bs: 1
97515361 
#module 740 size: 1 bs: 1
245634968 
#module 741 size: 1 bs: 1
18664956 
#module 742 size: 1 bs: 1
178368272 
#module 743 size: 1 bs: 1
116690967 
#module 744 size: 1 bs: 1
235482531 
#module 745 size: 1 bs: 1
219265469 
#module 746 size: 1 bs: 1
64624131 
#module 747 size: 1 bs: 1
182686614 
#module 748 size: 1 bs: 1
64847676 
#module 749 size: 1 bs: 1
57600394 
#module 750 size: 1 bs: 1
20842354 
#module 751 size: 1 bs: 1
124009190 
#module 752 size: 1 bs: 1
147595464 
#module 753 size: 1 bs: 1
228085717 
#module 754 size: 1 bs: 1
19707468 
#module 755 size: 1 bs: 1
227818834 
#module 756 size: 1 bs: 1
88342470 
#module 757 size: 1 bs: 1
39657206 
#module 758 size: 1 bs: 1
33648595 
#module 759 size: 1 bs: 1
243768368 
#module 760 size: 1 bs: 1
152088160 
#module 761 size: 1 bs: 1
59818041 
#module 762 size: 1 bs: 1
159049573 
#module 763 size: 1 bs: 1
221249442 
#module 764 size: 1 bs: 1
67862303 
#module 765 size: 1 bs: 1
229579510 
#module 766 size: 1 bs: 1
27644918 
#module 767 size: 1 bs: 1
246576590 
#module 768 size: 1 bs: 1
51185550 
#module 769 size: 1 bs: 1
103527653 
#module 770 size: 1 bs: 1
140979761 
#module 771 size: 1 bs: 1
89708408 
#module 772 size: 1 bs: 1
135399738 
#module 773 size: 1 bs: 1
14898632 
#module 774 size: 1 bs: 1
98793050 
#module 775 size: 1 bs: 1
36198161 
#module 776 size: 1 bs: 1
10052552 
#module 777 size: 1 bs: 1
151136998 
#module 778 size: 1 bs: 1
53313683 
#module 779 size: 1 bs: 1
35671638 
#module 780 size: 1 bs: 1
242354131 
#module 781 size: 1 bs: 1
65002820 
#module 782 size: 1 bs: 1
260278707 
#module 783 size: 1 bs: 1
68481903 
#module 784 size: 1 bs: 1
116856787 
#module 785 size: 1 bs: 1
236022159 
#module 786 size: 1 bs: 1
54588187 
#module 787 size: 1 bs: 1
242131117 
#module 788 size: 1 bs: 1
220594903 
#module 789 size: 1 bs: 1
56805668 
#module 790 size: 1 bs: 1
21153270 
#module 791 size: 1 bs: 1
185681415 
#module 792 size: 1 bs: 1
58855541 
#module 793 size: 1 bs: 1
33657457 
#module 794 size: 1 bs: 1
28963641 
#module 795 size: 1 bs: 1
25043966 
#module 796 size: 1 bs: 1
90404746 
#module 797 size: 1 bs: 1
71185998 
#module 798 size: 1 bs: 1
62913830 
#module 799 size: 1 bs: 1
42202168 
#module 800 size: 1 bs: 1
90767831 
#module 801 size: 1 bs: 1
153119220 
#module 802 size: 1 bs: 1
39821643 
#module 803 size: 1 bs: 1
17211751 
#module 804 size: 1 bs: 1
14712592 
#module 805 size: 1 bs: 1
14270791 
#module 806 size: 1 bs: 1
106554309 
#module 807 size: 1 bs: 1
34244280 
#module 808 size: 1 bs: 1
59394895 
#module 809 size: 1 bs: 1
179999308 
#module 810 size: 1 bs: 1
24480639 
#module 811 size: 1 bs: 1
174959828 
#module 812 size: 1 bs: 1
45008312 
#module 813 size: 1 bs: 1
15365429 
#module 814 size: 1 bs: 1
36941550 
#module 815 size: 1 bs: 1
170143271 
#module 816 size: 1 bs: 1
81394914 
#module 817 size: 1 bs: 1
219353003 
#module 818 size: 1 bs: 1
159660869 
#module 819 size: 1 bs: 1
14349077 
#module 820 size: 1 bs: 1
39362638 
#module 821 size: 1 bs: 1
191478815 
#module 822 size: 1 bs: 1
123940928 
#module 823 size: 1 bs: 1
60843560 
#module 824 size: 1 bs: 1
10776882 
#module 825 size: 1 bs: 1
35030769 
#module 826 size: 1 bs: 1
210909560 
#module 827 size: 1 bs: 1
254812166 
#module 828 size: 1 bs: 1
21678847 
#module 829 size: 1 bs: 1
15898695 
#module 830 size: 1 bs: 1
222496666 
#module 831 size: 1 bs: 1
14668668 
#module 832 size: 1 bs: 1
96188024 
#module 833 size: 1 bs: 1
14120984 
#module 834 size: 1 bs: 1
21273939 
#module 835 size: 1 bs: 1
65858107 
#module 836 size: 1 bs: 1
123778145 
#module 837 size: 1 bs: 1
83006046 
#module 838 size: 1 bs: 1
230718701 
#module 839 size: 1 bs: 1
203890384 
#module 840 size: 1 bs: 1
131998232 
#module 841 size: 1 bs: 1
182377857 
#module 842 size: 1 bs: 1
124176905 
#module 843 size: 1 bs: 1
17150292 
#module 844 size: 1 bs: 1
94229358 
#module 845 size: 1 bs: 1
199654751 
#module 846 size: 1 bs: 1
216145017 
#module 847 size: 1 bs: 1
15866023 
#module 848 size: 1 bs: 1
229587355 
#module 849 size: 1 bs: 1
232438363 
#module 850 size: 1 bs: 1
17864262 
#module 851 size: 1 bs: 1
16162490 
#module 852 size: 1 bs: 1
806204 
#module 853 size: 1 bs: 1
163067164 
#module 854 size: 1 bs: 1
7708092 
#module 855 size: 1 bs: 1
15748737 
#module 856 size: 1 bs: 1
21751985 
#module 857 size: 1 bs: 1
131932008 
#module 858 size: 1 bs: 1
58244502 
#module 859 size: 1 bs: 1
63156219 
#module 860 size: 1 bs: 1
269218298 
#module 861 size: 1 bs: 1
51482997 
#module 862 size: 1 bs: 1
42026511 
#module 863 size: 1 bs: 1
48392114 
#module 864 size: 1 bs: 1
108622476 
#module 865 size: 1 bs: 1
214348336 
#module 866 size: 1 bs: 1
120309742 
#module 867 size: 1 bs: 1
19910599 
#module 868 size: 1 bs: 1
8287952 
#module 869 size: 1 bs: 1
29125475 
#module 870 size: 1 bs: 1
147342909 
#module 871 size: 1 bs: 1
194465051 
#module 872 size: 1 bs: 1
108083117 
#module 873 size: 1 bs: 1
54295084 
#module 874 size: 1 bs: 1
66925975 
#module 875 size: 1 bs: 1
256331922 
#module 876 size: 1 bs: 1
92251230 
#module 877 size: 1 bs: 1
25316662 
#module 878 size: 1 bs: 1
163009920 
#module 879 size: 1 bs: 1
56882778 
#module 880 size: 1 bs: 1
139882332 
#module 881 size: 1 bs: 1
18540889 
#module 882 size: 1 bs: 1
203495480 
#module 883 size: 1 bs: 1
20340239 
#module 884 size: 1 bs: 1
262086880 
#module 885 size: 1 bs: 1
183101557 
#module 886 size: 1 bs: 1
81020598 
#module 887 size: 1 bs: 1
236508708 
#module 888 size: 1 bs: 1
80175829 
#module 889 size: 1 bs: 1
262751654 
#module 890 size: 1 bs: 1
60578598 
#module 891 size: 1 bs: 1
57863766 
#module 892 size: 1 bs: 1
154776946 
#module 893 size: 1 bs: 1
208766236 
#module 894 size: 1 bs: 1
51294632 
#module 895 size: 1 bs: 1
68480226 
#module 896 size: 1 bs: 1
102399171 
#module 897 size: 1 bs: 1
191503263 
#module 898 size: 1 bs: 1
73359595 
#module 899 size: 1 bs: 1
171908911 
#module 900 size: 1 bs: 1
193274143 
#module 901 size: 1 bs: 1
162029292 
#module 902 size: 1 bs: 1
18186993 
#module 903 size: 1 bs: 1
194832495 
#module 904 size: 1 bs: 1
54213842 
#module 905 size: 1 bs: 1
222112008 
#module 906 size: 1 bs: 1
59616920 
#module 907 size: 1 bs: 1
19477451 
#module 908 size: 1 bs: 1
14179222 
#module 909 size: 1 bs: 1
30933895 
#module 910 size: 1 bs: 1
52306963 
#module 911 size: 1 bs: 1
18658739 
#module 912 size: 1 bs: 1
25781647 
#module 913 size: 1 bs: 1
24794263 
#module 914 size: 1 bs: 1
235179906 
#module 915 size: 1 bs: 1
95654308 
#module 916 size: 1 bs: 1
166207466 
#module 917 size: 1 bs: 1
62964460 
#module 918 size: 1 bs: 1
203379278 
#module 919 size: 1 bs: 1
78000325 
#module 920 size: 1 bs: 1
69604327 
#module 921 size: 1 bs: 1
132681279 
#module 922 size: 1 bs: 1
17812000 
#module 923 size: 1 bs: 1
9040122 
#module 924 size: 1 bs: 1
17114283 
#module 925 size: 1 bs: 1
35551741 
#module 926 size: 1 bs: 1
119980245 
#module 927 size: 1 bs: 1
188560097 
#module 928 size: 1 bs: 1
38151395 
#module 929 size: 1 bs: 1
150872447 
#module 930 size: 1 bs: 1
165420335 
#module 931 size: 1 bs: 1
173938646 
#module 932 size: 1 bs: 1
70937408 
#module 933 size: 1 bs: 1
188841373 
#module 934 size: 1 bs: 1
688273 
#module 935 size: 1 bs: 1
129730276 
#module 936 size: 1 bs: 1
90420645 
#module 937 size: 1 bs: 1
146943510 
#module 938 size: 1 bs: 1
89492277 
#module 939 size: 1 bs: 1
46972036 
#module 940 size: 1 bs: 1
227726723 
#module 941 size: 1 bs: 1
177407138 
#module 942 size: 1 bs: 1
80481912 
#module 943 size: 1 bs: 1
139469291 
#module 944 size: 1 bs: 1
256148516 
#module 945 size: 1 bs: 1
67775956 
#module 946 size: 1 bs: 1
151472342 
#module 947 size: 1 bs: 1
69427987 
#module 948 size: 1 bs: 1
210886997 
#module 949 size: 1 bs: 1
232083838 
#module 950 size: 1 bs: 1
30298025 
#module 951 size: 1 bs: 1
98968120 
#module 952 size: 1 bs: 1
8757362 
#module 953 size: 1 bs: 1
214274567 
#module 954 size: 1 bs: 1
51312272 
#module 955 size: 1 bs: 1
223380929 
#module 956 size: 1 bs: 1
75541452 
#module 957 size: 1 bs: 1
259288021 
#module 958 size: 1 bs: 1
17237906 
#module 959 size: 1 bs: 1
226672560 
#module 960 size: 1 bs: 1
99356759 
#module 961 size: 1 bs: 1
105109640 
#module 962 size: 1 bs: 1
270781759 
#module 963 size: 1 bs: 1
9431342 
#module 964 size: 1 bs: 1
127686449 
#module 965 size: 1 bs: 1
168893547 
#module 966 size: 1 bs: 1
144378293 
#module 967 size: 1 bs: 1
39031895 
#module 968 size: 1 bs: 1
232420456 
#module 969 size: 1 bs: 1
259653783 
#module 970 size: 1 bs: 1
68209920 
#module 971 size: 1 bs: 1
51144694 
#module 972 size: 1 bs: 1
28504545 
#module 973 size: 1 bs: 1
133456536 
#module 974 size: 1 bs: 1
192809889 
#module 975 size: 1 bs: 1
110750328 
#module 976 size: 1 bs: 1
69837017 
#module 977 size: 1 bs: 1
59577520 
#module 978 size: 1 bs: 1
16916193 
#module 979 size: 1 bs: 1
103175150 
#module 980 size: 1 bs: 1
201656128 
#module 981 size: 1 bs: 1
87484674 
#module 982 size: 1 bs: 1
185152562 
#module 983 size: 1 bs: 1
258852781 
#module 984 size: 1 bs: 1
20288395 
#module 985 size: 1 bs: 1
122025560 
#module 986 size: 1 bs: 1
152189675 
#module 987 size: 1 bs: 1
142127373 
#module 988 size: 1 bs: 1
97598142 
#module 989 size: 1 bs: 1
184700776 
#module 990 size: 1 bs: 1
84894256 
#module 991 size: 1 bs: 1
91148885 
#module 992 size: 1 bs: 1
180481402 
#module 993 size: 1 bs: 1
43803902 
#module 994 size: 1 bs: 1
131317768 
#module 995 size: 1 bs: 1
237197733 
#module 996 size: 1 bs: 1
89929074 
#module 997 size: 1 bs: 1
23284990 
#module 998 size: 1 bs: 1
223757158 
#module 999 size: 1 bs: 1
96898398 
#module 1000 size: 1 bs: 1
249485868 
#module 1001 size: 1 bs: 1
44268184 
#module 1002 size: 1 bs: 1
81314945 
#module 1003 size: 1 bs: 1
128144689 
#module 1004 size: 1 bs: 1
229944730 
#module 1005 size: 1 bs: 1
18308864 
#module 1006 size: 1 bs: 1
39001282 
#module 1007 size: 1 bs: 1
182056988 
#module 1008 size: 1 bs: 1
62193495 
#module 1009 size: 1 bs: 1
32529831 
#module 1010 size: 1 bs: 1
100573490 
#module 1011 size: 1 bs: 1
144538924 
#module 1012 size: 1 bs: 1
255325506 
#module 1013 size: 1 bs: 1
212095146 
#module 1014 size: 1 bs: 1
81423917 
#module 1015 size: 1 bs: 1
31962068 
#module 1016 size: 1 bs: 1
57030266 
#module 1017 size: 1 bs: 1
216952758 
#module 1018 size: 1 bs: 1
43266527 
#module 1019 size: 1 bs: 1
26154615 
#module 1020 size: 1 bs: 1
16087477 
#module 1021 size: 1 bs: 1
34728091 
#module 1022 size: 1 bs: 1
189374598 
#module 1023 size: 1 bs: 1
42992593 
#module 1024 size: 1 bs: 1
97855971 
#module 1025 size: 1 bs: 1
22240383 
#module 1026 size: 1 bs: 1
60211331 
#module 1027 size: 1 bs: 1
79391196 
#module 1028 size: 1 bs: 1
171594145 
#module 1029 size: 1 bs: 1
155668326 
#module 1030 size: 1 bs: 1
137917994 
#module 1031 size: 1 bs: 1
231546333 
#module 1032 size: 1 bs: 1
98580028 
#module 1033 size: 1 bs: 1
50335002 
#module 1034 size: 1 bs: 1
269734168 
#module 1035 size: 1 bs: 1
206198440 
#module 1036 size: 1 bs: 1
61238566 
#module 1037 size: 1 bs: 1
49354191 
#module 1038 size: 1 bs: 1
86241413 
#module 1039 size: 1 bs: 1
190120150 
#module 1040 size: 1 bs: 1
76862092 
#module 1041 size: 1 bs: 1
40264785 
#module 1042 size: 1 bs: 1
43785909 
#module 1043 size: 1 bs: 1
178275485 
#module 1044 size: 1 bs: 1
100440668 
#module 1045 size: 1 bs: 1
197075594 
#module 1046 size: 1 bs: 1
41959740 
#module 1047 size: 1 bs: 1
163222098 
#module 1048 size: 1 bs: 1
25335744 
#module 1049 size: 1 bs: 1
59122298 