#module 0 size: 3 bs: 2.57778e-07
19650336 40448583 193362884 
#module 1 size: 2 bs: 0.00795261
107789104 236409451 
#module 2 size: 2 bs: 1.33227e-15
14121853 156644794 
#module 3 size: 2 bs: 0.000287869
123905824 148833123 
#module 4 size: 2 bs: 1.7311e-11
26617933 89370731 
#module 5 size: 2 bs: 0.000550155
30516098 130650276 
#module 6 size: 2 bs: 0.00478606
44123567 97074438 
#module 7 size: 2 bs: 0.00967407
180607403 243660328 
#module 8 size: 2 bs: 0.00321343
100573490 139063272 
#module 9 size: 2 bs: 0.0166599
147467640 150224559 
#module 10 size: 2 bs: 0.000529468
128040590 197538143 
#module 11 size: 2 bs: 0.0121091
148478556 197882703 
#module 12 size: 2 bs: 0.00191941
110424984 128396268 
#module 13 size: 2 bs: 0.00449581
20254792 51179919 
#module 14 size: 2 bs: 2.09332e-07
178943260 194591750 
#module 15 size: 2 bs: 0.0145212
94757700 156137116 
#module 16 size: 2 bs: 0.00247884
90469674 110778721 
#module 17 size: 2 bs: 0.00326586
77540628 122895180 
#module 18 size: 2 bs: 0.00352866
21726416 25904132 
#module 19 size: 3 bs: 0.0273282
78906196 222555703 244065169 
#module 20 size: 2 bs: 0.0187216
42231175 100440668 
#module 21 size: 2 bs: 0.00210427
196743148 234110244 
#module 22 size: 5 bs: 0.00196302
14290383 16484677 25057202 110965120 214067697 
#module 23 size: 2 bs: 0.0962211
35551741 42284908 
#module 24 size: 10 bs: 0.00478606
1630261 51684877 56981225 64166227 64365916 67798741 94541648 141524887 171908911 181421726 
#module 25 size: 3 bs: 2.9911e-07
15374280 102747321 110812554 
#module 26 size: 9 bs: 0.0810789
1442101 5547552 12398022 15942716 17988396 18533988 34033504 44046468 84201313 
#module 27 size: 56 bs: 0.000130551
450953 1012071 2226621 5606492 7018942 7145552 9994802 10748252 11698252 14235323 14465902 14693622 14745283 14774443 15001234 15249228 15515538 15578710 15749177 15781117 15821556 16226069 16657530 17050705 17165458 17284883 17449898 17641725 18120676 18622210 18783265 19455487 24707040 27292941 29392243 29822494 30018368 36371780 38297358 39944598 41364338 48604785 48816106 50737978 59833587 60100870 69493393 74946653 86080280 123892070 131177653 161415195 199848513 202595945 252040223 266202805 
#module 28 size: 50 bs: 0.0102733
7314152 7614052 13577172 16825062 17011345 17259640 17399774 17813433 17897020 18222647 18824239 19631582 19990190 20057454 20405853 23530440 23664028 28268371 28901886 38793729 49616509 51678226 55303089 71664150 73749928 75347004 87534528 88265548 89013228 89856317 104236319 105523857 119667870 124670621 129250534 133923294 145755847 161691702 170394787 173452455 177719652 200936459 204090866 213069826 216344199 220884100 224770553 248037849 263031010 265977653 
#module 29 size: 3 bs: 0.265869
26154615 123940928 124028136 
#module 30 size: 3 bs: 0.278233
69124203 107500136 173938646 
#module 31 size: 3 bs: 0.54893
29940127 52910865 69443278 
#module 32 size: 4 bs: 0.357148
2663161 14192412 16410954 19411110 
#module 33 size: 39 bs: 0.254662
1630261 16856926 46573385 48470743 48476949 50686904 53418720 55648693 57187028 59608784 62584936 62996416 72928626 85917069 86813802 96980395 108357234 109059176 124002957 134908261 135248445 147335676 157524175 164550070 168888540 171191429 183101557 189561195 191478815 198649890 201290345 203256940 208766236 223961051 228661575 232987424 236719127 237876854 238341121 
#module 34 size: 53 bs: 0.303902
688273 806204 5489202 8757362 14050006 14120984 15446200 15748737 16376889 17114283 17334372 18540889 18576979 18658739 18706144 19241200 20288395 20842354 21587712 27644918 28117912 31962068 37645675 38570998 43803902 51162926 53313683 57863766 59818041 63156219 70004519 78212056 87484674 112478283 131932008 137366470 142157110 144538924 148081424 153244255 159660869 162029292 163222098 179138607 184495064 194465051 203871835 209588239 244404903 247498484 265500964 269130040 269734168 
#module 35 size: 169 bs: 0.511408
13348 759228 1120601 8071902 9431342 10768282 14090906 14712592 15300020 15398780 15614315 15866023 15947185 16087477 16278276 16411060 16510194 17042374 17812000 18197912 18415509 18526308 18536826 18664956 18939822 19022242 19694104 19828667 19935490 21678847 23792216 24257957 24419425 24480639 24962655 25043966 25060042 25151753 25335744 25781647 27732408 28504545 29641373 29707246 31634255 32266938 32529831 34033504 36601355 37420083 37896600 38151395 41305840 41929517 42300348 43573375 43613550 47661343 50335002 51294632 52306963 53091022 54200212 55533136 56377143 58845411 59539942 63337613 65098687 65858107 66925975 69837017 70190484 70706453 72605385 81020598 81655538 85251925 88677841 89202951 89929074 90058548 90767831 91117627 91791843 92074551 92513185 94229358 94574028 94717868 94878320 96933119 102324811 102399171 106554309 106963800 108083117 119297816 120174685 120285512 120309742 121223001 124009190 125090401 128996296 136772862 137937174 138077315 140979761 142169165 151472342 153119220 164338516 165420335 167637074 168426262 171023147 180151159 181217649 181301357 183859873 184275950 185152562 188841373 191663507 197948154 197962366 199400238 201656128 202192724 210909560 214274567 214348336 217541234 217574343 219353003 222496666 223380929 229579510 230718701 232438363 233707083 234104154 237197733 238760716 240238656 240854929 242093844 242131117 242551935 246576590 253835890 254812166 256148516 256331922 258852781 259288021 259505321 259653783 261598031 262086880 263448462 265749910 267059970 270172081 271127683 271160885 271625895 273206322 
#module 36 size: 5 bs: 0.996424
15929686 70937408 89492277 135399738 230974069 
#module 37 size: 10 bs: 0.620642
13362422 14459669 15963488 30298025 54475659 57187935 72661977 102019594 107025267 227153602 
#module 38 size: 98 bs: 0.358297
2258301 4053841 5793772 5874452 6723912 11412542 12594922 12781762 14128069 14142231 14380889 14399357 14624025 14803061 14812510 14890935 14957541 15013580 15082995 15210530 15382147 15553406 15580925 15583287 15648561 15648584 15655296 15661468 15675070 15905565 16527273 16561292 16588005 17315836 17625824 17627945 17871826 18040428 18098655 18127893 18822387 18994034 19131613 19248489 19264674 19291219 19365378 19399298 19408219 19656274 19873296 20596316 21429357 22790425 22876951 22933904 22980460 25079420 26744291 26765831 27302814 29646744 30386355 30667186 30874865 34938387 36913318 37546498 45368137 47444849 48722198 50456532 52563809 56521633 58842703 61014259 66997403 75067140 79447979 84172384 84652502 84737899 89519051 92318904 96145394 100507331 111789350 119468133 130589438 131847507 135601675 184700776 190754647 195007168 198466520 224428671 238914931 245314387 
#module 39 size: 4 bs: 0.465923
45450377 88388566 203379278 255325506 
#module 40 size: 62 bs: 1.06964
1384531 1934931 3433721 6288762 6965272 8402052 8474322 9015512 9158962 10252992 10546442 13418512 14144238 14370358 14433007 14475312 14494993 14638851 14661957 14690254 14799428 15189849 15221975 15746214 16000947 16016852 16069024 16163790 16201819 16459994 16630502 16828143 16956236 17074240 17300593 17343124 17371061 17538588 17565891 17997511 18143526 18174998 18216761 18247087 18301263 18406622 19771162 21213658 21372803 21584163 21665419 22387436 23172966 23526929 24167147 28622733 32998543 33617885 41871789 80979157 101551148 106783888 
#module 41 size: 28 bs: 0.788067
12566322 15353236 15605402 15749997 16270390 16546592 16787126 17343595 18332827 19732334 24798988 25202714 28130246 30268257 48181005 55933111 67603734 68879809 112266869 176994614 184517281 196102552 199503098 206358757 211556899 212203440 242860285 246124029 
#module 42 size: 10 bs: 0.909701
5972752 18587662 22174042 25799963 30955860 52553796 54662153 123614628 161772480 210427069 
#module 43 size: 61 bs: 0.446546
12350902 16178737 16425627 16799649 17939480 18544188 18626582 18872519 18878427 19927845 21009554 21784570 21953832 22581361 23389965 23451393 24574222 25242416 26312359 26402434 26432499 26457416 28391808 29911860 30386438 30761217 31070910 33960315 34075958 34728091 35960388 38087508 39986906 44770529 49354191 57030266 61481916 63337613 69435529 70688431 87615535 91448645 101894696 104563357 104727907 106540670 128102692 147787042 160658239 162279176 163009920 163067164 178817507 193779018 197075594 211787112 213937754 221249442 227207387 235538483 253888243 
#module 44 size: 114 bs: 0.423058
2606911 2941831 3954581 5166511 6114252 6136332 7604502 7721172 7898472 9468812 9604192 10284472 11443292 12372812 12759102 13539592 13678292 14052313 14079590 14099435 14110885 14139584 14155241 14237354 14331959 14345113 14471169 14573861 14944471 15010721 15075182 15219854 15292471 15365998 15378805 15476915 15487288 15505550 15511139 15754851 15768928 15853065 15905527 15943715 15947897 16201506 16296026 16338169 16809329 17058577 17402349 17911617 17935861 18000311 18162777 18201948 18204677 18313617 18485558 18547882 18588568 18731203 19521680 19673977 19751635 19790018 19993686 20329248 20592179 20593866 20609319 20778703 21159398 21701128 21770568 22076359 22760649 22938618 25303296 25904035 28339843 28371616 28506177 28674090 31310594 33556583 40362652 44139958 46473076 46574042 47444914 49774815 58988537 60698670 70751508 70754730 74021308 75719992 87715947 94175843 103157143 106283898 107112554 115242946 118557729 121797013 132581307 135579990 137423367 168537728 176651561 240798167 252606479 263234033 
#module 45 size: 123 bs: 0.780098
1585 5149 10588 10675 13298 21693 37573 50613 626233 700593 771698 799630 811051 821978 1054431 1309511 1319141 1724401 1957211 1979591 2108241 3171031 3558851 4959461 5025251 5727392 5780992 6588122 7541642 7599982 7712452 7929742 8307012 8435452 8448712 8481222 8823362 8867682 9011012 9277962 9286142 9562272 9627192 9643862 9813282 9819862 9853212 10356542 11204762 11413752 12104222 12160482 12477052 13205902 13445052 13767702 14065548 14111182 14153594 14155372 14157732 14176242 14186545 14258602 14261302 14389648 14562685 14653506 14689567 14714942 14820724 14874721 14993466 15008449 15020853 15159129 15210530 15281078 15368554 15412816 15551156 15780402 15780594 15826306 15939352 15972562 16040887 16049723 16133935 16249213 16506383 16527332 16878903 16904101 17071737 17205773 17493528 17737138 17801384 17994525 18173027 18455643 18619836 18813157 18834180 19679188 20391685 20731401 20873104 23743148 23757784 25661540 26236577 30864653 44570428 53352349 58818905 59541290 60775372 91329057 101563645 188911259 229766654 
#module 46 size: 19 bs: 0.322434
28424289 43541405 79637747 96655484 98928522 110280391 112516636 116491722 127636504 127686449 140983662 184544253 186783403 208064567 220920045 230182617 231580019 234281590 237114951 
#module 47 size: 36 bs: 0.575571
7795982 14668668 15762258 16357245 18530171 19195914 19624059 21179890 22277113 23077155 27055316 28169177 28431983 29097048 29451005 32574964 41450556 41641562 45914093 49167436 53962656 54642207 68551767 71801107 78066531 94358525 108705649 111435350 118644821 134141151 139024456 152692522 190722777 198599261 219265469 223524009 
#module 48 size: 76 bs: 0.732295
11145002 14494993 14550012 14624115 14628090 14945059 15172283 15215190 15302120 15342619 15382111 15445270 15503968 15725650 16357285 16419927 16427045 16506571 16951971 17083396 17259981 17512738 18017238 18173465 18391507 18611056 18685602 19015082 19114943 19658782 20307019 21345004 22924849 22992850 23095083 23618183 24125006 24184567 25003235 26089676 29624532 29813042 30466915 34012344 35796925 39932500 40268283 43226515 45034162 47634020 55532384 55913654 66799471 69136508 73347023 84097256 99225888 108274516 109648337 109813572 111556341 111729901 123379214 126928559 141571223 143414740 148696421 156010360 157455254 172107130 177276579 182798348 210852155 214659775 243767573 262770233 
#module 49 size: 34 bs: 0.712168
205803 810579 920991 3028161 3277401 3286621 4922001 8518862 11202562 11424902 11632342 13000872 14860922 16226484 17549229 18269262 18292479 19338042 19602429 19707468 22457041 22483974 23618183 23664655 26835100 28009658 31214311 36697219 37680820 39815230 40937566 62545966 93730653 100504915 
#module 50 size: 28 bs: 0.683267
4278151 11922842 14255263 14493526 14848179 15343458 15632345 15850769 16382820 16564842 16857066 17421818 17781217 17878154 19203457 31281673 38003948 38670814 39241726 44672556 58386031 58617198 64844059 89468228 109899569 114916798 127659721 192007163 
#module 51 size: 31 bs: 0.182334
14304203 14508983 15624385 17435271 18343178 19409508 19747277 19884721 20932375 20960765 21344725 30033646 30734462 40250971 40957993 46205067 53500999 61462007 62926597 89552709 101207588 150828573 163894281 177507202 185670728 194608987 232191946 236195413 240552704 251718913 258721812 
#module 52 size: 27 bs: 0.697207
6567132 7018942 10776882 14051159 15781117 15943690 19065686 19455487 21755807 22155739 23484051 25151753 27292941 30461425 31179355 33414867 39944598 48900286 62310536 74946653 84562932 170225857 184841559 202595945 203003361 209150087 213288408 
#module 53 size: 13 bs: 0.914784
22240383 39031895 51144694 51312272 76000222 98968120 126979577 147595464 165404712 166961004 195664345 228085717 236022159 
#module 54 size: 36 bs: 0.316393
7562622 8085432 8184892 12485522 14571531 15577052 15936780 16016852 16217727 16337126 16560157 17399774 17695465 18706924 19396560 20405853 20441166 22387436 22547150 25059097 26681722 31220561 34637152 35846393 38394199 53294779 78315807 101345179 136952493 138267795 139974111 145449666 152088160 187015252 224741780 242589987 
#module 55 size: 78 bs: 0.546318
682213 5126871 6540192 8156622 9013032 9209942 9485202 10609292 11829282 12855572 13388922 13579842 14109004 14135237 14206392 14220249 14293571 14346361 14349449 14349894 14354144 14860195 15051601 15106068 15385968 15393195 15428401 15555038 15681663 15770684 16157980 16167886 16703742 16956811 17029807 17063238 17177403 17307627 17381284 17451411 17856201 18064263 18134210 18295455 18885594 18930170 19018185 21307269 21513512 21653513 23166597 26657049 28018958 31213504 34486207 35783898 37764670 39774991 44069257 49445813 57949239 63054429 69932023 72343437 79873303 83865532 89266401 92342722 98793050 99740489 103971994 107633083 120794494 120819229 124920374 128126290 180770812 246036260 
#module 56 size: 63 bs: 0.241506
809092 832831 4312721 5885772 6452782 6566712 7712452 10654322 10774532 10781952 11821622 12587982 12935692 13438712 14135845 14153491 14431213 14533716 14562685 14596506 14862723 14891245 14947289 15041902 15103213 15231287 15299357 15426896 15583292 15935243 16527332 16680941 17065634 17170520 17212941 17926317 18176747 18481782 18503214 18920390 19006260 19044237 19255759 19356110 22141824 23221629 34394575 39284620 39341556 41626400 58855541 63073975 63875612 64325295 69687111 79666388 97289556 98362525 110897594 121209486 163712424 192171500 246061882 
#module 57 size: 74 bs: 0.732045
1917731 9376622 10044022 10168082 14544571 15450996 15481397 15700362 16181186 16362662 16624180 16703058 17150292 17461226 17522884 17610796 18391075 18791763 19153333 19590747 19754122 20444463 22040403 22935909 23188976 24661757 24975816 26539097 27553223 27789999 28963641 31175661 34434801 35195343 40506540 44769565 44845302 45190383 55991727 63009240 63796576 63834256 64576818 68807455 70477603 72475621 78470249 91191989 94607882 109777164 110918004 115753716 119160384 124176905 128882329 129360573 130893745 131109320 148891227 154876782 161487173 169245808 171569791 180151159 181800245 211421505 219819147 227192133 233306179 234696158 247779244 256134707 265268942 273004438 
#module 58 size: 31 bs: 0.460596
1630261 21179070 28623830 35267268 60335753 65604392 68209920 72311889 73359595 86989704 90420645 92169251 94945000 99324565 105109640 110750328 119526244 121834189 127188125 129915741 131713492 138498796 161700842 164391207 165494539 170777800 179999308 229587355 240606964 243662422 259389589 
#module 59 size: 49 bs: 0.182818
24113 749333 780006 781895 790000 1388961 3395021 9013032 9286142 9561522 13807132 14782952 14830831 15125371 15184929 15274752 15466555 15510638 15555038 16428278 16641454 16916193 17278906 17453969 17753670 18071407 18134756 19689035 20303224 20550830 21359690 22878414 23485622 33801769 34924998 39001282 56660747 61127420 74411287 84972513 87358503 115377377 152145953 152560538 154435961 181096818 202844511 260631674 267519951 
#module 60 size: 55 bs: 0.190013
812825 821110 7090482 8071902 9804482 13286312 14342975 14911286 15024783 15113529 15483517 15689313 15724452 15928027 16297675 16302855 16313592 17211751 17304123 17451031 18732075 18812573 19560605 20564713 23387320 24930382 27044209 28441423 28676469 29624532 32422915 33872783 35281506 36357300 40944884 43562100 47684949 57689706 64544676 65098687 67673600 72615435 75289001 88822659 139808538 139953824 145420038 175876900 221846963 222568217 242864968 245634968 262751654 263312330 268125399 
#module 61 size: 88 bs: 0.571785
509 682213 1203641 5447732 6325632 6341572 6774272 7042572 8132582 8143872 8474322 8615772 9590262 9926562 10284192 10333202 10880202 11984762 13448172 13451802 14061771 14185424 14220249 14321959 14346361 14352967 14496930 14704310 14708747 14835646 14888362 14903294 15066876 15211133 15354397 15409034 15639478 15868433 15925179 16366271 16592690 16801452 17179368 17276841 17449898 17469567 17682283 17794287 18429289 18565158 18705078 18929690 19038395 19683498 20945245 21584163 21668588 21814082 22050760 23549240 26043616 26719898 26784273 28609576 31303139 32211808 39216517 39716211 45660443 48880548 49011247 53411390 58994449 61291337 61317377 75236148 85906552 87765465 96880903 97515361 106110915 138969362 156240003 156768711 174811472 200137739 215259883 271745209 
#module 62 size: 40 bs: 0.127432
7209262 14435478 16610527 18106809 19461688 19468364 20105071 20932375 21303464 21321994 21344725 21889071 21962567 23075284 23593412 23834147 28167824 28471924 30854420 33098495 44817367 62926597 63280540 69605342 74411287 74574719 81725200 84868368 93666150 93827358 94365433 98964742 108045600 116065011 144892029 148040105 150618868 164033581 226777208 253727842 
#module 63 size: 41 bs: 1.03124
13348 113963 780290 833071 1293051 5832712 10420662 12219832 12935692 14065215 14333690 14388689 14431213 14523408 14532450 14749243 14773964 15030787 15033971 15076390 16145206 16334085 16494284 18481782 18514207 18927821 19575406 20219382 20632381 21509975 22665665 23006156 23204397 24166550 36071096 39284620 41145894 41296367 50638723 78354184 227726723 
#module 64 size: 75 bs: 0.673517
82363 774909 782010 1528701 3750071 4182751 4388251 6092972 6904482 7155782 7526892 7713202 7770342 8457092 10400902 11148742 11504382 11993412 12095912 12340562 13775632 14165957 14226882 14369409 14401102 14445542 14503316 14533116 14553055 15199325 15206692 15250836 15753937 15808765 16010789 16023926 16148602 16158012 16463326 16739711 17279500 17439117 17669882 17789291 17971455 18244087 18279169 18368098 18635626 18889063 18948706 19719380 21047224 21316936 21909890 22053039 29005683 47518210 51196532 53280402 60696138 61772051 64444175 78792100 78905607 86167256 108803911 108811740 151158927 166707502 179549579 210118012 241321163 252760820 262226916 
#module 65 size: 100 bs: 0.599215
9410912 14275501 15680214 16363738 16948493 17763164 17864262 18398385 18543454 22792103 23722620 24414900 24654508 24733117 27056757 30340990 35536649 36204399 37241140 38124429 38646243 39218350 39753319 47628348 47736537 50002300 50670648 59698845 60849055 65598884 67510424 68475377 72811901 93151373 94841257 103725748 104584453 112749574 113787997 113831847 116756735 126395181 135033964 138322735 139331113 142705588 146416257 146512958 154787999 155722772 172143827 173610845 175997836 176868644 182686614 184221744 184274305 184630300 197511305 198399355 212006174 212311866 217000649 217793491 218219246 218764044 220419374 225564695 230589809 232420456 232445524 232571300 235737404 237193691 239271745 241580495 244050895 246029073 247057776 251229821 251240599 254184021 254853167 255167616 257116158 258096381 258939764 259389589 259615130 260136602 261073782 262379715 264014418 266568519 267926000 268063294 269105245 270308750 270455224 272754640 
#module 66 size: 32 bs: 0.141784
10748252 14061771 14128901 14165957 14464331 14563894 14614615 14620544 14943818 15123270 16888904 17542265 18089164 18292479 20447545 20851240 21345004 28230825 29040062 30178173 38372614 49992096 51028602 65508813 68592846 75300453 98078133 114235871 121558178 144692356 150435789 200226529 
#module 67 size: 194 bs: 0.39088
456 11983 13298 381203 767715 800735 819284 1042631 1129701 1428831 1441291 2099891 6144162 6297382 7210762 7224702 7511702 8159652 8531352 8883702 9040122 10155832 10636902 11086372 11580962 11633492 11698322 11784882 12354252 13047322 13342982 13690622 14085277 14117196 14128528 14184628 14198011 14219103 14321959 14323938 14576426 14604049 14680167 14712904 14727207 14742422 14758406 14789122 14870168 14888632 14889333 14894307 14934718 14993616 15070780 15093212 15126891 15135214 15184929 15320887 15414807 15440344 15485085 15634516 15692087 16212167 16393123 16680654 16694698 16703742 16745770 16954719 16996238 17021619 17074868 17179368 17202143 17226610 17257272 17312943 17325009 17339297 17372379 17375079 17460928 17511523 17874910 18038375 18089164 18102284 18134756 18252347 18358227 18429289 18436433 18507464 18705078 18787972 18836209 18850958 19532315 19583523 19771162 19794129 19977032 20030225 20083563 20545925 20610029 20851240 20858400 20945245 21957689 22084719 22200186 22960333 23166140 23343266 23486491 24661289 25164847 25191558 25330903 25478876 25490697 26174646 26716467 28211629 28562298 28674078 29965112 31465017 32375384 33098821 34934712 35783898 37069994 37222477 37818134 38109868 39619991 39944598 40953367 41841330 42197349 42469463 43194865 43292618 44651055 52162223 52814458 54296186 57026817 58883706 63614805 69033184 80589255 83006046 89119055 89410778 89595069 91827895 94428870 94856925 96779857 102617462 104493815 107354278 107749539 109339635 109370698 118837674 120185625 125418319 125668334 135109492 141379955 162886404 173387492 174959828 179054464 182029374 186426532 203951741 214303021 214788442 216336191 232502918 233965578 238819163 243374286 249260397 252105891 263588145 
#module 68 size: 30 bs: 0.246814
788863 819522 5957552 6426552 6719712 6962852 7263402 7449512 7480172 8340752 8384912 9938952 9961332 10473582 10773882 10876852 14320024 14547107 15123270 15443141 16156062 16883326 17477864 19703385 28784606 29802611 49011247 56377143 80794949 117700355 
#module 69 size: 53 bs: 0.850256
8614412 9666782 10819662 12383122 14070222 14118937 14134608 14140147 14170736 14388669 14448046 14639235 14685183 14763566 14789042 14801380 14870804 14890621 15109389 15380951 16248585 16905666 17130461 17873348 18478410 18914307 21213658 21278570 21587937 22526513 22681922 22907920 28128602 31157419 35563232 37679854 39657206 53175809 54546622 58866657 62614001 64234931 77026018 79740296 83625882 84438310 89595535 91836238 97252700 153875670 203336407 221160429 225095543 
#module 70 size: 37 bs: 0.456395
2900 13228592 15110531 15643370 15842919 17092592 18417216 19721592 20661527 21224776 21975447 23932737 24481863 26713682 34010454 34118997 34244280 35671638 36198161 47103930 56973737 64624131 67862303 77577477 79799271 83719783 97551846 140663609 160628707 171719023 180463340 191241796 224809136 227159879 227838448 241382533 270021070 
#module 71 size: 29 bs: 0.452076
14934063 16864988 17362299 23343968 26306729 26847783 27503151 28733900 29206300 38202628 41470157 63726362 65681735 66531467 72725104 81189900 89026913 96477730 151136998 154876782 155883945 168544279 175477079 176140153 215761524 234099467 243522984 256134707 266761504 
#module 72 size: 70 bs: 0.407109
1630261 10334122 14169364 14697711 16533239 20590490 21153270 22119456 26283471 26486510 33247276 42868982 44268184 45008312 45848865 56805668 58929178 59616920 62187962 70872642 74285761 82655261 82821085 83277670 84217059 87331481 90404746 91106767 104332218 107232730 108622476 109150601 121271356 122115977 123318445 124866595 127846497 128507642 129319803 130158543 131390753 131998232 146655020 147977705 150872447 150956563 156693720 161783675 163954957 166235979 166394396 167084030 168426262 172769873 180463340 182105219 182377857 190969275 191503263 197216839 205007756 205936089 208582686 217318313 218567695 219979539 220020817 237212345 237753551 254639896 
#module 73 size: 330 bs: 0.685656
509 989 1398 1688 2185 4030 10178 11848 11983 12220 12984 13210 13407 15683 31383 57203 66993 67813 69583 74543 76133 347133 678033 691353 767715 773624 780991 782010 787611 815897 817970 818176 824211 923541 1042631 1048951 1051171 1091241 1189601 1246421 1380711 1388961 1394361 1639601 1692171 1717291 2099891 2384071 2676431 2771891 3265101 3376281 3432881 3811511 4583971 4700381 5025251 5051171 5108161 5153221 5388852 5708292 6021422 6131832 6141832 6245232 6708952 6774272 6814492 6900852 7112242 7159752 7181572 7210762 7224702 7278032 7282132 7434272 7480172 7526892 7614632 7674792 7737642 8106562 8261762 8293402 8466962 8602152 8690902 8803972 8935052 9244262 9468972 9584882 9590262 9686792 9804482 10000642 10052552 10154052 10284332 10730842 10767712 11069462 11086372 11435642 12329252 12566662 12575842 12834972 13222192 14051193 14061771 14076943 14085088 14128528 14185424 14247062 14257199 14270791 14274132 14321959 14324944 14330959 14335404 14349077 14350762 14354144 14390076 14421572 14430556 14529013 14564986 14612263 14620544 14680596 14706139 14707115 14786110 14786238 14802885 14813149 14822021 14852158 14943648 14948485 14950583 14959496 14990031 15040446 15050305 15077051 15093212 15117717 15126651 15135214 15148807 15149632 15173486 15223252 15223619 15237935 15247066 15328388 15379912 15414807 15429250 15441450 15471640 15479484 15514266 15514372 15555038 15583560 15626406 15635812 15831401 15866800 15898695 15924411 16080020 16235927 16352993 16457010 16592620 16612857 16721263 16731359 16745770 16814973 16847211 16911564 16970274 16997044 17006370 17066838 17175973 17179368 17372256 17429334 17472945 17495194 17549096 17627390 17796440 17898705 18028249 18152057 18161157 18450898 18566782 18604510 18655567 18680985 18697352 18872123 18906478 19038395 19062153 19079941 19207266 19374805 19404944 19466732 19519071 19600446 19639071 19709448 19826509 19910599 20017902 20172321 20173675 20905953 20928893 21273939 21404596 21700719 22145414 22290807 22301442 22660932 22818133 23284990 23593213 23898238 24133831 24420867 24794263 24889586 24906998 25160944 25163231 25175706 25532738 25752513 27106703 28017930 28840450 28991368 29695131 31030273 31100040 31359340 32718488 33414867 34556885 34636987 35030769 35473835 35769941 37922200 38851140 39216517 40532389 41188469 42315951 43239422 43911998 44936058 46670048 49723206 49824306 50363926 50749152 57133313 57888537 61485121 61510388 61755699 65002820 67924644 68481903 68552069 69604327 70622187 78735819 79391196 88061302 89414621 91921994 92876427 95044697 95499927 96640040 98976495 103527653 104493815 110301570 117218161 126717954 129176641 133893663 149075605 159163111 192589318 203508691 208687668 215370565 216838986 224138450 229543786 236550275 237752191 243768368 243914859 250246958 255349187 257664564 263852695 
#module 74 size: 56 bs: 0.519566
13225072 15046916 15524002 15585410 15729205 16153984 16177296 16570335 17206658 17393790 17495000 17945015 18131988 18493879 18500081 18766019 19494371 19826674 20476654 22228327 23998156 24797350 24897332 26589876 27894046 27962194 29862576 31667926 34700428 35548601 39645433 40721661 43050396 43163302 44961029 45756215 46589508 61666438 65193458 82444043 90203791 111662569 115596327 124257319 132526387 133941575 142447390 143638559 145315512 171305484 179422421 197156324 212823696 223704520 227750413 240469100 
#module 75 size: 89 bs: 0.258287
8447862 8496612 12597012 13315172 14053295 14233546 14464919 14562275 15599014 15683948 17635363 18083141 18089695 18122984 18353112 18689581 18822990 18833982 19824145 20209025 20414217 21729540 23324325 23421006 23628049 26419482 26668603 26713682 29985526 30272314 32377446 32712520 34674286 34826262 43500507 44733866 46037408 46476526 47110722 50300582 51758990 52866517 53443633 58341833 63285684 64844059 67436412 70199201 75221587 76866234 77281326 84623487 85665693 90964504 104337086 112762523 118102391 123116942 124524462 128601175 128968339 132013729 140028928 141242868 155192639 160313219 165144151 169655919 171719023 177330882 189686051 191514152 191840628 195165128 195796378 217162001 217527334 222444337 231254156 231488894 232979512 235380880 246290364 247136805 254426170 257186370 260505934 260786513 269082797 
#module 76 size: 31 bs: 0.409322
16191771 17237906 18059231 18500852 18911295 19245279 20340239 21783716 22018221 23343968 23560531 24603879 26847783 34278049 38615541 39099106 42140354 52575960 66531467 71632263 77949533 107025267 112558885 116690967 116886298 143613967 176140153 207977066 211774252 245439953 249485868 
#module 77 size: 212 bs: 0.521286
1630261 14335761 14516697 15767281 16272356 17214701 18186993 18308864 21751985 24442567 25512025 26001722 28447455 30933895 31288054 36941550 39362638 40264785 41959740 42026511 42992593 43266527 43321377 43785909 46972036 47216578 47599165 51185550 51482997 54213842 54295084 56882778 59122298 59394895 59577520 60211331 60578598 61238566 61476055 62193495 62625917 62913830 62964460 67775956 68446061 68480226 69427987 70449609 71530623 71847229 75541452 76862092 77292945 80481912 81052999 81423917 83434276 84269742 84894256 85543520 86188413 86241413 88140118 88342470 90932230 92251230 92711494 95654308 95738226 96756546 96898398 97598142 99031903 102067385 102107813 103175150 104223101 106824606 109302745 110921163 117255869 119230913 119980245 121235735 122025560 122586910 123318445 123778145 123971807 124866595 128144689 128693679 129347403 130158543 131317768 132681279 133456536 134352532 134487373 135102077 135298815 135687184 136794736 137443330 137531481 137917994 139788444 139882332 142127373 144422669 145408456 146655020 147314264 147342909 150845268 151714614 152189675 152479960 154776946 155668326 156121581 157645081 159049573 159791993 162735344 166207466 166235979 166394396 168296616 168837176 170143271 170606832 171594145 171994706 171997599 173534506 175533140 177156570 177407138 178197920 178275485 180481402 182056988 182357928 185124947 185158668 185657737 186024338 186901595 187594363 187731482 188419032 188560097 188574103 188840004 190120150 190229547 190395758 192809889 193088908 193274143 196853166 198560132 199009858 201763743 203495480 204838222 205361935 208677720 216529788 217576078 222112008 223691577 223757158 225390538 226672560 226769636 229674969 229944730 230859303 231085129 231546333 232573485 233948859 234001935 234840602 235179906 235324659 235633896 235729192 235759321 236368003 238356204 238602830 240468977 241472180 241808450 242884484 245453198 245793450 248493560 250731274 252371425 254493514 256324516 259011240 259394715 259493072 259638685 260985403 266278152 269218298 
#module 78 size: 143 bs: 0.625932
246103 1936361 12088232 13817822 13832532 14053295 14472183 14848221 15399951 16275858 16290327 16444912 16496431 16630083 16878100 17011345 17259640 17301889 17813433 18083141 18124692 18208795 18332827 18414159 18566129 18795950 18829156 18962975 19552126 19624059 19774114 20105071 20372179 20414217 20882372 20956390 21930609 22380908 23135992 23324325 23409989 23506185 23664028 23844792 23939797 24561449 25688058 25729276 26747105 26756907 26773692 28410099 31059620 32147116 32435460 33452655 33452988 34826262 35105327 36073824 39897996 41856927 42465046 44224901 44870998 44986113 45484909 46476526 48737785 49013625 50489460 51043119 51678226 53657495 55979296 55995317 58341833 60654941 65260323 69102823 71740672 73683746 75141533 76866234 78543480 80235953 80796687 89121882 90325437 92439035 92697733 94397566 95448172 103285229 105214847 106182367 110470795 114767953 115036116 116994547 119178303 120707178 120765039 122218767 122493098 129949964 133923294 134505123 139567380 141242868 141499502 146093372 146237367 146965762 159716429 162898103 162959901 166248847 169655919 170270136 172341029 175590052 176806231 177330882 178525052 180160839 183781511 191609459 206613587 210308682 210666689 224074946 232979512 237962820 243431726 245167786 248960481 250928526 251425066 253589177 258475508 258934913 262312950 
#module 79 size: 128 bs: 1.04071
14096096 15274836 15455358 15605754 16253235 16980777 17070787 17528356 17771429 18857778 19961801 20414217 20477352 21625207 22830586 23282565 24545046 28765331 29436139 29451005 30455734 33778988 34733255 34826262 35321567 36279515 38087508 41291640 41874288 44564343 44693348 45187586 50663525 51908250 54113444 59913286 62985966 74003363 74613440 78000325 78606921 80175829 81314945 82911157 84053324 84236250 88435810 89708408 90195278 91462853 94776307 96889262 98128280 98580028 101142166 102847829 103655819 112058406 114685387 114762261 116488585 119297816 119946793 125322205 126492276 127356642 128023725 128601175 130302239 130682467 131862233 132553078 136802522 142977623 147026192 148425035 154105545 156475064 158000381 164856615 174095086 174319881 176642333 176806231 176929534 177330882 178368272 179131373 181520337 181800245 183998273 185187643 189758673 191964962 194608987 195488976 197178807 203867751 204632531 205609713 207553661 209558599 210886997 214406243 216145017 217574343 228636294 231858934 232378811 232603412 233241581 234308463 234318173 238299492 239286291 242354131 242454810 243913373 245188974 252855619 255180880 257467966 260620672 261894735 262035041 262261836 267882860 275672060 
#module 80 size: 36 bs: 0.304061
1774081 9335042 9405862 14398964 14738804 15165587 15175391 15367279 16530746 16928122 17062597 17116782 17343595 17353481 17837216 18603672 18638821 18783265 20212448 21213658 21832608 23974021 27018757 28462804 30469863 34507129 71410962 75800420 77042833 84043516 114579424 130575807 144892029 170351580 203149052 257556561 
#module 81 size: 146 bs: 0.976072
1308101 5820022 9886592 12566322 13191382 14274606 14320910 14746460 14870804 15343285 15362948 15371730 15660796 15825852 16032700 16105152 16130242 16156302 16201819 16320817 16520112 16536804 16787126 16897237 16956103 17083396 17116782 17343595 17351052 17400430 17424617 17505487 17878154 17971670 18039861 18087450 18175164 18214840 18275871 18322904 18485106 18744397 18786047 18790031 18795950 18857778 19023804 19288077 19532857 19690008 19774034 19789205 19841754 19886347 19988765 20201647 20338713 20397358 20758436 20764205 20813783 21004344 21863612 22413145 23032476 23155646 23843205 24551605 25567123 25736364 25931068 25948167 29343437 30376196 30857134 33648595 34262175 34425171 35068546 35523686 36098673 36730935 38359820 38668559 39470262 39700831 40268283 42909484 43249641 45004183 46340763 48284445 51034077 51096590 53188888 59095319 64047804 64927053 69001280 70632952 71015802 74026628 74625574 77402928 79740296 87719258 90313639 93100491 100004821 100188468 101863069 104211750 105305259 111701523 116571138 117850134 120965844 121738047 121910714 125090924 128100093 129098605 131246223 131357770 131646552 131881168 135011198 135414895 145350228 155396230 159245037 159329042 180077597 185681415 193674723 201531255 206358757 209471041 215989468 216905062 233221276 239576675 240365217 242179067 259288480 270698836 
#module 82 size: 30 bs: 0.436741
14270329 14676022 14740408 15978380 16700601 18485748 23064510 23958589 28018958 28377973 34676616 35602818 36997036 40506540 41159844 65293006 69971262 75630518 79039503 88498786 119139599 140060120 162959093 192477353 193689467 224808382 236711870 242852382 253473812 258731466 
#module 83 size: 22 bs: 0.256384
8393112 13220972 14144790 14212028 14291015 14327792 15445154 15534716 16941718 17850637 18189305 21275406 22201568 61849834 67898690 86160868 104901157 110281707 113747572 125867143 142415173 195742848 
#module 84 size: 68 bs: 0.803058
11332 6753242 12693572 14188969 14248612 14339520 14554078 14911255 15293352 15522756 15585410 15843240 15852054 16208408 16261638 16278038 16395482 17224164 17945015 18121680 18231339 19160080 19450841 19790013 20267632 20770172 22077506 23309869 24561424 24816382 25197341 25367291 26900011 33362218 33877371 33885025 34302264 41437506 43635444 44015183 44202114 45756215 46589508 66158240 82376322 89273858 92356909 100818788 106185357 107572393 114467024 126754289 142761850 144325640 160897794 162052960 167570736 182466412 185497324 192895653 194832495 202257778 207793457 211011485 223704520 229291215 241210475 245543122 
#module 85 size: 250 bs: 0.492961
811182 5693062 5764432 5998552 6120472 6603672 7044252 7226972 7823692 7867802 8287952 8299792 8447862 8647302 9306542 10284542 11058922 11279172 11304762 11965332 13097772 13306282 13354002 13546712 13654112 14079425 14200437 14216712 14216821 14316141 14342547 14372059 14380462 14435478 14436072 14462781 14616050 14621637 14625146 14631638 14641392 14727152 14820299 14840993 14871283 14892523 14935079 14935192 15044502 15062528 15109462 15113529 15214601 15302201 15451434 15510756 15689313 15746084 15747743 15768216 15819292 15831093 15859253 15887107 15896304 15917510 15938944 15946540 15975681 16148335 16294267 16304010 16337697 16411898 16438743 16473793 16535920 16641718 16662478 16684007 16733141 16819278 16880685 16915314 17062111 17066077 17069525 17172429 17204519 17206150 17228171 17242874 17273391 17326645 17385961 17393362 17429788 17580892 17676599 17746589 17788582 17827085 17927796 17995655 18029498 18034962 18129159 18182511 18194787 18211473 18242620 18262412 18276100 18418944 18431771 18492564 18536322 18536826 18559445 18728945 18731529 18773467 18832833 18932935 18949053 19246850 19341833 19418492 19431493 19490555 19498445 19611658 19618046 19687218 19743196 19790783 19899940 20148513 20160897 20319730 20497524 20612953 20660609 20664195 20685484 20959144 20996839 21018559 21158774 21318903 21345203 21658412 21776768 21777919 21812410 21812771 22091828 22150874 22360594 22577042 22753132 22965779 22987468 23026604 23106500 23126646 23171383 23172966 23219980 23274866 23499247 23556388 23620612 23711425 23953237 24247270 24533117 24603879 24865454 25570524 26092570 26104299 26681326 26870624 27702107 27787027 27845072 28166828 28240302 28377117 28448216 29943167 30145166 30479742 31152881 31738235 32059102 33014475 33870680 34057913 34146256 34417776 34572831 34709013 35280301 36986564 37920064 38186171 38194364 38338308 38488854 39001459 41883924 42601947 42680682 43155565 43740591 44388527 45085003 46159898 46787956 48497316 48663963 51527704 53056410 53257111 60695143 63728431 66480892 67010977 69342256 74622096 75165241 87795802 91694445 99320433 101686868 104357325 110259781 111053385 119710421 122466242 132394928 134853224 145347010 168517618 182562771 216952758 220885006 240551046 
#module 86 size: 26 bs: 0.68589
14300954 15734531 16308041 18331770 19183264 20376532 33637010 33832697 35656602 39749553 40004981 43573375 44446489 48036380 50227060 58454165 61818955 63463335 76745868 102363028 106375859 134807812 162665603 168071804 217064519 257467966 
#module 87 size: 24 bs: 0.732186
651543 2148071 6486742 8476602 15002220 15862839 15947897 16248619 17168493 17578918 17844404 18204677 19751635 19801665 29125475 41250334 58563977 70751508 95912884 107093676 118769820 123963067 153997237 227818834 
#module 88 size: 103 bs: 0.907812
1081 2900 3840 11752 12696 13348 50193 79543 683113 688483 788673 815476 815897 818340 824157 1020961 1045701 1129871 1322691 1934931 3303571 3597921 4554681 6219652 6302382 6911662 6944372 7315022 7508092 7708092 7885972 8348782 9074582 9413702 9804222 10224122 10284472 10650562 10876852 11202562 12294192 13102262 14095473 14110654 14260608 14263141 14277276 14327478 14332565 14416798 14426771 14524060 14828536 14908932 14936846 14943648 15058363 15063931 15138003 15270963 15631770 15936194 17755042 18041438 18196178 18660690 18857922 19255759 19542974 19996935 20025220 21069098 21554226 22204032 25513646 31503269 31536253 34356968 47712248 48123021 50686513 57600394 59580078 60642052 75423477 76424904 90803319 93837236 99536748 105235681 107639543 123963067 128361193 131607538 133480857 140827994 156407255 165482352 185002853 199400238 221650526 241041897 244404903 
#module 89 size: 41 bs: 0.690632
16953 631803 819546 5660312 6695732 8933942 11726442 12601142 12683642 13267172 14690254 14727207 15123673 15406144 16882886 17134865 17579321 17940962 17952277 18375249 19192221 21224776 21407983 21764657 22110931 22660345 24756213 26548347 27969192 39428095 76784104 77292631 81367143 86711072 89554626 97468141 103585065 106546060 115944587 204824975 224255455 
#module 90 size: 130 bs: 0.390157
2900 3840 11489 12716 12916 13348 50193 56653 62783 74673 79543 636843 683113 703953 759186 772681 782354 788673 804904 812825 818340 822647 824157 1040391 1048931 1386571 1630261 1797291 2564981 2737751 3460751 4959461 5024061 5402752 5531562 6065942 6219652 7277852 7508092 7865552 7885972 8039442 8132322 8925602 9324442 9574902 9831802 9896872 10876852 10921672 10952962 11470032 11884342 12702572 12795662 12852572 12886112 13140132 13438712 13578412 14015762 14063033 14079017 14083627 14095473 14179222 14180249 14222176 14387542 14433757 14500374 14528817 14582352 14607461 14643996 14919201 15064389 15067045 15073882 15288377 15294706 15354042 15469101 15865260 15947897 16120265 16222945 16381178 16407837 16465359 17372386 17976577 18300176 18370656 19065393 19746341 19996935 20025220 20466813 20696032 21266715 21575880 22052924 22387220 23225823 24553362 26730532 28039217 29135440 30010982 34356968 34904126 46958309 53311224 58561993 60843560 64122735 85267320 91148885 102568475 115087202 115933562 123963067 129878110 141004777 145662065 171669403 208398817 253953257 260518040 
#module 91 size: 141 bs: 0.267078
6188152 7205122 12322812 13599852 13785352 14100617 14212359 14227897 14294650 14517899 14543117 14572033 14572196 14937173 15062527 15121781 15233366 15400332 15442150 15495117 15895108 16033434 16044729 16387116 16471088 16492009 16513795 16716129 16877448 16886645 16936459 16951443 17240550 17323733 17365324 17503856 17824560 17909421 18155171 18168267 18356346 18557253 18774686 18776351 18873213 18967578 19085742 19111507 19641024 20250302 20271080 20332142 20351695 20481131 21486753 21622756 21799282 22372197 22736954 23145109 23714675 23866339 25316662 25780932 25887809 26419638 27865199 29509119 31520228 36702921 38447355 39323281 40099249 41123794 46164502 46787681 47721240 49121564 49233038 49849110 50008018 50077710 53941287 54330827 57135779 62950338 63230620 65363711 66871294 67898690 69025404 77392251 81505840 82112778 82411192 83393956 84124761 84497664 87106149 92437178 93800894 95998018 97361708 101253269 101631951 103576036 103969563 108417469 109460638 109604578 109841442 110320464 110532690 111047938 111482299 114049072 114628210 115247248 116587005 119517827 120958573 132946771 132975929 137178307 140869994 160994217 162140481 163845303 173899102 174649888 182466412 189092067 201242210 208303207 232568677 235347368 239191123 240920084 249361812 254092296 269889901 
#module 92 size: 236 bs: 0.308319
27953 683523 775861 814293 4303181 4937061 5513352 5693322 5778852 5798602 6118242 6389222 6630962 6655632 6811802 7491582 7773162 7830812 7853592 8147062 8417802 8539242 9048222 9491292 9615962 9850782 10268302 11235032 11606702 11674822 11892722 12337592 13107602 13225072 13272592 13900042 14054450 14061723 14083767 14105540 14144790 14178312 14179549 14204449 14218186 14227897 14242280 14245501 14251373 14253707 14274372 14277846 14289835 14298819 14299583 14302111 14345566 14376840 14378281 14433007 14443616 14452057 14469179 14532188 14575798 14605495 14634197 14634791 14659923 14664756 14679080 14705619 14706004 14717311 14753540 14773346 14775487 14796279 14846859 14883514 14923682 14937173 14940826 14941009 14998779 15023383 15025059 15075459 15120037 15230754 15233366 15239123 15293352 15391752 15393033 15400246 15483517 15487499 15495117 15551263 15615591 15678167 15686613 15707047 15811608 16013349 16033434 16124611 16153984 16261638 16332052 16353944 16356833 16471088 16492009 16521150 16570335 16586626 16703461 16716129 16887348 16912241 16932185 16988357 17022831 17024671 17037986 17240550 17246888 17280132 17332386 17475281 17519222 17576667 17644563 17740210 17764146 17981089 18131988 18280708 18327007 18460854 18493879 18592579 18609139 18997377 18997715 19090407 19111507 19276287 19475375 19654787 20351695 20611194 20660925 22018221 22046753 22490140 22866896 23437737 23498775 23655155 24436600 25092348 25318477 26418098 27944666 28106848 28564127 28599031 28873178 32516316 32613223 32964444 33492243 34074792 35636804 36368888 36407795 36522491 36568789 37240699 37977930 39485994 41123794 42934314 43111514 43635444 43765408 44458662 46707560 47613125 47721240 52090770 54370980 62509229 62606223 63283271 66818412 68982398 72426413 78924375 81505840 84497664 88214227 90776145 91458608 93953977 94919897 98025022 100817771 101253269 101477465 102780726 103976896 107572393 111047202 114628210 119220971 125382460 125867143 132250957 139552551 143879476 160994217 163383284 168730556 174649888 175018925 179154258 216782324 244673838 246024271 250248024 254629570 255257849 
#module 93 size: 18 bs: 1.00034
16162490 17446886 17948379 20380789 20813611 25159698 26312359 35152869 36601355 36713201 48096690 48392114 66395780 81394914 82109274 152908018 191663507 214212019 
#module 94 size: 91 bs: 0.588881
1315431 5125971 7595842 7746052 9734372 11299932 13267622 14131683 14136972 14236479 14389615 14433007 14568079 14617878 14664756 14864169 14935192 15113155 15308303 15323865 15400979 15462767 15520700 15551294 15662467 15678167 15803220 15907716 15936780 15979153 16027532 16261638 16278934 16358939 16561212 16663709 16703461 16818490 17074457 17130180 18179554 18345963 18460854 18560205 18822866 19137574 19774073 20271080 20954257 21690938 21881105 22018221 22023311 23797396 24436600 25266932 28006501 31620237 34128302 37549379 42934309 43171018 44683837 48791942 52927776 56458700 59518891 60449169 70461418 72353797 72426413 75192691 75356470 77151544 86239624 90776145 103356166 103864359 107572393 109886771 110746020 112009840 124908488 129682105 151084354 151546361 155994909 172204281 180911104 182066809 196671715 
#module 95 size: 137 bs: 0.111619
15462987 16068825 16506186 17362299 18483871 18534567 18629665 20897273 22589921 23335196 23844792 27386308 29090205 31403276 31830665 32451329 33218276 36813285 37190491 38646243 41965009 42119491 46054692 47110722 48320268 52254968 53324525 56836415 60936367 68414446 68554574 70236664 70833097 72036947 72826714 73703096 75630518 75816353 76498257 77905001 79754695 83454492 84524757 86495946 87321877 87590534 87712519 87719730 88198639 88829709 89036498 98390827 100281735 100554896 101106972 101221067 105268204 107621747 108140942 111992715 116999724 119196878 122056847 123055515 123116942 125392820 126153057 126351209 126387549 127636504 134009694 134687004 136242193 141243524 142303850 144921225 146943510 148055679 155311735 157314364 160718204 167700350 168710679 172223222 172397445 172639027 177931290 180390958 181929711 182040558 183626732 184518363 184756173 187951011 190546924 192972145 193364199 194066377 198056848 198590293 199234560 200123241 206216645 207379807 210268467 218193050 219089755 220756966 222485748 224830108 230770866 231472142 232834568 233257736 239190317 239682389 239923310 240878542 241310760 243164287 245094866 247042017 249096055 249259023 252759457 252769982 253414535 253784340 255708730 259733469 260136602 261277321 261708017 265960486 266296850 267579171 269747809 
#module 96 size: 386 bs: 0.228056
2900 5608 9135 10305 10396 11426 12522 13050 13410 34173 37573 76373 79543 616173 625323 754556 755452 777560 780006 781493 781895 790000 792907 795448 803847 809183 810579 814293 815233 816154 816812 829771 854291 926121 1220351 1249431 1253451 1283361 1315431 1322691 1330151 1355401 1356261 1363481 1530371 1953911 2150541 2241221 2507851 2825191 3028161 3041201 3452941 3533231 3597921 3714411 3855911 4958911 5024371 5179031 5238371 5259391 5385262 5408012 5449422 5525212 5656332 5661792 5683952 5724622 5738952 5816442 5916122 6014732 6018562 6084982 6258192 6269602 6271842 6419872 6509242 6609072 6904582 6976562 7006712 7144182 7508092 7901042 8112832 8596022 8654602 8765892 8769212 8906982 9139352 9147742 9248102 9355162 9366702 9409732 9468812 9527242 9543092 9543992 9588882 9639352 9676152 9759932 9952152 10224172 10355872 10771662 10785032 10864492 10876852 10928462 11010622 11063312 11148342 11202562 11403042 11413172 11632342 11774642 11855222 11991832 12049792 12485522 12536272 12727902 13028322 13693042 13884782 13979662 14056454 14084098 14098332 14109075 14115587 14118793 14133436 14134419 14136479 14141301 14152445 14182254 14191626 14213692 14217862 14228300 14238738 14252191 14260608 14264410 14266588 14270757 14280977 14304302 14304739 14313749 14319523 14325932 14363211 14421385 14433007 14435124 14448173 14471522 14476147 14562004 14562685 14578544 14632661 14652452 14660213 14715504 14715516 14724577 14727152 14803154 14833389 14850719 14855279 14860922 14861579 14943818 14949249 14951992 14985117 15040500 15080701 15081182 15087461 15098639 15126388 15131310 15131428 15150351 15158352 15250836 15288377 15342518 15365429 15367795 15381346 15431942 15441074 15447545 15487747 15497928 15520554 15537003 15538795 15579449 15675424 15678008 15699754 15706037 15751164 15845496 15885310 15891536 15908105 15924506 15937921 15947185 15953031 15991918 16012310 16169898 16191109 16234345 16237734 16275014 16303557 16348705 16369099 16438898 16533013 16539573 16690175 16727007 16807860 16813361 16818880 16874616 16888514 16907121 17003118 17005197 17047248 17079099 17080534 17087370 17156131 17224082 17295666 17439117 17451602 17464581 17471010 17506774 17514057 17545037 17576806 17577078 17593208 17727253 17925141 17972230 18049840 18072408 18086674 18092306 18213932 18233716 18254895 18258178 18281397 18312678 18460854 18497497 18557448 18565158 18621945 18628769 18699208 18704291 18754728 18773467 18814878 18982378 19012615 19572909 19996935 20466813 20660146 20698002 21182196 21367818 21544692 21546828 21626871 22164330 22516489 22539801 22982474 23033582 23135992 23388683 23406304 23500913 26287569 26374989 26590781 26618577 26850477 27961877 28108567 28584787 28612042 29827578 30025767 30059550 30175166 30204846 30924802 32629751 33369174 33815302 34343816 34356968 38388028 40007151 40486003 41172680 42630325 42654335 42793960 45617989 46360075 46668984 47951693 50832208 51527704 56810786 64387245 67090241 68696417 74250663 77750391 78789634 81453802 91194630 91894424 93730653 102524769 103331100 104289815 106491960 109440429 110821538 117016997 119395435 119546373 123437271 124473570 126150918 126362262 137717770 139984101 140935817 141357881 167488325 177234194 185002853 197962366 199015109 210785308 245126239 246191415 246913322 249415812 249964144 256172796 257522681 
#module 97 size: 86 bs: 0.801702
755332 7288532 17608059 22108647 27325141 33778988 38976017 42740377 50002300 56443851 60650519 61421779 63646347 67656375 69187979 70478756 72218449 78275869 85008170 85346124 88776484 92678445 95037522 101014503 106831967 109433379 109504968 109881181 109995803 111410375 116234257 118028227 123634244 124073829 125409467 131021790 137066744 138847948 138905522 139628316 143882311 150830257 152935567 153428380 154959835 158875382 162965189 164199982 175413619 176687793 179514953 179964691 180605438 181120728 181233139 183182089 183626732 184876062 184886029 188185864 188683808 190229279 196885303 200673064 204578326 208703350 213487656 215235391 216902526 218375995 219011376 219785653 220502693 225564695 230589809 232451257 237358682 240586538 243848799 249818868 257994974 258039690 259171181 261630686 269111650 272566820 
#module 98 size: 318 bs: 0.731968
13410 684743 898171 1069351 1252191 1485021 2059841 2960101 4278151 5449422 5660312 6183312 6509242 6572042 6695732 6944972 7172452 8092472 8294022 8402052 9081922 9200242 9405862 9654112 10785032 11028352 11035782 11073902 11316212 11349102 11541372 11567972 11577962 11896242 11965332 12047202 12070672 12517792 12536272 13012632 13124962 13356392 13546712 13601052 13683762 14027532 14079356 14097725 14177081 14285046 14290415 14315246 14342975 14345609 14364397 14384696 14399289 14519349 14533716 14599422 14618493 14749220 14801984 14855279 14869791 14910806 14938248 15052090 15257682 15315857 15364959 15410368 15412070 15488145 15521495 15632835 15706633 15768141 15839517 15863689 15987060 16089513 16106525 16163790 16226484 16345566 16418505 16425453 16438898 16445899 16506571 16530746 16668970 16720708 16750984 16827720 16886925 17046369 17068225 17125155 17204519 17214633 17310398 17343124 17366090 17463660 17466146 17569124 17641457 17713959 17779287 17848135 17972230 17993310 18137387 18188365 18203404 18280155 18402888 18442894 18455643 18497497 18499012 18621945 18630708 18680847 18710031 18754728 18814878 18818095 19047089 19291590 19471181 19505248 19533093 19564474 19599271 19685572 19771162 19920360 20096335 20567743 20628420 20660609 20686153 20698002 21132950 21225270 21318183 21566395 21695613 21703120 21781176 21816096 21908076 22119456 22203887 22289075 22539801 22992918 23014496 23126646 23130098 23197604 23331830 23547843 23584959 23594701 23789698 23992198 24165974 24908830 24990215 25054164 25065717 25294886 25911549 26089676 26334426 26474694 26943860 27067218 27413705 27426996 27890540 28115822 28130246 28578596 28658384 28936770 29046105 29529143 29767444 29807370 30146922 31269851 32428493 32503018 33606835 34244176 34323672 34737705 34932133 34983319 35301479 35402203 35476723 35798802 36217004 36380897 36480743 38164856 38194761 38329264 39001459 39528744 39616153 40300225 41721520 41905057 42659612 44203387 44497235 45334322 45879513 46476708 46529685 47507850 47986482 49115842 49620984 50024842 50387743 50718249 57102394 57247518 60321100 61628815 62865525 63728431 68452697 68839777 69577964 69648081 70267806 70474548 72627052 76416892 76488224 78634066 79287934 83602448 83897393 86272337 86843948 90058548 93730653 94561549 96585127 103944737 104893393 105203822 107462003 108136710 109595020 112869554 113420566 114519095 117477071 118132028 119127201 119777563 120900736 122477485 125745997 130974356 131070862 131625652 131979670 132977590 134156687 139458881 140591488 141527434 145361923 153483319 155394436 156985004 158788474 165590939 167686055 170101646 171519363 171995715 186957019 187594795 194152765 195440552 195900371 198911524 199609635 201835381 207669798 209789811 210785308 211556899 221485597 221749521 222128283 222268976 237220110 239221322 241164164 242821748 261947295 265427614 266389364 267924448 
#module 99 size: 153 bs: 0.740653
6084982 9015512 9506452 10410632 11732322 12300692 12386462 12973362 13190282 13418512 13475382 13654112 14089271 14125005 14160471 14326003 14389062 14391111 14393904 14427431 14451294 14544864 14562275 14625146 14632998 14641392 14641606 14727152 14763336 14837928 14871283 14938248 15010777 15062528 15117599 15130462 15189849 15228091 15247986 15284607 15295785 15313725 15343285 15348564 15506834 15520700 15566022 15575441 15671214 15687170 15689313 15747743 15768216 15872657 15959806 16135362 16270580 16356317 16426698 16438743 16720708 16819278 16840877 16895549 16897237 16908775 17010854 17066077 17155901 17301914 17343124 17368610 17380976 17410758 17413777 17524007 17565891 17788582 17845906 17945843 17955879 18065823 18642642 18691494 18737023 18752726 18773467 18832833 18988817 19187122 19246850 19471190 19477451 19477654 19611658 19916228 20071285 20212448 20567743 20660609 20989298 21080122 21200319 23111457 23372889 23861287 24425906 25127831 25274451 25737016 26255541 27011541 29724162 30272314 30705248 32998543 33063845 33672294 34637152 35929320 37396821 41238441 41253854 42668060 42929595 44234494 45051485 45085003 47470276 47497885 50743805 51222676 51253969 53444887 55221570 63314023 64847676 69342256 70335881 72084922 78570188 87478288 92117844 100111917 113979106 126912691 136758945 138555043 145530134 172592448 198699773 203137786 212095146 
#module 100 size: 81 bs: 1.06512
16506186 18534567 20195689 20477352 20897273 21113258 22341769 23135992 23335196 23401174 24163850 24733117 25897762 26388416 26874644 27043989 27512005 28486708 29163409 29355945 31830665 33452988 35748845 39584114 40187188 41965009 43600056 52254968 52780400 53324525 56836415 61250869 68456925 68554574 72826714 75630518 86495946 87321877 94159667 98505044 100554896 101014503 101221067 107621747 108538150 108679657 111992715 112558885 117022831 122056847 133778635 141243524 144921225 148055679 152352981 154440966 157765776 159658784 160718204 166698317 169443688 172223222 172397445 182040558 183626732 186633188 192709407 193364199 198590293 199234560 200713835 213961838 222189121 230314512 233257736 240878542 246418321 249096055 253414535 253422875 255708730 
#module 101 size: 40 bs: 0.97707
19783137 61496860 73331245 83491082 96089519 97122417 101711457 102043210 102542634 106413293 106727127 109881181 113198037 116873115 118230146 127465176 129529866 130128230 146321140 152143338 154906588 156198826 159503258 162060324 164271321 165200431 166815795 167312921 167735296 172223222 179514953 195979860 205094271 218936223 228331929 237114951 249983793 253545416 263517122 264046779 
#module 102 size: 86 bs: 0.604855
10438862 12392822 14685174 14889185 18761609 20990463 24334049 31334049 36254904 41597013 46114472 53040017 53846756 54588187 56081642 62698050 68939290 68991418 69187979 70416891 73829527 79043962 80741351 81548178 83491082 84358598 84623393 84843976 85263926 90837985 92145218 95333167 95382723 101690924 103510832 104400450 106319129 107747077 109504968 109881181 110609337 111809956 116073715 116526623 117836707 118028227 119348430 120694668 120926981 121117011 124306740 128151956 128240571 128811995 133279867 136461307 139469291 141167217 151959726 154363906 156636089 159265325 161480745 163745140 165583353 167492987 169795819 181834984 183926085 188474582 189374598 190359605 191807566 192124196 195779937 196273078 202090023 206198440 208325536 217923038 219011376 223488253 226925720 233796756 249222971 250070427 
#module 103 size: 590 bs: 0.121062
785595 10786382 16956339 16970638 17905825 18105493 18234520 18385897 18506975 18958597 19035245 19124543 19167202 19578025 20007264 20027256 20116255 20733757 20751505 21057434 21259003 21881621 22042403 22192559 22242179 22254576 22341769 22540789 22925703 22950203 23031702 23103362 23135992 23257245 23420024 23451393 23782518 23961550 23963107 23992376 24351659 24411254 24733117 24741411 24811584 25154863 25253084 25897762 26045055 26815053 26874644 27071190 27109378 27234262 27257879 27512005 27515718 27753611 27827695 27908385 28031609 28214315 28486708 28738346 28768235 29015085 29084075 29355945 29460521 29518132 29555467 29770468 30194186 30404850 30462898 30665326 30780296 31293436 31330292 32145253 32300434 32334346 32530781 32584355 32633716 32770999 32957473 32992448 33080831 33158772 33327675 33498000 33657457 33668466 34405249 34443244 34686024 35176496 35520594 35536649 35726826 35748845 35810047 36719360 36832842 36906540 36944780 36982314 37077578 37246265 38151136 38260779 38327069 38541154 38600665 38610291 38729990 38925280 39176418 39439728 39653094 39910912 40185311 40187150 40187188 40248272 40337245 40340319 40350303 40701143 40907388 42330308 42670114 42684074 42990133 43364907 43600056 44278796 44297180 44636789 45013235 45051894 45547073 45865465 45928398 46019128 46666938 46754894 46860582 46934475 47520916 47828718 48059095 48726854 48764460 48867402 48892632 48915248 49464688 50985635 51482804 51531341 51734182 51982828 52114630 52405458 52474527 52504599 52582757 52725693 52757236 53292314 54387128 54709948 54877998 55222535 55927532 56675544 56706308 56994938 57231428 57486140 57505932 58256315 58268797 58751344 59197928 59338505 59355478 60304834 61109023 62415418 62619975 62635353 62972069 63192289 63260438 63468801 63531207 63597788 64217263 65367727 65748080 66906291 67574227 67771977 68094095 68241308 68442782 69366493 69490214 70617438 71185998 72005983 72135569 72741498 73710819 73978891 74033128 74202957 74586267 75243379 75551503 75612668 76456492 76667648 76976987 77895702 77939719 80449471 80621298 82390302 82977544 83220224 83735005 83770292 83966731 84061021 85632018 86528620 86549560 86780531 88388566 89385774 89776939 90668001 90854372 91273362 91683053 91943914 92927188 93328997 94159667 94831581 95277355 95522978 95985617 96109157 96815249 97051433 97158610 98505044 98714095 99001341 99356759 99772708 100479447 101612960 102186571 102951314 103088329 103116624 104055955 104434793 104733034 105343122 105860187 106175819 106414572 106601959 106888707 108350879 108448846 108692077 109569992 109596525 111795703 111989628 112075462 112760135 113422725 113734388 113831847 115585592 115624836 116706360 117157665 117196502 117792193 117962382 118352178 118614880 118713710 119113698 120652915 120962212 121163932 121296694 122290394 123130128 123324025 123431836 124248528 124548242 125150547 125277965 126346398 126364732 128809182 129730276 130395742 130554757 131066597 131370098 131512268 132108729 134743070 135057752 135715040 136004374 136653516 137183468 137455666 137622383 138166083 138628895 138847948 139184917 139535000 139757503 139965205 140255945 140286942 142410443 142805881 144378293 144712717 145159487 145341208 146452672 146906710 146917975 147043669 147359145 147359386 147461784 147756403 148155333 148476118 149729022 150255293 150400817 150770608 152352981 154132764 154368883 154635466 154972484 155029302 155690100 155899912 156296440 156783397 157122822 157729385 157767014 157832459 157858384 158104132 158136469 158216035 158228752 158552358 158630760 158980067 159144566 159527534 159563937 160029634 160984282 161813117 162017343 162092045 162364970 162557157 163719471 164453074 164725958 165090476 165814490 165826885 166839611 167915369 168402242 168563935 168893547 169051492 169074286 169103586 169234290 170192703 171424066 172771660 172886308 174350413 175222812 175938534 176114435 176764759 177096882 177336546 177959094 178897716 179812242 181311417 182028677 182172282 182517897 182982341 183088045 183461152 183626732 184497682 186267547 186633188 188202145 188450258 188867349 189265359 191358215 191549398 191667380 191875463 192968187 193483917 193585697 193703862 194245667 196071730 196590443 198048144 198399355 198597076 199486235 199624094 199654751 200292780 200664598 200685361 200713835 201947373 202063776 202789051 202867023 202892149 203290250 203890384 204186596 204390536 205066491 205066686 205341777 205544568 207205591 207730312 208093309 209482512 211977478 212311732 212950155 213310819 213702367 213945499 213947558 214112621 216172901 216258042 216633243 219690900 219913962 220190718 220578999 221452291 221697034 222823225 223171168 223219109 223848490 224428744 225199394 226001181 226011338 226532196 226659463 227016826 227686496 228397622 229178886 229255063 229328959 229729919 230299067 230314512 230476419 230509267 230525319 231039361 231271588 231991793 231998027 232230669 232276959 232571300 232674215 233405624 233986555 234439191 234895094 235319539 235439150 235463218 235482531 235905598 236226987 236508708 236882308 236967039 237581493 237996239 238394455 239188819 240247368 241963008 242444620 243220807 243494256 244385521 244770433 245042640 245816373 245928017 246418321 246648550 247414089 249542643 250521819 250582808 250983856 251114231 251229821 253437303 254221946 255315692 255509379 256060579 256186650 256249279 256288010 256754305 257854565 258582570 258843668 259123873 259305320 259603718 259695549 260768576 261765367 261932674 262292817 262966574 263517122 264320420 264400863 266073365 266908845 267517115 268690589 269700319 270781759 
#module 104 size: 505 bs: 0.590263
16713 608473 1307011 1712831 3297651 4954131 5683952 5693062 6120472 6303832 6535242 7144882 7350652 8299792 8402052 9175912 9188592 9306542 11673662 11922842 12184042 12304722 12611642 13062502 13363182 13728412 14040522 14079425 14099516 14131420 14154581 14287191 14342547 14343150 14380462 14382508 14389132 14429823 14437914 14616050 14641392 14652452 14720411 14721067 14742479 14763855 14777850 14819061 14870804 14951992 15182385 15229127 15276401 15322793 15349653 15434432 15529625 15565703 15600217 15602091 15614959 15618317 15628274 15726358 15726500 15745139 15762258 15768216 15819292 15842676 15878020 15896304 15896379 15940736 15947185 16127669 16175706 16191175 16200143 16217220 16273144 16294267 16337697 16381764 16388972 16462209 16513752 16540406 16615594 16641718 16662478 16824146 17008328 17074244 17092592 17194090 17225325 17326645 17385961 17393362 17415305 17486092 17506774 17520649 17543438 17630773 17734669 17767500 17789501 17848135 17896640 17936052 17961246 17971670 18049840 18066875 18073211 18098819 18107886 18122984 18183592 18196308 18230113 18239795 18262412 18355228 18391075 18449174 18565158 18594996 18619708 18637420 18704291 18773339 18773467 18787132 18833982 18879847 18913509 18932935 18942695 18944608 18954425 19022242 19083865 19089993 19195914 19251173 19264339 19377400 19410436 19432112 19477159 19498445 19618046 19654406 19675857 19734025 19886908 20160897 20192882 20276964 20318194 20376532 20472901 20477352 20649770 20918359 21023334 21101803 21152997 21229200 21230617 21323607 21460496 21507298 21507883 21658412 21817105 21867719 21975870 21990854 22116240 22150874 22256515 22513467 22516489 22813537 22883967 22935909 22940727 22973224 23008116 23126646 23135992 23148563 23154642 23172966 23244977 23246523 23292975 23546638 23721972 23774237 23777198 23882123 23920779 23932737 23992868 24006057 24095880 24164536 24224879 24247270 24481083 24500538 24608101 24716002 24733117 24803181 25065717 25276905 25373949 25393674 25447492 25478329 25491038 25610972 25694234 25740983 25874451 26118186 26211291 26470645 26739128 27043989 27050983 27077432 27095215 27143583 27503151 27760633 28018672 28079769 28140193 28573074 28782189 29427149 29632619 29779074 30308283 30791761 30924802 31036345 31175661 31257590 31619861 32615340 33213349 33327241 33369174 33452988 33637010 33672294 34316788 34376087 34534533 34709013 35234203 35476723 35524334 35577793 36008885 36230769 36563254 36648662 36912323 37076569 37391190 37420083 37749110 37832300 39047949 39511351 39591754 39657792 39812315 39821643 40506540 40779851 40822836 40957993 41159844 41253398 41549425 41958323 42055361 42202168 42300159 42381705 42468157 43155565 43607866 44147853 44206517 44672556 44853718 44899126 44939343 45045450 45526985 45537747 46222099 47050697 47785927 47791995 47914845 47938142 48181005 48469625 48900102 49472317 49814392 50060799 51131831 51319087 51466642 51695698 51997163 52788040 53000535 53288855 53466911 54649894 54708000 54769822 55391997 55885084 56081354 56116936 56428052 56669858 56712219 57113993 57115373 57795179 59683851 60181596 62301773 62382288 62846638 63292317 64804024 65152219 65587134 65590754 66350411 66691421 66759379 66763589 67129024 67321398 69072789 69497763 69780518 70062275 70745737 71203121 71423326 72019681 73037662 73341141 73429252 73497064 73986605 74037588 74153376 74681972 75165241 75511224 75711686 77731518 78403223 79368271 79930408 80779692 80857771 82328753 82567107 83370426 83379102 83938774 84025309 84045446 84488824 84697403 87870915 88090633 88321965 88541027 89280747 90309379 90577798 90793521 90971235 91106767 92063493 92563411 92798123 93176964 93740417 94577861 94797309 94826232 95142106 95300430 95458918 96188024 96316448 97481194 98706590 100426508 101744237 102363028 105394663 106182367 106424240 107164806 107223604 107852396 108020454 110178946 111165159 112443324 112479899 112869554 113619900 113662211 114012228 114950933 115575220 116108369 116856787 117147872 119446586 120735491 122153660 122540204 123334275 123963034 124329490 124742769 124854403 125290228 126688022 127198803 127810704 133431287 133492415 133559534 134149133 134761691 138111295 138860140 139362133 139889120 139960419 140176807 144311568 148040105 149815436 154708805 156959765 163565993 165914228 170394787 171084149 180703009 182987447 189474615 189975197 199381244 199746127 201515262 203893499 204609287 204768565 219720365 229517477 232083838 232682267 236242567 238421074 244931754 244934195 244937270 249956612 250477894 250532240 250968367 251744064 253349591 255682362 257564668 267791703 
#module 105 size: 472 bs: 0.705589
608473 1132281 1307011 5683952 7396542 10221752 11673662 14090931 14099516 14150407 14343949 14437914 14468043 14545046 14549601 14664210 14742479 14850221 14898632 15044300 15274836 15307617 16248319 16496431 16526591 16530557 17008328 17357018 17387554 17420951 17473289 17475108 17486602 17579692 17630773 17721569 17763164 18282606 18433188 18507199 18529151 18627463 18649219 18689581 18692021 18933832 18953266 19022242 19109017 19138755 19597166 19632835 19640035 19713521 20352504 20376532 20813021 20897273 20938935 21023334 21113258 21275420 21335770 21746170 22341769 22414207 22589921 22840652 23041301 23135992 23418405 23451393 23555722 24334049 24636191 24686494 24703871 24791281 25100373 25419816 25491038 25740983 25762392 26211291 27325141 28076703 28226960 28301633 28402860 28859686 29355945 29459695 29708582 29747993 30464510 31257590 32182277 33085590 33241171 33247276 33637010 33778988 34010454 34030481 35748845 35910513 36585424 36643209 36880462 37222006 37391190 38151136 38580030 38748814 38976017 39584114 39591754 41159844 41597013 41660436 42381705 42740377 43600056 43637692 43746845 44150150 44446489 45672770 46138858 46878105 47300233 47380390 47577195 48181005 48320268 48342996 48504894 49216076 49472317 50025858 50225755 50408030 50832715 52699786 53000535 54623706 54877998 55274676 56669858 56675544 57131205 58149795 58244502 58438772 58881671 58904655 59043610 59191437 59427376 59697909 59845061 61481916 61543234 61751708 62509989 62554155 62816181 63039818 63290903 63292317 65507075 65539550 67321398 67381805 67656375 68036460 68554574 69187979 69377877 70062275 70478756 72826714 73112424 73341141 73986605 74887389 76476217 76887105 78275869 79368271 80043372 80779692 83379102 84014340 84430599 85008170 85032253 85736993 86770799 86831936 87212008 87331481 87820847 88265548 88321965 88471653 88776484 88829709 89731752 91071674 91198297 91396258 92063493 92102625 92285511 92364623 93176964 94378996 94579136 95137513 95288092 95740429 95985617 96316448 96387764 96790154 97855971 98200411 98479451 98505044 98673557 98895591 99325018 100281735 101014503 101171750 101911812 102308453 103106691 103651694 105623556 106645659 106769185 106874944 107186135 107852396 108020454 109671957 110404277 110986584 111435350 111969688 112558885 112938012 113097921 116108369 117943004 118028227 118278304 119480392 121237632 121239864 121437473 121644896 122540204 123322544 124203804 124252576 124942059 125150547 125409467 126598407 127692921 128811995 129498307 129899561 130899627 131003396 131643746 132109821 133834939 134841238 136378375 136461307 137786520 139292079 141167217 141361726 142513252 143502547 144311568 144383619 145196076 148273080 148418872 149747560 151212561 153042732 153559103 153586491 154959835 155962937 157498350 158875382 159001530 159658784 159929295 160097143 160919148 161480745 161524303 161993294 163250088 163424898 164830389 165418860 165583353 165594154 166584190 166757786 167959400 169655919 169970345 170061178 170394787 171084149 172223222 172225488 173871192 173941018 174291299 175344254 176225740 178053334 178808746 179514953 179964691 180084261 180275858 180605438 180703009 181633686 181783656 183271121 183499665 183626732 184292192 184896140 184900712 185221735 185477564 186118905 186791742 188117384 188185864 190229279 190397000 190915626 192236628 192626071 192643153 192823256 193035945 193834897 194109571 194604669 194783022 194955084 196161118 196281219 198338473 198380384 198793430 199381244 199382257 199746127 200139454 200230533 200903027 202075612 202192724 202376476 202849351 203560551 204768565 204979872 205346326 208161241 208703350 208830775 208920761 210819491 210831524 211633957 211858345 212006174 212135317 212248847 215683551 215797959 216013791 216605516 217181024 217798695 218902597 219011376 220255068 220502693 220594903 220885253 220982094 221265281 221489828 221509706 221526399 221919129 223443158 223488253 223679418 224883589 225491442 226207535 226273650 226822549 226995027 227986140 228561093 229517477 230314512 231496926 231535622 233409410 233597060 234869209 235629835 236242567 237394359 237819356 238468639 239020684 239186520 240062530 240878542 241801946 242477546 243321948 243691549 243825310 244791392 246600472 248988432 249096055 251487559 252782082 253727920 255234205 255704566 256291383 257636956 258039690 258923616 260108644 260278707 260505934 261344536 264046056 266151992 270018625 270029137 271781804 272418328 274197373 
