original_id	id_for_infomap
237962820	1
108136710	2
243494256	3
28018958	4
156985004	5
228397622	6
18234520	7
44458662	8
135579990	9
11633492	10
18557448	11
28402860	12
15706037	13
15024783	14
780006	15
181421726	16
14465902	17
199848513	18
39362638	19
69377877	20
23064510	21
2663161	22
213487656	23
18485106	24
156959765	25
98025022	26
90203791	27
253784340	28
51253969	29
14707115	30
9468812	31
106888707	32
15935243	33
4959461	34
153997237	35
237996239	36
14155372	37
36407795	38
116690967	39
115575220	40
165826885	41
197882703	42
26847783	43
228331929	44
809092	45
15599014	46
173941018	47
17514057	48
1712831	49
21057434	50
59095319	51
229543786	52
202192724	53
233796756	54
35234203	55
196071730	56
94561549	57
23628049	58
123334275	59
68481903	60
155899912	61
183088045	62
21587937	63
21182196	64
131881168	65
15343458	66
13050	67
12597012	68
29707246	69
60335753	70
16337697	71
95654308	72
123116942	73
37222006	74
12392822	75
41905057	76
14749220	77
21278570	78
18927821	79
18795950	80
114916798	81
83897393	82
15671214	83
14382508	84
51162926	85
123379214	86
114685387	87
43740591	88
258934913	89
161480745	90
91106767	91
17204519	92
14263141	93
158104132	94
62964460	95
144325640	96
191241796	97
22935909	98
196743148	99
15173486	100
7159752	101
59697909	102
195900371	103
15853065	104
63283271	105
15381346	106
102747321	107
111989628	108
23244977	109
104337086	110
102308453	111
192823256	112
89273858	113
30667186	114
18089695	115
31619861	116
159144566	117
120962212	118
12517792	119
14140147	120
14934718	121
35769941	122
21367818	123
15947897	124
158875382	125
69577964	126
6144162	127
257116158	128
157645081	129
112938012	130
150400817	131
22982474	132
70751508	133
94378996	134
14891245	135
5259391	136
145408456	137
12575842	138
130575807	139
238602830	140
15400246	141
15865260	142
112516636	143
28117912	144
82911157	145
246290364	146
11752	147
14604049	148
45085003	149
217541234	150
14738804	151
48096690	152
16951443	153
216258042	154
30464510	155
182040558	156
64166227	157
25491038	158
244934195	159
129915741	160
16533239	161
20660609	162
14935192	163
245543122	164
14287191	165
23388683	166
6325632	167
44672556	168
7144882	169
29695131	170
38729990	171
21179070	172
10396	173
15700362	174
133431287	175
17310398	176
20918359	177
18594996	178
170192703	179
12220	180
15896379	181
28486708	182
11991832	183
128100093	184
44845302	185
63834256	186
21429357	187
10400902	188
13601052	189
28674078	190
77939719	191
14253707	192
14342975	193
20288395	194
44297180	195
16561212	196
179154258	197
19291590	198
63285684	199
60211331	200
217574343	201
193364199	202
44202114	203
14803154	204
18203404	205
154972484	206
43155565	207
16167886	208
11332	209
271781804	210
16886645	211
21544692	212
771698	213
258721812	214
29747993	215
1639601	216
140983662	217
815476	218
28301633	219
1283361	220
9410912	221
91694445	222
64844059	223
24351659	224
626233	225
68879809	226
71632263	227
8867682	228
30864653	229
27760633	230
94919897	231
160718204	232
20564713	233
17284883	234
175938534	235
15614959	236
199609635	237
104733034	238
84623487	239
7205122	240
54662153	241
16201819	242
9485202	243
28167824	244
7491582	245
162052960	246
16275858	247
231535622	248
73112424	249
17066077	250
75511224	251
36813285	252
17878154	253
171594145	254
195664345	255
18065823	256
14742479	257
16510194	258
15313725	259
18704291	260
255167616	261
68442782	262
14345113	263
105235681	264
3954581	265
227686496	266
171669403	267
92711494	268
16222945	269
8307012	270
21889071	271
107462003	272
18041438	273
151084354	274
20813611	275
221489828	276
63337613	277
38925280	278
39428095	279
150872447	280
52090770	281
28733900	282
37190491	283
14063033	284
14293571	285
236022159	286
16353944	287
23343266	288
71410962	289
117477071	290
145347010	291
21359690	292
101686868	293
48816106	294
818176	295
50749152	296
54200212	297
46476526	298
89026913	299
25567123	300
14389062	301
46972036	302
8287952	303
10785032	304
16539573	305
50408030	306
89202951	307
62625917	308
178808746	309
54296186	310
250968367	311
223443158	312
15972562	313
18442894	314
15878020	315
102363028	316
108140942	317
14685174	318
22076359	319
1069351	320
42659612	321
241321163	322
152189675	323
48284445	324
25100373	325
20628420	326
189758673	327
76000222	328
16357285	329
47914845	330
135248445	331
267926000	332
9938952	333
15725650	334
70745737	335
15206692	336
30178173	337
40953367	338
230974069	339
94856925	340
8393112	341
17214701	342
92318904	343
9074582	344
36697219	345
234281590	346
201763743	347
31220561	348
24733117	349
59518891	350
224830108	351
28873178	352
184700776	353
147595464	354
15250836	355
94717868	356
194604669	357
22192559	358
164033581	359
27845072	360
14774443	361
20172321	362
17315836	363
109370698	364
87478288	365
12587982	366
1040391	367
10224122	368
142127373	369
14908932	370
190546924	371
209471041	372
16733141	373
14349449	374
2185	375
11821622	376
7508092	377
20271080	378
29943167	379
16641454	380
11965332	381
117836707	382
257664564	383
105305259	384
19192221	385
17325009	386
20873104	387
40264785	388
25948167	389
119297816	390
151158927	391
18040428	392
3432881	393
103725748	394
10252992	395
18949053	396
17505487	397
54370980	398
812825	399
17042374	400
15080701	401
38615541	402
16874616	403
37241140	404
69072789	405
19683498	406
18478410	407
20319730	408
14568079	409
6535242	410
106185357	411
6014732	412
14472183	413
17155901	414
62783	415
27077432	416
180390958	417
20897273	418
184292192	419
16419927	420
12383122	421
120900736	422
88140118	423
14227897	424
15469101	425
11784882	426
215797959	427
249542643	428
9813282	429
60936367	430
61751708	431
163845303	432
57131205	433
33085590	434
84972513	435
113619900	436
17801384	437
28784606	438
84737899	439
46958309	440
19089993	441
19935490	442
261630686	443
118132028	444
163954957	445
259123873	446
16356833	447
16494284	448
150618868	449
242589987	450
16888904	451
18122984	452
131847507	453
3533231	454
17300593	455
91683053	456
14786238	457
20596316	458
21700719	459
197216839	460
19246850	461
14846859	462
8132322	463
191840628	464
49992096	465
116886298	466
29459695	467
183461152	468
50025858	469
20391685	470
16630502	471
84217059	472
21404596	473
77281326	474
36719360	475
14493526	476
20057454	477
22110931	478
119777563	479
14833389	480
15615591	481
137531481	482
79799271	483
55913654	484
200685361	485
170351580	486
28765331	487
4954131	488
147977705	489
16381764	490
183182089	491
58386031	492
153875670	493
262292817	494
18098819	495
54649894	496
12477052	497
58866657	498
89595069	499
35671638	500
14339520	501
75221587	502
15098639	503
101863069	504
239576675	505
18436433	506
257994974	507
103527653	508
191875463	509
14860195	510
139882332	511
15229127	512
155192639	513
64387245	514
62310536	515
26174646	516
19713521	517
209789811	518
16362662	519
29862576	520
21701128	521
8384912	522
15412816	523
19450841	524
155029302	525
19675857	526
180605438	527
105214847	528
208398817	529
14343949	530
16425627	531
15288377	532
14532450	533
62996416	534
14830831	535
52504599	536
25057202	537
23135992	538
3297651	539
107852396	540
15746214	541
126928559	542
119178303	543
92356909	544
13306282	545
135011198	546
182517897	547
14153491	548
47103930	549
98976495	550
34128302	551
262086880	552
16033434	553
804904	554
14342547	555
8294022	556
16044729	557
48469625	558
12088232	559
18540889	560
55979296	561
72605385	562
11412542	563
14638851	564
240878542	565
30857134	566
14330959	567
9286142	568
24756213	569
83434276	570
226532196	571
134009694	572
9561522	573
17228171	574
30298025	575
232083838	576
25163231	577
232834568	578
162959901	579
10781952	580
78000325	581
23549240	582
3028161	583
261894735	584
17225325	585
25904035	586
20592179	587
17471010	588
15308303	589
51466642	590
14349894	591
223757158	592
37396821	593
165814490	594
6258192	595
15959806	596
15040500	597
15067045	598
17753670	599
86549560	600
18791763	601
9431342	602
28462804	603
14128528	604
11632342	605
102780726	606
60698670	607
170270136	608
97551846	609
17512738	610
13315172	611
131713492	612
18630708	613
33327675	614
16135362	615
24975816	616
16069024	617
164453074	618
166394396	619
18944608	620
242131117	621
99536748	622
167084030	623
67775956	624
38976017	625
82363	626
63280540	627
38447355	628
110821538	629
824157	630
140176807	631
16023926	632
14888632	633
46670048	634
17371061	635
6962852	636
15991918	637
32182277	638
57133313	639
17451411	640
192589318	641
74622096	642
117196502	643
46164502	644
87484674	645
82411192	646
215989468	647
19572909	648
96980395	649
62584936	650
195488976	651
10654322	652
23789698	653
220419374	654
98128280	655
212248847	656
15978380	657
62614001	658
193674723	659
33247276	660
15076390	661
15001234	662
161700842	663
101631951	664
32503018	665
23992868	666
185124947	667
16124611	668
14216712	669
253888243	670
67862303	671
196273078	672
251744064	673
19641024	674
7434272	675
168426262	676
24420867	677
26418098	678
15046916	679
19841754	680
144921225	681
113787997	682
22660932	683
29529143	684
16418505	685
70461418	686
24811584	687
96815249	688
45004183	689
34244176	690
25478876	691
40448583	692
28377117	693
2825191	694
254629570	695
226995027	696
156768711	697
1585	698
138905522	699
17520649	700
163712424	701
54546622	702
163424898	703
14523408	704
193088908	705
12855572	706
38851140	707
239020684	708
19409508	709
17713959	710
108274516	711
7823692	712
782010	713
183101557	714
36944780	715
15354397	716
112478283	717
184630300	718
15487499	719
37546498	720
72135569	721
128811995	722
17410758	723
22289075	724
10928462	725
16201506	726
15780402	727
20813021	728
17385961	729
17945015	730
39749553	731
70937408	732
103576036	733
205066686	734
7595842	735
21729540	736
14085088	737
132109821	738
60654941	739
23130098	740
15441450	741
88388566	742
10730842	743
14326003	744
15230754	745
17206150	746
171519363	747
18121680	748
18385897	749
6389222	750
70190484	751
123971807	752
235439150	753
58751344	754
140663609	755
121117011	756
29911860	757
39657792	758
124670621	759
221509706	760
214659775	761
14870168	762
15364959	763
38109868	764
51482804	765
93328997	766
227159879	767
18621945	768
17008328	769
36008885	770
13979662	771
1979591	772
16273144	773
19977032	774
22526513	775
244937270	776
14550012	777
34405249	778
28371616	779
245314387	780
683113	781
17522884	782
15819292	783
14144238	784
110986584	785
15505550	786
11892722	787
15228091	788
45051485	789
118614880	790
22414207	791
14433007	792
107223604	793
11063312	794
14128901	795
14304739	796
124329490	797
16040887	798
43803902	799
241210475	800
23155646	801
34904126	802
16127669	803
90325437	804
20660925	805
70617438	806
22164330	807
108692077	808
13599852	809
176868644	810
138166083	811
72928626	812
13190282	813
254639896	814
19396560	815
37420083	816
37069994	817
18731529	818
21975447	819
17755042	820
144892029	821
255682362	822
131246223	823
216902526	824
245188974	825
18783265	826
121237632	827
15529625	828
19138755	829
16818880	830
13286312	831
25159698	832
12372812	833
202090023	834
245042640	835
256324516	836
8435452	837
6018562	838
15600217	839
40337245	840
233707083	841
5972752	842
241041897	843
31465017	844
15862839	845
18689581	846
14184628	847
57187028	848
133456536	849
161783675	850
100281735	851
17896640	852
10876852	853
231271588	854
180770812	855
44206517	856
222496666	857
14141301	858
56675544	859
156296440	860
156198826	861
44939343	862
102847829	863
193703862	864
13102262	865
49121564	866
241580495	867
13579842	868
217923038	869
19961801	870
162092045	871
70062275	872
156240003	873
41641562	874
32435460	875
14870804	876
116073715	877
16411898	878
124257319	879
143879476	880
18254895	881
69932023	882
26668603	883
156137116	884
100004821	885
92798123	886
120819229	887
77895702	888
163894281	889
14746460	890
59122298	891
243374286	892
180077597	893
18066875	894
153586491	895
86813802	896
208920761	897
110609337	898
13475382	899
16953	900
112760135	901
168730556	902
15632835	903
157122822	904
46037408	905
239191123	906
95288092	907
109671957	908
9248102	909
28115822	910
14335761	911
140591488	912
11148742	913
146655020	914
101106972	915
138860140	916
221452291	917
45045450	918
21113258	919
42469463	920
74285761	921
21153270	922
108811740	923
4554681	924
14437914	925
62509989	926
59683851	927
124473570	928
14820299	929
28609576	930
14178312	931
27944666	932
20610029	933
15215190	934
135033964	935
23560531	936
69187979	937
127188125	938
12294192	939
216605516	940
14890935	941
52788040	942
23257245	943
145350228	944
36380897	945
688483	946
75347004	947
241801946	948
38570998	949
207669798	950
124524462	951
49849110	952
19288077	953
21554226	954
14679080	955
71740672	956
71847229	957
17368610	958
50686513	959
163222098	960
255325506	961
23032476	962
77292631	963
27890540	964
13693042	965
23485622	966
15219854	967
70688431	968
177156570	969
261073782	970
14786110	971
9804222	972
104727907	973
133480857	974
50060799	975
45865465	976
24334049	977
28471924	978
14803061	979
7209262	980
15583292	981
176929534	982
18507464	983
14617878	984
16407837	985
232568677	986
18391075	987
36522491	988
184517281	989
222823225	990
244404903	991
15399951	992
28431983	993
33885025	994
14717311	995
119160384	996
23221629	997
124002957	998
14354144	999
26681722	1000
780991	1001
74202957	1002
14898632	1003
37832300	1004
152935567	1005
17037986	1006
238760716	1007
184876062	1008
4278151	1009
139788444	1010
142157110	1011
14255263	1012
223380929	1013
35321567	1014
227726723	1015
119980245	1016
21783716	1017
59913286	1018
15767281	1019
263312330	1020
102019594	1021
49115842	1022
17211751	1023
6904582	1024
1363481	1025
23154642	1026
189374598	1027
14280977	1028
15706633	1029
17435271	1030
7181572	1031
194608987	1032
14529013	1033
87534528	1034
193779018	1035
15975681	1036
101221067	1037
47785927	1038
16302855	1039
15050305	1040
23498775	1041
241472180	1042
16163790	1043
18086674	1044
32957473	1045
17301914	1046
58818905	1047
172592448	1048
15724452	1049
140255945	1050
15936194	1051
14753540	1052
63531207	1053
58561993	1054
17071737	1055
20472901	1056
243914859	1057
126717954	1058
14624115	1059
82567107	1060
151136998	1061
95740429	1062
147787042	1063
21069098	1064
1688	1065
40779851	1066
15295785	1067
347133	1068
21653513	1069
84045446	1070
16169898	1071
21546828	1072
18822866	1073
28230825	1074
56660747	1075
222444337	1076
23484051	1077
219265469	1078
129360573	1079
198911524	1080
133279867	1081
16032700	1082
123892070	1083
51982828	1084
131177653	1085
180703009	1086
90932230	1087
245816373	1088
235633896	1089
47661343	1090
19751635	1091
54709948	1092
26419482	1093
254184021	1094
36713201	1095
107232730	1096
15905565	1097
90195278	1098
147342909	1099
129319803	1100
14943818	1101
129176641	1102
39341556	1103
19006260	1104
39774991	1105
84269742	1106
25316662	1107
17246888	1108
92876427	1109
23958589	1110
259493072	1111
19993686	1112
82977544	1113
62415418	1114
104357325	1115
16680654	1116
185158668	1117
231472142	1118
20778703	1119
92117844	1120
199746127	1121
74026628	1122
14100617	1123
72218449	1124
31213504	1125
86528620	1126
250532240	1127
17528356	1128
174649888	1129
15866023	1130
82109274	1131
7277852	1132
56712219	1133
25736364	1134
16013349	1135
224428671	1136
107639543	1137
16615594	1138
9135	1139
272566820	1140
108679657	1141
191964962	1142
121644896	1143
17083396	1144
40907388	1145
89492277	1146
15845496	1147
184221744	1148
133923294	1149
231991793	1150
16948493	1151
7737642	1152
136004374	1153
631803	1154
239190317	1155
28009658	1156
169245808	1157
63314023	1158
38087508	1159
232451257	1160
258039690	1161
179422421	1162
89595535	1163
252105891	1164
57888537	1165
14919201	1166
29965112	1167
42315951	1168
44150150	1169
184886029	1170
15113155	1171
36368888	1172
14820724	1173
39439728	1174
5660312	1175
260505934	1176
47613125	1177
11413752	1178
220020817	1179
23593213	1180
790000	1181
34686024	1182
209150087	1183
30404850	1184
12566662	1185
16847211	1186
29005683	1187
193834897	1188
14990031	1189
16200143	1190
18967578	1191
16426698	1192
89929074	1193
53040017	1194
2150541	1195
17495194	1196
17010854	1197
6753242	1198
14389615	1199
42300159	1200
41597013	1201
68456925	1202
21318183	1203
59698845	1204
15514266	1205
39176418	1206
110921163	1207
21770568	1208
134352532	1209
56882778	1210
73710819	1211
17074240	1212
128882329	1213
17074244	1214
53175809	1215
183626732	1216
216529788	1217
18398385	1218
14848179	1219
8085432	1220
252782082	1221
9011012	1222
181120728	1223
17948379	1224
221650526	1225
24006057	1226
266202805	1227
192968187	1228
62635353	1229
244931754	1230
134841238	1231
42465046	1232
17278906	1233
51695698	1234
23714675	1235
18705078	1236
88321965	1237
22387220	1238
17279500	1239
14451294	1240
203890384	1241
14327792	1242
266296850	1243
39657206	1244
220578999	1245
14213692	1246
16156302	1247
25874451	1248
35267268	1249
64847676	1250
26001722	1251
188202145	1252
44693348	1253
54213842	1254
208766236	1255
42231175	1256
70632952	1257
108417469	1258
203508691	1259
5489202	1260
17066838	1261
128996296	1262
103976896	1263
24661289	1264
15025059	1265
197948154	1266
72826714	1267
256291383	1268
74250663	1269
59355478	1270
18920390	1271
16438743	1272
23219980	1273
27503151	1274
87615535	1275
15284607	1276
17519222	1277
208064567	1278
212006174	1279
15342619	1280
262226916	1281
17280132	1282
13348	1283
233948859	1284
186118905	1285
191663507	1286
21746170	1287
226822549	1288
17005197	1289
16956236	1290
28504545	1291
17134865	1292
18773339	1293
14212028	1294
15953031	1295
5385262	1296
22042403	1297
259394715	1298
44147853	1299
26618577	1300
15602091	1301
139628316	1302
89708408	1303
14076943	1304
116065011	1305
153483319	1306
18098655	1307
123940928	1308
114950933	1309
17375079	1310
13678292	1311
233257736	1312
14680167	1313
15040446	1314
10410632	1315
16521150	1316
144712717	1317
2606911	1318
59541290	1319
62509229	1320
20096335	1321
31334049	1322
60650519	1323
245634968	1324
10284192	1325
19399298	1326
53294779	1327
22992850	1328
96477730	1329
8615772	1330
48320268	1331
22360594	1332
84097256	1333
8476602	1334
198699773	1335
128126290	1336
155311735	1337
13884782	1338
14471522	1339
13107602	1340
16624180	1341
7614052	1342
104332218	1343
36912323	1344
811182	1345
18239795	1346
180160839	1347
40268283	1348
120735491	1349
11202562	1350
185152562	1351
97051433	1352
110320464	1353
227192133	1354
254221946	1355
90837985	1356
35195343	1357
18106809	1358
54588187	1359
141571223	1360
32992448	1361
18356346	1362
14427431	1363
15233366	1364
11698322	1365
166707502	1366
42934309	1367
229674969	1368
12536272	1369
216952758	1370
14200437	1371
8496612	1372
51294632	1373
44388527	1374
15946540	1375
239221322	1376
34074792	1377
38202628	1378
12337592	1379
20764205	1380
109604578	1381
245167786	1382
181301357	1383
155962937	1384
46054692	1385
20945245	1386
18173465	1387
15455358	1388
22046753	1389
106413293	1390
16951971	1391
33870680	1392
14380889	1393
14065215	1394
34826262	1395
29206300	1396
14516697	1397
121223001	1398
63614805	1399
21957689	1400
33492243	1401
106414572	1402
270029137	1403
188185864	1404
38194761	1405
17237906	1406
162140481	1407
132250957	1408
32615340	1409
14277276	1410
31536253	1411
56377143	1412
16856926	1413
15476915	1414
128040590	1415
19404944	1416
5764432	1417
22790425	1418
274197373	1419
683523	1420
17796440	1421
34010454	1422
92102625	1423
193689467	1424
14079590	1425
235319539	1426
138111295	1427
109596525	1428
154776946	1429
195165128	1430
87719730	1431
14628090	1432
16809329	1433
16888514	1434
188574103	1435
18064263	1436
14238738	1437
14945059	1438
17366090	1439
208677720	1440
154105545	1441
75719992	1442
28674090	1443
61496860	1444
69124203	1445
18530171	1446
172143827	1447
19624059	1448
5998552	1449
42197349	1450
19471181	1451
239188819	1452
9147742	1453
92513185	1454
231998027	1455
171995715	1456
149815436	1457
102542634	1458
15510638	1459
243220807	1460
168710679	1461
19022242	1462
7090482	1463
15214601	1464
142447390	1465
269218298	1466
17871826	1467
114762261	1468
24553362	1469
25059097	1470
456	1471
15551294	1472
91148885	1473
141499502	1474
14573861	1475
200903027	1476
44817367	1477
19083865	1478
196102552	1479
132394928	1480
14947289	1481
83719783	1482
23998156	1483
165418860	1484
25904132	1485
74003363	1486
84697403	1487
50387743	1488
815233	1489
7210762	1490
15294706	1491
173938646	1492
41188469	1493
110178946	1494
251718913	1495
14260608	1496
162029292	1497
63463335	1498
10268302	1499
19656274	1500
27969192	1501
14634197	1502
15634516	1503
16857066	1504
5798602	1505
91462853	1506
176687793	1507
35656602	1508
15013580	1509
38793729	1510
9819862	1511
117147872	1512
198560132	1513
118102391	1514
68480226	1515
6065942	1516
109150601	1517
46360075	1518
108803911	1519
254092296	1520
80449471	1521
124203804	1522
148425035	1523
41296367	1524
261708017	1525
39821643	1526
20307019	1527
58454165	1528
174319881	1529
199015109	1530
15662467	1531
18829156	1532
159503258	1533
19673977	1534
132977590	1535
17695465	1536
38610291	1537
94397566	1538
107025267	1539
35476723	1540
202789051	1541
15747743	1542
7770342	1543
17767500	1544
61127420	1545
130589438	1546
18706144	1547
24561424	1548
213961838	1549
22980460	1550
32147116	1551
24184567	1552
154708805	1553
15103213	1554
18358227	1555
19477654	1556
227838448	1557
116234257	1558
22242179	1559
126979577	1560
1530371	1561
140028928	1562
101744237	1563
18211473	1564
163250088	1565
130554757	1566
76488224	1567
19654787	1568
14294650	1569
8447862	1570
183998273	1571
192626071	1572
256754305	1573
15274752	1574
86160868	1575
15362948	1576
162959093	1577
15064389	1578
10221752	1579
48342996	1580
49011247	1581
23774237	1582
15905527	1583
231254156	1584
128023725	1585
229587355	1586
104211750	1587
114467024	1588
25688058	1589
21814082	1590
235463218	1591
18083141	1592
210886997	1593
6092972	1594
9952152	1595
26548347	1596
34983319	1597
146321140	1598
15365998	1599
93740417	1600
237197733	1601
83393956	1602
35602818	1603
91921994	1604
219353003	1605
61462007	1606
176642333	1607
144538924	1608
110532690	1609
193362884	1610
267059970	1611
220255068	1612
223679418	1613
70416891	1614
167570736	1615
16278276	1616
220982094	1617
70335881	1618
15302201	1619
253727920	1620
14562275	1621
17897020	1622
17641725	1623
153042732	1624
132108729	1625
157498350	1626
129098605	1627
29163409	1628
43111514	1629
49233038	1630
15885310	1631
73359595	1632
30194186	1633
36730935	1634
14157732	1635
130128230	1636
17824560	1637
142169165	1638
260136602	1639
15123673	1640
45190383	1641
145530134	1642
15566022	1643
19408219	1644
13354002	1645
42330308	1646
6183312	1647
237193691	1648
61421779	1649
67656375	1650
113734388	1651
89013228	1652
159265325	1653
15891536	1654
14801984	1655
95277355	1656
49620984	1657
15655296	1658
35523686	1659
3376281	1660
136802522	1661
22200186	1662
140869994	1663
85267320	1664
10284542	1665
9139352	1666
20593866	1667
36230769	1668
15126651	1669
85543520	1670
18649219	1671
13767702	1672
40004981	1673
82328753	1674
53466911	1675
170394787	1676
125745997	1677
14431213	1678
14923682	1679
16425453	1680
63728431	1681
108020454	1682
25419816	1683
76424904	1684
45334322	1685
94577861	1686
208687668	1687
16438898	1688
1630261	1689
14641392	1690
171023147	1691
216172901	1692
14387542	1693
10768282	1694
35810047	1695
68552069	1696
17453969	1697
223961051	1698
145196076	1699
27109378	1700
16932185	1701
181633686	1702
10776882	1703
229729919	1704
15466555	1705
15010777	1706
47634020	1707
156783397	1708
51144694	1709
19826674	1710
103116624	1711
108538150	1712
12354252	1713
35402203	1714
15681663	1715
16813361	1716
90854372	1717
1120601	1718
14813149	1719
15487747	1720
156693720	1721
182028677	1722
14545046	1723
263448462	1724
28599031	1725
23274866	1726
18402888	1727
141243524	1728
19038395	1729
86272337	1730
29767444	1731
22736954	1732
46222099	1733
9175912	1734
31403276	1735
31288054	1736
159791993	1737
196281219	1738
22883967	1739
15109389	1740
16513752	1741
18834180	1742
204390536	1743
14290415	1744
67798741	1745
45848865	1746
89121882	1747
219819147	1748
6630962	1749
15689313	1750
8769212	1751
14763336	1752
176651561	1753
119395435	1754
193483917	1755
43573375	1756
145315512	1757
31667926	1758
139965205	1759
148696421	1760
266073365	1761
11010622	1762
108350879	1763
237220110	1764
20481131	1765
16819278	1766
199624094	1767
30462898	1768
97074438	1769
40187188	1770
16261638	1771
38164856	1772
89370731	1773
24990215	1774
13028322	1775
151714614	1776
19639071	1777
131932008	1778
15462987	1779
17740210	1780
23594701	1781
17170520	1782
15391752	1783
19873296	1784
119196878	1785
82390302	1786
146093372	1787
21799282	1788
138498796	1789
7144182	1790
100817771	1791
28612042	1792
1717291	1793
18776351	1794
77540628	1795
16818490	1796
201835381	1797
17644563	1798
212823696	1799
14089271	1800
23743148	1801
42868982	1802
109881181	1803
94607882	1804
24561449	1805
74153376	1806
109460638	1807
46159898	1808
236719127	1809
240854929	1810
22925703	1811
32718488	1812
16824146	1813
70622187	1814
76862092	1815
120285512	1816
52927776	1817
14951992	1818
115596327	1819
25191558	1820
22973224	1821
22228327	1822
83770292	1823
213947558	1824
18697352	1825
261765367	1826
15371730	1827
18431771	1828
240062530	1829
160097143	1830
60843560	1831
1012071	1832
208093309	1833
162965189	1834
193274143	1835
18152057	1836
7746052	1837
19494371	1838
90776145	1839
32964444	1840
111789350	1841
14325932	1842
15938944	1843
231039361	1844
147461784	1845
53657495	1846
41549425	1847
16357245	1848
34394575	1849
176225740	1850
4922001	1851
83491082	1852
15365429	1853
18732075	1854
23584959	1855
18449174	1856
14270791	1857
19602429	1858
119946793	1859
24707040	1860
15551156	1861
20173675	1862
21080122	1863
111047202	1864
167637074	1865
25393674	1866
211421505	1867
678033	1868
11855222	1869
18429289	1870
80175829	1871
84201313	1872
15553406	1873
199400238	1874
38329264	1875
32211808	1876
32770999	1877
139974111	1878
34012344	1879
18460854	1880
22539801	1881
102324811	1882
235759321	1883
19461688	1884
117022831	1885
12716	1886
12781762	1887
21812410	1888
168402242	1889
51908250	1890
14998779	1891
21990854	1892
137423367	1893
70872642	1894
9277962	1895
183499665	1896
51312272	1897
160628707	1898
83454492	1899
16904101	1900
124028136	1901
31100040	1902
144692356	1903
33452655	1904
18332827	1905
91194630	1906
15257682	1907
19251173	1908
188450258	1909
17874910	1910
12852572	1911
17538588	1912
98928522	1913
16445899	1914
217181024	1915
16680941	1916
47599165	1917
147359145	1918
249415812	1919
17635363	1920
66531467	1921
854291	1922
37764670	1923
14399357	1924
65539550	1925
248988432	1926
175876900	1927
18196178	1928
15382111	1929
17429788	1930
24545046	1931
51527704	1932
14153594	1933
26539097	1934
69435529	1935
19690008	1936
213069826	1937
15675070	1938
10636902	1939
47050697	1940
253422875	1941
259733469	1942
12702572	1943
33241171	1944
22513467	1945
177959094	1946
101253269	1947
211787112	1948
9831802	1949
23664028	1950
148833123	1951
14572196	1952
14090931	1953
125322205	1954
166961004	1955
32633716	1956
17565891	1957
195742848	1958
239682389	1959
30874865	1960
22077506	1961
182982341	1962
69366493	1963
219720365	1964
20928893	1965
18879847	1966
55533136	1967
18906478	1968
17380976	1969
17323733	1970
25202714	1971
101612960	1972
17579692	1973
15762258	1974
218764044	1975
4053841	1976
56973737	1977
170777800	1978
91396258	1979
18503214	1980
15159129	1981
14708747	1982
203560551	1983
795448	1984
20071285	1985
7795982	1986
124252576	1987
201656128	1988
256331922	1989
109433379	1990
246913322	1991
97158610	1992
28901886	1993
135109492	1994
109777164	1995
39653094	1996
228636294	1997
25294886	1998
56428052	1999
2507851	2000
821110	2001
22277113	2002
44769565	2003
65002820	2004
25729276	2005
25266932	2006
176806231	2007
218936223	2008
37246265	2009
14605495	2010
15121781	2011
29090205	2012
16506571	2013
14345609	2014
103356166	2015
20267632	2016
124009190	2017
192709407	2018
14706139	2019
19771162	2020
83006046	2021
15211133	2022
15223619	2023
15898695	2024
22840652	2025
37573	2026
136794736	2027
44770529	2028
9366702	2029
14433757	2030
195007168	2031
14098332	2032
72343437	2033
32377446	2034
14861579	2035
16727007	2036
21275420	2037
163067164	2038
93800894	2039
1953911	2040
185221735	2041
10168082	2042
35301479	2043
9759932	2044
34434801	2045
119446586	2046
232276959	2047
636843	2048
17372386	2049
226672560	2050
221485597	2051
17905825	2052
14421385	2053
104434793	2054
20996839	2055
163719471	2056
78906196	2057
36371780	2058
101345179	2059
20609319	2060
26306729	2061
16010789	2062
86989704	2063
31152881	2064
106831967	2065
229255063	2066
18188365	2067
45879513	2068
41123794	2069
9200242	2070
106319129	2071
5693062	2072
46754894	2073
118713710	2074
14727152	2075
102951314	2076
236882308	2077
75192691	2078
6303832	2079
231858934	2080
16887348	2081
189265359	2082
15231287	2083
262966574	2084
28211629	2085
822647	2086
61481916	2087
84236250	2088
172204281	2089
25164847	2090
14775487	2091
76416892	2092
79754695	2093
14131683	2094
81505840	2095
14664210	2096
15872657	2097
46476708	2098
6609072	2099
2059841	2100
19023804	2101
26388416	2102
153244255	2103
15580925	2104
6572042	2105
68551767	2106
20372179	2107
139808538	2108
27894046	2109
11984762	2110
81367143	2111
121797013	2112
24865454	2113
9850782	2114
21200319	2115
806204	2116
228661575	2117
16457010	2118
237876854	2119
28391808	2120
16526591	2121
139757503	2122
94797309	2123
63230620	2124
52725693	2125
38327069	2126
60100870	2127
106824606	2128
16296026	2129
249964144	2130
153559103	2131
38359820	2132
23932737	2133
16235927	2134
158630760	2135
14758406	2136
14641606	2137
42909484	2138
52114630	2139
18787972	2140
22876951	2141
121271356	2142
78570188	2143
4937061	2144
126395181	2145
242477546	2146
44446489	2147
14079356	2148
21158774	2149
23843205	2150
114579424	2151
29555467	2152
78470249	2153
67898690	2154
14343150	2155
15087461	2156
13062502	2157
246036260	2158
25065717	2159
103510832	2160
69025404	2161
22992918	2162
155994909	2163
63875612	2164
12184042	2165
270018625	2166
21318903	2167
15447545	2168
127659721	2169
38297358	2170
171424066	2171
18731203	2172
40350303	2173
21460496	2174
99325018	2175
9961332	2176
247042017	2177
78275869	2178
8039442	2179
17421818	2180
15831401	2181
28166828	2182
16376889	2183
10819662	2184
7224702	2185
246124029	2186
41626400	2187
50193	2188
33648595	2189
35577793	2190
18092306	2191
15839517	2192
18179554	2193
258843668	2194
62913830	2195
18933832	2196
14139584	2197
154635466	2198
148478556	2199
202892149	2200
18194787	2201
1020961	2202
14685183	2203
1051171	2204
24686494	2205
86495946	2206
15033971	2207
31293436	2208
52582757	2209
14643996	2210
14660213	2211
19035245	2212
35798802	2213
17844404	2214
18102284	2215
7713202	2216
169655919	2217
214067697	2218
24661757	2219
15123270	2220
9405862	2221
7172452	2222
20376532	2223
15210530	2224
251487559	2225
23204397	2226
96387764	2227
12696	2228
18493879	2229
143414740	2230
15825852	2231
210308682	2232
18355228	2233
23420024	2234
18766019	2235
36204399	2236
65507075	2237
25335744	2238
19018185	2239
216344199	2240
200226529	2241
14524060	2242
12340562	2243
266908845	2244
36601355	2245
5916122	2246
264320420	2247
11829282	2248
122218767	2249
181929711	2250
64365916	2251
133834939	2252
43171018	2253
14155241	2254
246191415	2255
23898238	2256
16191771	2257
44123567	2258
42654335	2259
16980777	2260
18308864	2261
30308283	2262
12329252	2263
14715516	2264
15605402	2265
38372614	2266
190915626	2267
185187643	2268
183271121	2269
15754851	2270
16694698	2271
17399774	2272
18699208	2273
12683642	2274
24442567	2275
19532315	2276
184275950	2277
182029374	2278
16145206	2279
31330292	2280
21275406	2281
263852695	2282
18836209	2283
107164806	2284
15093212	2285
19886347	2286
15446200	2287
249096055	2288
168296616	2289
93827358	2290
1380711	2291
29779074	2292
42300348	2293
66799471	2294
14270757	2295
17150292	2296
14508983	2297
241164164	2298
14061771	2299
775861	2300
69780518	2301
223691577	2302
18242620	2303
34376087	2304
17074457	2305
37077578	2306
29509119	2307
19703385	2308
14596506	2309
119127201	2310
9584882	2311
7449512	2312
4700381	2313
105394663	2314
14429823	2315
18754728	2316
44683837	2317
16275014	2318
25242416	2319
16897237	2320
31383	2321
16630083	2322
164338516	2323
134141151	2324
35176496	2325
100573490	2326
106491960	2327
17976577	2328
164199982	2329
177719652	2330
126362262	2331
41159844	2332
112009840	2333
93100491	2334
56706308	2335
97122417	2336
1220351	2337
17737138	2338
7885972	2339
71015802	2340
3597921	2341
8071902	2342
15041902	2343
16739711	2344
19709448	2345
125418319	2346
13407	2347
76976987	2348
84652502	2349
48123021	2350
161993294	2351
44870998	2352
6118242	2353
179549579	2354
7901042	2355
188867349	2356
18857778	2357
15481397	2358
15270963	2359
22301442	2360
269700319	2361
194955084	2362
81314945	2363
23757784	2364
14274372	2365
98706590	2366
19015082	2367
14261302	2368
23014496	2369
201242210	2370
200713835	2371
26730532	2372
138555043	2373
15485085	2374
86831936	2375
116706360	2376
26874644	2377
260278707	2378
19012615	2379
13191382	2380
21486753	2381
26617933	2382
171305484	2383
12916	2384
110897594	2385
98714095	2386
35152869	2387
35473835	2388
55303089	2389
229328959	2390
49616509	2391
17304123	2392
51222676	2393
69493393	2394
41145894	2395
47577195	2396
14186545	2397
25887809	2398
39716211	2399
6774272	2400
28006501	2401
77577477	2402
50456532	2403
37076569	2404
226769636	2405
22965779	2406
72627052	2407
90469674	2408
13228592	2409
109595020	2410
9926562	2411
63468801	2412
14445542	2413
232573485	2414
18418944	2415
21777919	2416
103157143	2417
16395482	2418
15044502	2419
12304722	2420
18566782	2421
199654751	2422
30145166	2423
131021790	2424
14494993	2425
131066597	2426
24257957	2427
27067218	2428
84562932	2429
15075459	2430
221249442	2431
20989298	2432
54387128	2433
171719023	2434
15831093	2435
29518132	2436
50225755	2437
54330827	2438
17463660	2439
10355872	2440
16105152	2441
16471088	2442
7112242	2443
17627945	2444
138847948	2445
131862233	2446
67090241	2447
74673	2448
6141832	2449
73497064	2450
166248847	2451
21584163	2452
57187935	2453
125090924	2454
22907920	2455
145449666	2456
62846638	2457
106783888	2458
14304203	2459
240552704	2460
86167256	2461
19466732	2462
139063272	2463
43613550	2464
13775632	2465
13222192	2466
16465359	2467
185670728	2468
14133436	2469
14111182	2470
14903294	2471
229517477	2472
47470276	2473
21881105	2474
217162001	2475
258582570	2476
40250971	2477
17940962	2478
257522681	2479
767715	2480
16162490	2481
205609713	2482
267791703	2483
62187962	2484
192007163	2485
115087202	2486
175533140	2487
23499247	2488
131979670	2489
45547073	2490
75423477	2491
23939797	2492
89856317	2493
44069257	2494
15148807	2495
244050895	2496
165494539	2497
11580962	2498
16905666	2499
18592579	2500
11884342	2501
57113993	2502
219011376	2503
30376196	2504
81548178	2505
50718249	2506
73683746	2507
107500136	2508
65260323	2509
17242874	2510
88342470	2511
120765039	2512
232420456	2513
179964691	2514
53311224	2515
147314264	2516
19694104	2517
72811901	2518
17365324	2519
128809182	2520
41470157	2521
95142106	2522
14528817	2523
14388689	2524
16080020	2525
9335042	2526
18619708	2527
21303464	2528
14226882	2529
7018942	2530
3855911	2531
182466412	2532
33213349	2533
39470262	2534
41660436	2535
191503263	2536
34302264	2537
171084149	2538
82376322	2539
15426896	2540
36217004	2541
92437178	2542
168888540	2543
254426170	2544
129498307	2545
46019128	2546
186957019	2547
14777850	2548
15579449	2549
18635626	2550
58149795	2551
14109004	2552
21703120	2553
40362652	2554
14850719	2555
26773692	2556
22052924	2557
167686055	2558
782354	2559
235729192	2560
15002220	2561
34443244	2562
14934063	2563
204768565	2564
144383619	2565
66871294	2566
28106848	2567
205007756	2568
8143872	2569
63260438	2570
41958323	2571
128693679	2572
816154	2573
138267795	2574
90420645	2575
95448172	2576
145755847	2577
77151544	2578
39812315	2579
31157419	2580
56081354	2581
14251373	2582
22483974	2583
242551935	2584
52910865	2585
210118012	2586
22813537	2587
111435350	2588
26756907	2589
14634791	2590
70236664	2591
21690938	2592
16120265	2593
74586267	2594
18566129	2595
25003235	2596
23555722	2597
50300582	2598
192171500	2599
102043210	2600
16191109	2601
18262412	2602
91791843	2603
20497524	2604
17466146	2605
43050396	2606
147359386	2607
75551503	2608
24481083	2609
46860582	2610
154787999	2611
17172429	2612
35548601	2613
19468364	2614
37977930	2615
192809889	2616
218567695	2617
34146256	2618
139984101	2619
2564981	2620
15768216	2621
11145002	2622
23418405	2623
27753611	2624
55222535	2625
249956612	2626
64217263	2627
6904482	2628
176764759	2629
1917731	2630
165090476	2631
197511305	2632
15442150	2633
90964504	2634
19679188	2635
23026604	2636
80621298	2637
23033582	2638
17813433	2639
22818133	2640
184497682	2641
172639027	2642
234869209	2643
17549229	2644
156644794	2645
75711686	2646
187731482	2647
10000642	2648
65598884	2649
14376840	2650
26287569	2651
74946653	2652
24608101	2653
116994547	2654
232682267	2655
242884484	2656
59539942	2657
39216517	2658
9896872	2659
190397000	2660
14218186	2661
214112621	2662
250477894	2663
18301263	2664
84025309	2665
28039217	2666
165144151	2667
803847	2668
16089513	2669
103088329	2670
233597060	2671
10921672	2672
23792216	2673
265427614	2674
17579321	2675
15729205	2676
92074551	2677
12386462	2678
55221570	2679
17259640	2680
788673	2681
17024671	2682
28214315	2683
17050705	2684
94574028	2685
35929320	2686
44046468	2687
684743	2688
72741498	2689
30791761	2690
17312943	2691
26419638	2692
2771891	2693
56981225	2694
20954257	2695
212203440	2696
50227060	2697
30924802	2698
15131428	2699
1307011	2700
112443324	2701
52553796	2702
43637692	2703
18953266	2704
8348782	2705
42680682	2706
9994802	2707
245793450	2708
14616050	2709
52699786	2710
159563937	2711
22204032	2712
2676431	2713
194152765	2714
14054450	2715
122477485	2716
189092067	2717
61238566	2718
19990190	2719
44234494	2720
188419032	2721
159329042	2722
30516098	2723
29646744	2724
110746020	2725
63597788	2726
174811472	2727
12834972	2728
14135845	2729
155668326	2730
56994938	2731
26474694	2732
15537003	2733
132946771	2734
9306542	2735
92563411	2736
17116782	2737
43194865	2738
754556	2739
18629665	2740
157765776	2741
50024842	2742
9604192	2743
230718701	2744
66997403	2745
203951741	2746
31214311	2747
83277670	2748
38748814	2749
16668970	2750
27143583	2751
2384071	2752
114628210	2753
156636089	2754
19743196	2755
18322904	2756
17062111	2757
210785308	2758
223524009	2759
6708952	2760
103944737	2761
18774686	2762
230476419	2763
260108644	2764
203003361	2765
50002300	2766
15443141	2767
13210	2768
87358503	2769
158788474	2770
17351052	2771
101911812	2772
34733255	2773
18706924	2774
168563935	2775
10773882	2776
14192412	2777
67129024	2778
112058406	2779
45034162	2780
84053324	2781
224808382	2782
6297382	2783
173899102	2784
168537728	2785
14727207	2786
10155832	2787
17994525	2788
65604392	2789
28738346	2790
20959144	2791
250521819	2792
33637010	2793
17955879	2794
15624385	2795
39584114	2796
241382533	2797
178817507	2798
26744291	2799
130395742	2800
31738235	2801
27106703	2802
5024061	2803
27553223	2804
20441166	2805
41238441	2806
50363926	2807
84894256	2808
89266401	2809
206198440	2810
56458700	2811
89554626	2812
17627390	2813
33672294	2814
19774034	2815
25092348	2816
30025767	2817
259638685	2818
10420662	2819
14084098	2820
20813783	2821
50077710	2822
83370426	2823
131070862	2824
32375384	2825
15367795	2826
50663525	2827
222555703	2828
188474582	2829
240238656	2830
202849351	2831
54642207	2832
96790154	2833
18059231	2834
11299932	2835
50670648	2836
232438363	2837
229291215	2838
172771660	2839
51096590	2840
5025251	2841
9590262	2842
10044022	2843
12398022	2844
16212167	2845
17911617	2846
78634066	2847
16878100	2848
26374989	2849
210427069	2850
51043119	2851
36832842	2852
39284620	2853
275672060	2854
191609459	2855
41305840	2856
9676152	2857
20686153	2858
107747077	2859
18244087	2860
17856201	2861
106554309	2862
139552551	2863
110778721	2864
173452455	2865
160029634	2866
14435478	2867
194465051	2868
23372889	2869
20160897	2870
10771662	2871
140286942	2872
5885772	2873
15937921	2874
35551741	2875
74037588	2876
19575406	2877
95738226	2878
18982378	2879
1692171	2880
88677841	2881
13578412	2882
22830586	2883
134505123	2884
19719380	2885
6509242	2886
15451434	2887
69687111	2888
16907121	2889
110965120	2890
40185311	2891
137443330	2892
23861287	2893
30461425	2894
14949249	2895
18872519	2896
17788582	2897
898171	2898
64544676	2899
17511523	2900
47736537	2901
94541648	2902
20664195	2903
25610972	2904
44278796	2905
14799428	2906
195979860	2907
242864968	2908
19475375	2909
18958597	2910
161415195	2911
7155782	2912
17079099	2913
12973362	2914
21625207	2915
16662478	2916
69604327	2917
99356759	2918
74411287	2919
23166140	2920
130650276	2921
246418321	2922
23008116	2923
15863689	2924
44899126	2925
18543454	2926
46473076	2927
215259883	2928
250731274	2929
20751505	2930
8823362	2931
2148071	2932
122025560	2933
16226484	2934
21507298	2935
87321877	2936
92251230	2937
21751985	2938
102617462	2939
5408012	2940
43600056	2941
256186650	2942
20405853	2943
27056757	2944
115036116	2945
181096818	2946
100818788	2947
138628895	2948
269734168	2949
16663709	2950
36563254	2951
217000649	2952
16745770	2953
94826232	2954
17771429	2955
17997511	2956
14274132	2957
45450377	2958
226273650	2959
111410375	2960
107112554	2961
31036345	2962
19109017	2963
240469100	2964
5793772	2965
91071674	2966
160897794	2967
28782189	2968
165583353	2969
98078133	2970
21975870	2971
145662065	2972
93666150	2973
71203121	2974
75800420	2975
29770468	2976
139184917	2977
12759102	2978
119526244	2979
48867402	2980
21229200	2981
243913373	2982
48476949	2983
14219103	2984
82112778	2985
215370565	2986
20938935	2987
62698050	2988
219690900	2989
65590754	2990
16807860	2991
106424240	2992
177096882	2993
14840993	2994
18790031	2995
22589921	2996
32422915	2997
237358682	2998
19160080	2999
14612263	3000
172397445	3001
91191989	3002
34572831	3003
168893547	3004
87590534	3005
17415305	3006
26283471	3007
88214227	3008
56836415	3009
5780992	3010
19477451	3011
5738952	3012
141527434	3013
11086372	3014
34486207	3015
14571531	3016
241963008	3017
18414159	3018
92145218	3019
120707178	3020
15887107	3021
42601947	3022
203256940	3023
75612668	3024
14464919	3025
14503316	3026
19599271	3027
89280747	3028
271625895	3029
788863	3030
73429252	3031
238421074	3032
204090866	3033
28268371	3034
98362525	3035
34425171	3036
22681922	3037
21509975	3038
18664956	3039
18932935	3040
14443616	3041
18280155	3042
16337126	3043
53500999	3044
14632661	3045
99320433	3046
13654112	3047
213937754	3048
98200411	3049
256172796	3050
125277965	3051
88829709	3052
33063845	3053
15940736	3054
124306740	3055
40701143	3056
184900712	3057
12727902	3058
14160471	3059
227207387	3060
12047202	3061
67813	3062
171994706	3063
67381805	3064
16520112	3065
42990133	3066
14142231	3067
98968120	3068
150845268	3069
98580028	3070
249260397	3071
36648662	3072
14653506	3073
78403223	3074
6719712	3075
14436072	3076
16208408	3077
272418328	3078
16338169	3079
36906540	3080
180607403	3081
50985635	3082
169443688	3083
249818868	3084
48900102	3085
22290807	3086
15635812	3087
56081642	3088
24133831	3089
108083117	3090
19356110	3091
29624532	3092
216145017	3093
156475064	3094
14459669	3095
15328388	3096
217527334	3097
29427149	3098
240468977	3099
1309511	3100
203290250	3101
234696158	3102
207977066	3103
11698252	3104
179131373	3105
202595945	3106
205094271	3107
49824306	3108
148273080	3109
86188413	3110
115933562	3111
20685484	3112
194109571	3113
154363906	3114
11577962	3115
15149632	3116
14742422	3117
24803181	3118
18481782	3119
749333	3120
39619991	3121
79740296	3122
234895094	3123
239186520	3124
15126891	3125
123324025	3126
14393904	3127
48791942	3128
134743070	3129
58929178	3130
123963034	3131
236409451	3132
61628815	3133
84061021	3134
14152445	3135
121296694	3136
203149052	3137
34033504	3138
61317377	3139
14724577	3140
21695613	3141
214406243	3142
13817822	3143
14860922	3144
211774252	3145
116571138	3146
15184929	3147
182686614	3148
14562685	3149
814293	3150
39753319	3151
38260779	3152
235905598	3153
10154052	3154
25447492	3155
207379807	3156
36254904	3157
44936058	3158
34728091	3159
5447732	3160
7314152	3161
227016826	3162
15135214	3163
19754122	3164
34244280	3165
14136972	3166
30386355	3167
29940127	3168
50743805	3169
40340319	3170
15639478	3171
14372059	3172
135601675	3173
14852158	3174
18565158	3175
79391196	3176
164391207	3177
75165241	3178
104223101	3179
79930408	3180
51131831	3181
104584453	3182
819522	3183
27413705	3184
29460521	3185
190395758	3186
23437737	3187
3277401	3188
51028602	3189
211011485	3190
17827085	3191
107354278	3192
244673838	3193
112075462	3194
15678167	3195
131512268	3196
18773467	3197
72475621	3198
16513795	3199
73978891	3200
88471653	3201
8654602	3202
191667380	3203
237752191	3204
131109320	3205
239923310	3206
232674215	3207
169970345	3208
19065393	3209
215761524	3210
8092472	3211
240365217	3212
14110654	3213
19521680	3214
78905607	3215
115242946	3216
6021422	3217
74681972	3218
11204762	3219
124548242	3220
18692021	3221
14052313	3222
121163932	3223
39700831	3224
70478756	3225
233409410	3226
4303181	3227
1355401	3228
14544864	3229
120958573	3230
15182385	3231
263031010	3232
14188969	3233
25060042	3234
14712904	3235
60321100	3236
42055361	3237
17130180	3238
16912241	3239
12049792	3240
10284332	3241
22665665	3242
23722620	3243
14245501	3244
66691421	3245
14948485	3246
16473793	3247
20250302	3248
27050983	3249
51734182	3250
59818041	3251
15450996	3252
235347368	3253
16657530	3254
14117196	3255
158980067	3256
43500507	3257
22203887	3258
102399171	3259
13267172	3260
109899569	3261
14389132	3262
58883706	3263
15675424	3264
15868433	3265
264046779	3266
122115977	3267
206216645	3268
9734372	3269
14299583	3270
15808765	3271
23620612	3272
30146922	3273
16388972	3274
23166597	3275
15117717	3276
49354191	3277
3452941	3278
15077051	3279
6245232	3280
23095083	3281
124920374	3282
89410778	3283
15907716	3284
5778852	3285
103175150	3286
29807370	3287
75356470	3288
96898398	3289
226011338	3290
18182511	3291
17179368	3292
14828536	3293
14388669	3294
26900011	3295
30466915	3296
269889901	3297
34173	3298
9543092	3299
28108567	3300
18822990	3301
137178307	3302
180151159	3303
232445524	3304
89731752	3305
22753132	3306
115944587	3307
229766654	3308
31281673	3309
202844511	3310
14448046	3311
74625574	3312
76133	3313
96933119	3314
14169364	3315
77026018	3316
25532738	3317
79637747	3318
4958911	3319
247779244	3320
184896140	3321
21726416	3322
48059095	3323
11304762	3324
19774073	3325
68696417	3326
7708092	3327
11896242	3328
25043966	3329
14668668	3330
17676599	3331
55532384	3332
47507850	3333
14937173	3334
106727127	3335
97468141	3336
214303021	3337
14435124	3338
125409467	3339
64234931	3340
10473582	3341
137183468	3342
27325141	3343
71185998	3344
119710421	3345
134807812	3346
240551046	3347
242444620	3348
202867023	3349
256249279	3350
41253854	3351
22201568	3352
249259023	3353
246024271	3354
14228300	3355
100504915	3356
34534533	3357
224809136	3358
82444043	3359
16895549	3360
7526892	3361
16217220	3362
122540204	3363
116526623	3364
14712592	3365
23992198	3366
197075594	3367
17971670	3368
212950155	3369
1048951	3370
29040062	3371
18485748	3372
102067385	3373
9654112	3374
126912691	3375
137937174	3376
36357300	3377
21307269	3378
128240571	3379
18914307	3380
186633188	3381
14110885	3382
51185550	3383
16970274	3384
76745868	3385
172107130	3386
19552126	3387
254812166	3388
21132950	3389
18168267	3390
158552358	3391
53257111	3392
1386571	3393
18642642	3394
7006712	3395
15414807	3396
87715947	3397
242354131	3398
14050006	3399
180911104	3400
8614412	3401
5832712	3402
10052552	3403
11073902	3404
42468157	3405
179514953	3406
8293402	3407
25127831	3408
113747572	3409
45051894	3410
16226069	3411
242179067	3412
98505044	3413
161691702	3414
21962567	3415
16304010	3416
162364970	3417
17168493	3418
250928526	3419
199503098	3420
45537747	3421
258939764	3422
16936459	3423
16334085	3424
41874288	3425
819546	3426
152479960	3427
233405624	3428
234104154	3429
50335002	3430
792907	3431
68446061	3432
128968339	3433
186901595	3434
65587134	3435
815897	3436
16996238	3437
43292618	3438
161487173	3439
14848221	3440
260768576	3441
14631638	3442
14562004	3443
11674822	3444
46878105	3445
10786382	3446
269747809	3447
236226987	3448
14911255	3449
16463326	3450
11058922	3451
19734025	3452
104493815	3453
22987468	3454
30033646	3455
15075182	3456
84843976	3457
14176242	3458
261947295	3459
20649770	3460
100188468	3461
19241200	3462
21344725	3463
14061723	3464
259171181	3465
18638821	3466
18929690	3467
204186596	3468
87331481	3469
15440344	3470
154440966	3471
165914228	3472
143638559	3473
196161118	3474
17177403	3475
89776939	3476
50832715	3477
17202143	3478
20105071	3479
109841442	3480
99772708	3481
93730653	3482
34938387	3483
17224082	3484
117157665	3485
109886771	3486
16496431	3487
177336546	3488
123431836	3489
214274567	3490
219089755	3491
14689567	3492
22413145	3493
14051159	3494
47518210	3495
13577172	3496
38600665	3497
13205902	3498
5238371	3499
265268942	3500
824211	3501
15648584	3502
17413777	3503
117943004	3504
47791995	3505
21152997	3506
20447545	3507
16731359	3508
23282565	3509
8518862	3510
19079941	3511
35536649	3512
110280391	3513
198048144	3514
23953237	3515
142303850	3516
41172680	3517
11035782	3518
14452057	3519
16297675	3520
16248319	3521
121834189	3522
15125371	3523
833071	3524
45914093	3525
175997836	3526
48504894	3527
9491292	3528
61543234	3529
232378811	3530
198399355	3531
38488854	3532
15510756	3533
19658782	3534
156407255	3535
31962068	3536
31059620	3537
24654508	3538
225491442	3539
47721240	3540
819284	3541
54623706	3542
14740408	3543
7712452	3544
88541027	3545
17372256	3546
192477353	3547
41929517	3548
80857771	3549
207553661	3550
157314364	3551
21665419	3552
222268976	3553
222485748	3554
61485121	3555
19090407	3556
198649890	3557
29343437	3558
17764146	3559
14892523	3560
127692921	3561
62950338	3562
243660328	3563
17156131	3564
198793430	3565
159163111	3566
72084922	3567
33815302	3568
89119055	3569
130302239	3570
25160944	3571
125392820	3572
49472317	3573
251425066	3574
19640035	3575
116587005	3576
117792193	3577
17420951	3578
36997036	3579
30204846	3580
24797350	3581
26850477	3582
64624131	3583
16049723	3584
36982314	3585
124866595	3586
17580892	3587
14321959	3588
23963107	3589
16799649	3590
92169251	3591
188117384	3592
8147062	3593
85632018	3594
14941009	3595
68807455	3596
71423326	3597
16303557	3598
256060579	3599
16713	3600
222568217	3601
15692087	3602
120174685	3603
14575798	3604
47300233	3605
45013235	3606
106182367	3607
40187150	3608
188911259	3609
212135317	3610
32530781	3611
13000872	3612
266151992	3613
84438310	3614
1249431	3615
780290	3616
171997599	3617
54769822	3618
223704520	3619
74021308	3620
7511702	3621
926121	3622
18576979	3623
15406144	3624
32145253	3625
110281707	3626
67010977	3627
10748252	3628
28226960	3629
14154581	3630
230525319	3631
17682283	3632
8596022	3633
15342518	3634
38151136	3635
168837176	3636
168071804	3637
253545416	3638
18089164	3639
14319523	3640
17864262	3641
17545037	3642
16941718	3643
89468228	3644
15768928	3645
199009858	3646
156010360	3647
200292780	3648
16703058	3649
36585424	3650
119220971	3651
22174042	3652
15299357	3653
17789291	3654
10609292	3655
52866517	3656
133941575	3657
13539592	3658
12601142	3659
115247248	3660
191549398	3661
36941550	3662
262770233	3663
139953824	3664
14332565	3665
17276841	3666
22760649	3667
22372197	3668
19746341	3669
86780531	3670
226207535	3671
14040522	3672
169795819	3673
16883326	3674
5024371	3675
5656332	3676
18455643	3677
59394895	3678
18728945	3679
136952493	3680
8933942	3681
20696032	3682
14363211	3683
243848799	3684
245126239	3685
202376476	3686
21832608	3687
16106525	3688
24703871	3689
105523857	3690
23866339	3691
45756215	3692
136378375	3693
13683762	3694
61772051	3695
65293006	3696
16381178	3697
13225072	3698
17029807	3699
72661977	3700
41450556	3701
137717770	3702
89036498	3703
47938142	3704
23171383	3705
37679854	3706
688273	3707
69490214	3708
99031903	3709
231488894	3710
33657457	3711
53418720	3712
185657737	3713
93837236	3714
230299067	3715
16956103	3716
19824145	3717
188560097	3718
67603734	3719
821978	3720
13298	3721
14496930	3722
15770684	3723
15429250	3724
15113529	3725
105203822	3726
6114252	3727
14721067	3728
61291337	3729
177507202	3730
15648561	3731
27512005	3732
113097921	3733
23401174	3734
14212359	3735
44139958	3736
7898472	3737
250246958	3738
78354184	3739
232571300	3740
15239123	3741
157832459	3742
20340239	3743
18176747	3744
774909	3745
15497928	3746
20027256	3747
89519051	3748
65748080	3749
19899940	3750
241808450	3751
31269851	3752
15276401	3753
13438712	3754
30010982	3755
17939480	3756
18269262	3757
15803220	3758
13356392	3759
16270580	3760
70004519	3761
44961029	3762
14096096	3763
130158543	3764
48036380	3765
15821556	3766
20858400	3767
25752513	3768
19432112	3769
117016997	3770
234308463	3771
167959400	3772
66350411	3773
57600394	3774
16157980	3775
205544568	3776
48722198	3777
142977623	3778
16148335	3779
203137786	3780
224138450	3781
17114283	3782
94841257	3783
119139599	3784
14237354	3785
58904655	3786
16787126	3787
17175973	3788
14135237	3789
5608	3790
15063931	3791
162886404	3792
14763855	3793
200123241	3794
30340990	3795
94776307	3796
262751654	3797
15237935	3798
21101803	3799
21784570	3800
163383284	3801
69033184	3802
270021070	3803
19085742	3804
242821748	3805
190754647	3806
104563357	3807
27292941	3808
77402928	3809
35748845	3810
32516316	3811
183781511	3812
18628769	3813
53411390	3814
68839777	3815
24481863	3816
17576806	3817
46707560	3818
1132281	3819
57135779	3820
16506186	3821
51684877	3822
72311889	3823
15781117	3824
30955860	3825
57247518	3826
37680820	3827
166698317	3828
15348564	3829
12350902	3830
135687184	3831
39815230	3832
183926085	3833
249983793	3834
81394914	3835
15158352	3836
219913962	3837
10334122	3838
16294267	3839
132553078	3840
84358598	3841
263588145	3842
18120676	3843
54877998	3844
781895	3845
179138607	3846
72426413	3847
116873115	3848
810579	3849
200664598	3850
58256315	3851
53941287	3852
167312921	3853
25367291	3854
20905953	3855
94358525	3856
101142166	3857
17387554	3858
176114435	3859
240920084	3860
194245667	3861
19431493	3862
17576667	3863
149747560	3864
24419425	3865
121910714	3866
19732334	3867
175222812	3868
22240383	3869
15746084	3870
15199325	3871
128151956	3872
7145552	3873
16249213	3874
143882311	3875
52474527	3876
60695143	3877
17610796	3878
18331770	3879
137786520	3880
18611056	3881
9048222	3882
14862723	3883
17130461	3884
203871835	3885
77392251	3886
7044252	3887
14578544	3888
50686904	3889
14421572	3890
18196308	3891
17464581	3892
131607538	3893
152560538	3894
28623830	3895
18658739	3896
15925179	3897
123905824	3898
24791281	3899
15051601	3900
111165159	3901
91329057	3902
18627463	3903
18500081	3904
105109640	3905
16825062	3906
120926981	3907
17087370	3908
250582808	3909
77042833	3910
14070222	3911
18071407	3912
34932133	3913
25513646	3914
19774114	3915
17961246	3916
62193495	3917
18275871	3918
5153221	3919
113662211	3920
268063294	3921
179054464	3922
29135440	3923
16270390	3924
148891227	3925
52563809	3926
47444849	3927
129949964	3928
14105540	3929
172223222	3930
15585410	3931
217798695	3932
66906291	3933
190229547	3934
162735344	3935
15843240	3936
3433721	3937
27011541	3938
151212561	3939
250248024	3940
58845411	3941
210852155	3942
35960388	3943
30665326	3944
240586538	3945
17400430	3946
19600446	3947
223171168	3948
15445154	3949
244065169	3950
138969362	3951
106175819	3952
56653	3953
27865199	3954
16181186	3955
9543992	3956
14289835	3957
1384531	3958
8466962	3959
243431726	3960
28448216	3961
129899561	3962
5449422	3963
19062153	3964
25570524	3965
30455734	3966
131003396	3967
1528701	3968
110424984	3969
24603879	3970
14614615	3971
90577798	3972
44224901	3973
15302120	3974
137366470	3975
82655261	3976
18680985	3977
809183	3978
84124761	3979
23075284	3980
68241308	3981
121235735	3982
240606964	3983
5874452	3984
75236148	3985
21273939	3986
122056847	3987
15987060	3988
61849834	3989
155883945	3990
15223252	3991
59191437	3992
16191175	3993
24113	3994
12070672	3995
39241726	3996
166757786	3997
147043669	3998
920991	3999
14464331	4000
61250869	4001
138322735	4002
18143526	4003
224770553	4004
11349102	4005
65367727	4006
130899627	4007
38541154	4008
59608784	4009
23335196	4010
9627192	4011
43239422	4012
124176905	4013
70754730	4014
268125399	4015
16592620	4016
235380880	4017
1724401	4018
44203387	4019
3460751	4020
14572033	4021
202075612	4022
13342982	4023
3286621	4024
15315857	4025
15631770	4026
19650336	4027
263517122	4028
198380384	4029
118230146	4030
787611	4031
87106149	4032
95300430	4033
39511351	4034
152143338	4035
16690175	4036
220885253	4037
7042572	4038
148155333	4039
90668001	4040
14938248	4041
57486140	4042
49814392	4043
15082995	4044
94428870	4045
32059102	4046
16253235	4047
246600472	4048
14304302	4049
266389364	4050
230859303	4051
200673064	4052
47216578	4053
216336191	4054
42793960	4055
109440429	4056
187594795	4057
167488325	4058
87712519	4059
37922200	4060
29084075	4061
165420335	4062
116756735	4063
5108161	4064
96880903	4065
38124429	4066
208325536	4067
7773162	4068
75630518	4069
19410436	4070
17641457	4071
47712248	4072
73331245	4073
759228	4074
237581493	4075
45660443	4076
102524769	4077
19374805	4078
17935861	4079
197538143	4080
27908385	4081
181217649	4082
185681415	4083
32712520	4084
157858384	4085
231580019	4086
230770866	4087
15109462	4088
17307627	4089
14462781	4090
159527534	4091
165594154	4092
18680847	4093
16988357	4094
16158012	4095
17343124	4096
3265101	4097
209482512	4098
73986605	4099
1048931	4100
91894424	4101
127198803	4102
156121581	4103
125867143	4104
18988817	4105
35726826	4106
52814458	4107
18557253	4108
38151395	4109
116108369	4110
16533013	4111
25303296	4112
7865552	4113
178525052	4114
14469179	4115
37240699	4116
17495000	4117
103331100	4118
137455666	4119
8602152	4120
88061302	4121
29097048	4122
19533093	4123
85665693	4124
7315022	4125
154876782	4126
204578326	4127
15707047	4128
16750984	4129
21622756	4130
234318173	4131
18345963	4132
78735819	4133
150828573	4134
5683952	4135
253589177	4136
150255293	4137
33606835	4138
69971262	4139
103969563	4140
18818095	4141
58244502	4142
34636987	4143
17372379	4144
21755807	4145
255509379	4146
5125971	4147
23546638	4148
28169177	4149
13445052	4150
21575880	4151
34343816	4152
75243379	4153
1394361	4154
18536322	4155
15520554	4156
1322691	4157
14302111	4158
16459994	4159
19920360	4160
32334346	4161
14544571	4162
15247986	4163
33556583	4164
73829527	4165
178275485	4166
14680596	4167
90313639	4168
14118793	4169
8457092	4170
100426508	4171
64325295	4172
23077155	4173
233241581	4174
19411110	4175
98793050	4176
146512958	4177
12219832	4178
104901157	4179
15678008	4180
176994614	4181
18155171	4182
94229358	4183
203867751	4184
36279515	4185
15565703	4186
158000381	4187
30761217	4188
8106562	4189
22254576	4190
18499012	4191
42668060	4192
178053334	4193
20209025	4194
178197920	4195
7396542	4196
34316788	4197
18233716	4198
65193458	4199
198056848	4200
6120472	4201
227153602	4202
23777198	4203
15353236	4204
15929686	4205
209558599	4206
14220249	4207
20351695	4208
115585592	4209
96109157	4210
24741411	4211
59577520	4212
48915248	4213
86239624	4214
15896304	4215
63796576	4216
95998018	4217
39897996	4218
77905001	4219
208161241	4220
149075605	4221
31520228	4222
6452782	4223
14706004	4224
152352981	4225
12566322	4226
18872123	4227
208830775	4228
96779857	4229
172769873	4230
81725200	4231
18483871	4232
265500964	4233
28128602	4234
172341029	4235
42992593	4236
241310760	4237
17068225	4238
78792100	4239
2960101	4240
6084982	4241
14121853	4242
17549096	4243
92678445	4244
17461226	4245
15924411	4246
12886112	4247
22050760	4248
45617989	4249
74033128	4250
18544188	4251
83220224	4252
17063238	4253
23225823	4254
14298819	4255
141357881	4256
8417802	4257
131998232	4258
42026511	4259
114519095	4260
238356204	4261
20195689	4262
239271745	4263
1442101	4264
70706453	4265
205341777	4266
135057752	4267
168544279	4268
28240302	4269
127810704	4270
148418872	4271
16016852	4272
28018672	4273
41437506	4274
16320817	4275
5513352	4276
16000947	4277
78924375	4278
178368272	4279
258096381	4280
174959828	4281
15551263	4282
17988396	4283
18994034	4284
16612857	4285
53443633	4286
17165458	4287
47828718	4288
203893499	4289
256134707	4290
19687218	4291
141167217	4292
19721592	4293
5388852	4294
265977653	4295
17022831	4296
15583287	4297
171908911	4298
16536804	4299
21816096	4300
16248619	4301
64047804	4302
16290327	4303
17362299	4304
111969688	4305
118644821	4306
51758990	4307
15751164	4308
14871283	4309
16928122	4310
177407138	4311
17593208	4312
171191429	4313
182056988	4314
114767953	4315
6811802	4316
15400332	4317
134687004	4318
9081922	4319
48726854	4320
57203	4321
42284908	4322
90971235	4323
38646243	4324
23246523	4325
63009240	4326
131625652	4327
77292945	4328
14763566	4329
11148342	4330
165200431	4331
18313617	4332
20219382	4333
44497235	4334
16840877	4335
95499927	4336
22116240	4337
8481222	4338
76866234	4339
109569992	4340
16721263	4341
69342256	4342
21881621	4343
15852054	4344
221697034	4345
81052999	4346
167735296	4347
21009554	4348
119517827	4349
16313592	4350
772681	4351
53313683	4352
25197341	4353
14198011	4354
131317768	4355
221526399	4356
23343968	4357
126492276	4358
64444175	4359
97481194	4360
16916193	4361
182105219	4362
14179222	4363
153428380	4364
39528744	4365
16703742	4366
24166550	4367
234110244	4368
185002853	4369
59338505	4370
19338042	4371
8690902	4372
27827695	4373
14324944	4374
39485994	4375
18560205	4376
132526387	4377
79043962	4378
32998543	4379
22933904	4380
170061178	4381
41871789	4382
97361708	4383
26716467	4384
32451329	4385
222189121	4386
19783137	4387
14720411	4388
18450898	4389
6540192	4390
22577042	4391
265749910	4392
20017902	4393
108705649	4394
48900286	4395
91836238	4396
85346124	4397
21321994	4398
118837674	4399
18786047	4400
20611194	4401
173387492	4402
227986140	4403
15503968	4404
163745140	4405
258731466	4406
147756403	4407
79543	4408
248037849	4409
60775372	4410
123322544	4411
15850769	4412
31620237	4413
265960486	4414
197156324	4415
69605342	4416
14883514	4417
15354042	4418
18072408	4419
15726358	4420
127636504	4421
20318194	4422
625323	4423
16641718	4424
39944598	4425
14533116	4426
17669882	4427
10224172	4428
19542974	4429
16915314	4430
28584787	4431
19341833	4432
172225488	4433
12160482	4434
131643746	4435
11673662	4436
159001530	4437
18258178	4438
14745283	4439
34030481	4440
107789104	4441
1246421	4442
97855971	4443
14027532	4444
14056454	4445
17074868	4446
98895591	4447
25897762	4448
150830257	4449
215683551	4450
69102823	4451
17205773	4452
17393790	4453
87212008	4454
105268204	4455
23111457	4456
18761609	4457
134487373	4458
15683948	4459
10305	4460
175590052	4461
184518363	4462
28768235	4463
261932674	4464
16492009	4465
107633083	4466
84868368	4467
131390753	4468
253953257	4469
21018559	4470
78212056	4471
8883702	4472
15605754	4473
18889063	4474
31257590	4475
67510424	4476
8402052	4477
18878427	4478
192236628	4479
16068825	4480
88265548	4481
16387116	4482
75067140	4483
273206322	4484
212095146	4485
169074286	4486
186791742	4487
17334372	4488
154132764	4489
12594922	4490
242093844	4491
111701523	4492
16886925	4493
14083627	4494
42929595	4495
151959726	4496
237394359	4497
75541452	4498
18536826	4499
15010721	4500
14705619	4501
8765892	4502
146965762	4503
31310594	4504
14773346	4505
53000535	4506
14182254	4507
236195413	4508
14543117	4509
15293352	4510
18603672	4511
16356317	4512
18913509	4513
109059176	4514
6944372	4515
14532188	4516
62816181	4517
23041301	4518
18281397	4519
211633957	4520
16877448	4521
15683	4522
260786513	4523
25054164	4524
122290394	4525
18619836	4526
41856927	4527
450953	4528
256288010	4529
24794263	4530
40822836	4531
116999724	4532
17781217	4533
15866800	4534
14664756	4535
43607866	4536
23292975	4537
43562100	4538
88198639	4539
28424289	4540
19248489	4541
25175706	4542
777560	4543
51678226	4544
18626582	4545
20148513	4546
10438862	4547
58881671	4548
173871192	4549
264014418	4550
18824239	4551
15126388	4552
153119220	4553
243768368	4554
30479742	4555
114235871	4556
15398780	4557
27234262	4558
19418492	4559
26590781	4560
68554574	4561
122493098	4562
16393123	4563
44564343	4564
22387436	4565
80796687	4566
57949239	4567
14789122	4568
164856615	4569
19114943	4570
15521495	4571
155690100	4572
108448846	4573
191478815	4574
243164287	4575
29015085	4576
40300225	4577
15826306	4578
214348336	4579
36986564	4580
203379278	4581
255315692	4582
76887105	4583
68982398	4584
11426	4585
17909421	4586
10774532	4587
17381284	4588
125382460	4589
44986113	4590
212311866	4591
28377973	4592
68939290	4593
123130128	4594
12095912	4595
8906982	4596
190722777	4597
129682105	4598
27702107	4599
11922842	4600
74613440	4601
4388251	4602
40506540	4603
15320887	4604
18744397	4605
270172081	4606
174291299	4607
8803972	4608
234099467	4609
15575441	4610
37391190	4611
8757362	4612
51196532	4613
110470795	4614
159245037	4615
21323607	4616
41364338	4617
212311732	4618
32613223	4619
11848	4620
207730312	4621
12611642	4622
18280708	4623
7350652	4624
19747277	4625
26154615	4626
46666938	4627
32629751	4628
101171750	4629
17794287	4630
123318445	4631
14222176	4632
209588239	4633
25512025	4634
40957993	4635
13097772	4636
39910912	4637
88822659	4638
119113698	4639
160919148	4640
14426771	4641
199234560	4642
115624836	4643
11435642	4644
1308101	4645
58341833	4646
166584190	4647
63192289	4648
31503269	4649
252769982	4650
130682467	4651
17003118	4652
187951011	4653
149729022	4654
131357770	4655
217576078	4656
25373949	4657
59616920	4658
22792103	4659
22341769	4660
17339297	4661
15378805	4662
14801380	4663
59580078	4664
236711870	4665
23721972	4666
28506177	4667
11279172	4668
45008312	4669
11774642	4670
70267806	4671
87870915	4672
182377857	4673
31634255	4674
6341572	4675
178943260	4676
16484677	4677
171569791	4678
204824975	4679
58855541	4680
42934314	4681
2108241	4682
16828143	4683
14266588	4684
18174998	4685
19195914	4686
248493560	4687
7604502	4688
40486003	4689
73703096	4690
24908830	4691
46340763	4692
18954425	4693
5693322	4694
27018757	4695
49464688	4696
16527273	4697
9188592	4698
17451602	4699
9686792	4700
14257199	4701
38388028	4702
89385774	4703
120694668	4704
41841330	4705
49216076	4706
42630325	4707
18850958	4708
53188888	4709
53056410	4710
158228752	4711
13047322	4712
8184892	4713
155396230	4714
15660796	4715
111992715	4716
105343122	4717
235538483	4718
10675	4719
8448712	4720
38668559	4721
177330882	4722
106283898	4723
181520337	4724
14430556	4725
128396268	4726
16366271	4727
15462767	4728
33452988	4729
51482997	4730
14864169	4731
51034077	4732
76476217	4733
5957552	4734
18529151	4735
219785653	4736
18292479	4737
17214633	4738
29985526	4739
18812573	4740
20770172	4741
16363738	4742
800735	4743
21224776	4744
120794494	4745
18134756	4746
85251925	4747
16880685	4748
18406622	4749
180463340	4750
33801769	4751
87795802	4752
6944972	4753
11983	4754
15434432	4755
232502918	4756
14204449	4757
101551148	4758
7282132	4759
18038375	4760
57115373	4761
10588	4762
98390827	4763
64576818	4764
257854565	4765
118028227	4766
20932375	4767
65363711	4768
33668466	4769
15062528	4770
84014340	4771
15062527	4772
67673600	4773
19471190	4774
16560157	4775
83625882	4776
18131988	4777
23547843	4778
15842919	4779
1081	4780
26312359	4781
141361726	4782
66158240	4783
205803	4784
12984	4785
176140153	4786
37645675	4787
24480639	4788
92364623	4789
162017343	4790
211858345	4791
236550275	4792
811051	4793
247414089	4794
181233139	4795
1485021	4796
93151373	4797
117850134	4798
163565993	4799
47951693	4800
9040122	4801
17927796	4802
16878903	4803
214212019	4804
69443278	4805
38394199	4806
34323672	4807
259695549	4808
155722772	4809
9506452	4810
6814492	4811
13832532	4812
16716129	4813
27071190	4814
17424617	4815
110301570	4816
14936846	4817
12935692	4818
116856787	4819
19187122	4820
9355162	4821
243662422	4822
90404746	4823
125290228	4824
3303571	4825
154906588	4826
127686449	4827
95382723	4828
82821085	4829
42140354	4830
162665603	4831
258923616	4832
17092592	4833
15520700	4834
270698836	4835
51179919	4836
260620672	4837
235179906	4838
17451031	4839
14773964	4840
135414895	4841
54113444	4842
14099516	4843
14323938	4844
130974356	4845
253835890	4846
45368137	4847
91943914	4848
20476654	4849
18433188	4850
225564695	4851
15445270	4852
22119456	4853
15349653	4854
204838222	4855
14206392	4856
217064519	4857
27644918	4858
90309379	4859
98479451	4860
105860187	4861
93953977	4862
258852781	4863
755452	4864
92697733	4865
39218350	4866
9643862	4867
70199201	4868
14118937	4869
21004344	4870
13272592	4871
28658384	4872
151472342	4873
96585127	4874
16332052	4875
9468972	4876
152692522	4877
15538795	4878
19455487	4879
216782324	4880
152145953	4881
18417216	4882
145361923	4883
90793521	4884
682213	4885
24897332	4886
14401102	4887
103585065	4888
29708582	4889
14345566	4890
139362133	4891
14125005	4892
25931068	4893
16369099	4894
55995317	4895
8925602	4896
226777208	4897
162060324	4898
113963	4899
55885084	4900
17046369	4901
15614315	4902
17763164	4903
234439191	4904
15428401	4905
48470743	4906
253473812	4907
19910599	4908
16308041	4909
22547150	4910
69497763	4911
23387320	4912
25330903	4913
15058363	4914
32584355	4915
67574227	4916
270455224	4917
23500913	4918
45187586	4919
27426996	4920
49445813	4921
18327007	4922
126688022	4923
111047938	4924
17486602	4925
102107813	4926
41965009	4927
257636956	4928
245928017	4929
99225888	4930
221160429	4931
2258301	4932
91827895	4933
115753716	4934
17898705	4935
15687170	4936
6567132	4937
59845061	4938
25780932	4939
6426552	4940
15618317	4941
86241413	4942
10864492	4943
37222477	4944
208303207	4945
28410099	4946
142705588	4947
103864359	4948
7263402	4949
229579510	4950
131646552	4951
23006156	4952
22490140	4953
222128283	4954
253437303	4955
14177081	4956
224074946	4957
14959496	4958
14889333	4959
33872783	4960
46573385	4961
187594363	4962
85263926	4963
202063776	4964
15120037	4965
74543	4966
14051193	4967
35524334	4968
140935817	4969
21023334	4970
218375995	4971
759186	4972
7562622	4973
60696138	4974
5820022	4975
24500538	4976
48764460	4977
16610527	4978
6288762	4979
15323865	4980
15917510	4981
19276287	4982
255349187	4983
76667648	4984
26815053	4985
18375249	4986
19124543	4987
141524887	4988
12693572	4989
34262175	4990
5402752	4991
53352349	4992
17006370	4993
139292079	4994
19255759	4995
21335770	4996
198590293	4997
189474615	4998
29392243	4999
269111650	5000
190359605	5001
57505932	5002
14835646	5003
36198161	5004
27962194	5005
145341208	5006
33960315	5007
262312950	5008
14233546	5009
66763589	5010
184544253	5011
260631674	5012
65508813	5013
19790018	5014
39031895	5015
33498000	5016
243767573	5017
14349077	5018
14095473	5019
184495064	5020
16586626	5021
46589508	5022
93176964	5023
1129701	5024
25151753	5025
21863612	5026
74887389	5027
28573074	5028
112479899	5029
56669858	5030
21678847	5031
238914931	5032
61109023	5033
17326645	5034
39099106	5035
1797291	5036
17472945	5037
24247270	5038
16814973	5039
58842703	5040
52254968	5041
20303224	5042
23284990	5043
14796279	5044
1428831	5045
159929295	5046
6486742	5047
8935052	5048
97515361	5049
18526308	5050
273004438	5051
53292314	5052
101711457	5053
15780594	5054
24716002	5055
132975929	5056
64122735	5057
15393195	5058
18962975	5059
11993412	5060
139458881	5061
14099435	5062
21909890	5063
52575960	5064
15947185	5065
19264339	5066
227818834	5067
2941831	5068
17543438	5069
18939822	5070
20083563	5071
136242193	5072
100440668	5073
90058548	5074
20414217	5075
223219109	5076
24425906	5077
21668588	5078
114049072	5079
17259981	5080
5166511	5081
33014475	5082
14822021	5083
73037662	5084
47497885	5085
101014503	5086
96756546	5087
19578025	5088
15247066	5089
164271321	5090
95044697	5091
100554896	5092
14390076	5093
5547552	5094
26092570	5095
157524175	5096
150224559	5097
18186993	5098
146237367	5099
57030266	5100
40944884	5101
88498786	5102
4182751	5103
123634244	5104
19583523	5105
18134210	5106
24906998	5107
27787027	5108
22950203	5109
236368003	5110
139024456	5111
258475508	5112
162557157	5113
22924849	5114
24962655	5115
48392114	5116
14888362	5117
79287934	5118
186267547	5119
14940826	5120
14248612	5121
81423917	5122
94365433	5123
14131420	5124
9886592	5125
14083767	5126
234001935	5127
200139454	5128
42119491	5129
16801452	5130
184756173	5131
73341141	5132
205346326	5133
829771	5134
26236577	5135
254853167	5136
106874944	5137
15343285	5138
24533117	5139
10767712	5140
131370098	5141
72353797	5142
2900	5143
189975197	5144
204979872	5145
608473	5146
17469567	5147
44268184	5148
381203	5149
6219652	5150
154959835	5151
16382820	5152
19685572	5153
28339843	5154
16444912	5155
226001181	5156
129878110	5157
19801665	5158
38186171	5159
139469291	5160
35636804	5161
263234033	5162
95333167	5163
21159398	5164
129730276	5165
136653516	5166
80794949	5167
14819061	5168
31070910	5169
10952962	5170
33098821	5171
180084261	5172
128361193	5173
34709013	5174
16237734	5175
128507642	5176
80235953	5177
24436600	5178
244385521	5179
126387549	5180
245453198	5181
18506975	5182
15281078	5183
10333202	5184
216633243	5185
23506185	5186
14985117	5187
17257272	5188
62619975	5189
46574042	5190
159658784	5191
57689706	5192
19264674	5193
234840602	5194
179999308	5195
210268467	5196
33832697	5197
1189601	5198
17353481	5199
18814878	5200
78066531	5201
14333690	5202
167700350	5203
14416798	5204
15066876	5205
18813157	5206
6302382	5207
25781647	5208
18559445	5209
70474548	5210
184841559	5211
84430599	5212
27055316	5213
45526985	5214
230509267	5215
53280402	5216
16410954	5217
30272314	5218
11443292	5219
94757700	5220
164550070	5221
220190718	5222
23421006	5223
18685602	5224
245439953	5225
24414900	5226
19597166	5227
13220972	5228
127356642	5229
16278934	5230
923541	5231
7278032	5232
46934475	5233
92063493	5234
18534567	5235
29436139	5236
113420566	5237
14391111	5238
11606702	5239
23309869	5240
132681279	5241
101477465	5242
15172283	5243
3041201	5244
124908488	5245
147335676	5246
121209486	5247
53324525	5248
90767831	5249
55927532	5250
26589876	5251
221846963	5252
200936459	5253
15699754	5254
66480892	5255
61666438	5256
48737785	5257
15379912	5258
252040223	5259
21507883	5260
14389648	5261
88090633	5262
133559534	5263
18822387	5264
17503856	5265
79039503	5266
259389589	5267
81453802	5268
14370358	5269
17506774	5270
691353	5271
161772480	5272
15963488	5273
22938618	5274
8156622	5275
16012310	5276
1045701	5277
218219246	5278
5051171	5279
21047224	5280
18073211	5281
61755699	5282
49013625	5283
20990463	5284
220884100	5285
18942695	5286
14944471	5287
14090906	5288
36480743	5289
25274451	5290
91458608	5291
15106068	5292
256148516	5293
16462209	5294
160658239	5295
83379102	5296
148040105	5297
26681326	5298
7614632	5299
186426532	5300
23106500	5301
210819491	5302
14855279	5303
168517618	5304
14369409	5305
18173027	5306
7288532	5307
211977478	5308
23324325	5309
41250334	5310
4030	5311
106546060	5312
58994449	5313
106375859	5314
79666388	5315
14618493	5316
189686051	5317
143502547	5318
56810786	5319
21908076	5320
28578596	5321
99001341	5322
41959740	5323
123055515	5324
16133935	5325
9527242	5326
220594903	5327
17224164	5328
205066491	5329
16882886	5330
199382257	5331
20956390	5332
18368098	5333
62545966	5334
55933111	5335
14850221	5336
198466520	5337
201515262	5338
96316448	5339
43635444	5340
18028249	5341
15483517	5342
11732322	5343
14911286	5344
20882372	5345
30734462	5346
14714942	5347
3811511	5348
44853718	5349
21776768	5350
23664655	5351
195440552	5352
103106691	5353
63726362	5354
14564986	5355
229944730	5356
232191946	5357
19631582	5358
9013032	5359
2737751	5360
208703350	5361
32428493	5362
14950583	5363
14350762	5364
221919129	5365
101563645	5366
188840004	5367
18507199	5368
18183592	5369
197178807	5370
24551605	5371
5179031	5372
15165587	5373
181834984	5374
192643153	5375
19611658	5376
97252700	5377
61014259	5378
41291640	5379
161813117	5380
65681735	5381
126153057	5382
46529685	5383
35280301	5384
56116936	5385
17011345	5386
29822494	5387
232987424	5388
18279169	5389
53091022	5390
96188024	5391
17080534	5392
233986555	5393
14315246	5394
206613587	5395
15322793	5396
164830389	5397
81655538	5398
139960419	5399
21372803	5400
17240550	5401
46205067	5402
6976562	5403
23409989	5404
21179890	5405
40007151	5406
18162777	5407
44570428	5408
106110915	5409
182798348	5410
44733866	5411
44651055	5412
15274836	5413
17475108	5414
19207266	5415
45672770	5416
42684074	5417
2226621	5418
816812	5419
18885594	5420
21316936	5421
222112008	5422
230182617	5423
8132582	5424
195796378	5425
170225857	5426
41253398	5427
141004777	5428
194066377	5429
19490555	5430
35783898	5431
72036947	5432
14704310	5433
35910513	5434
70449609	5435
33877371	5436
26747105	5437
22581361	5438
9158962	5439
16345566	5440
15632345	5441
46787681	5442
19790013	5443
129529866	5444
18049840	5445
19498445	5446
150956563	5447
261598031	5448
70833097	5449
4312721	5450
18857922	5451
39001282	5452
103971994	5453
79873303	5454
15487288	5455
24165974	5456
15928027	5457
242852382	5458
15753937	5459
19828667	5460
2241221	5461
18622210	5462
14599422	5463
95985617	5464
12322812	5465
31359340	5466
28840450	5467
19183264	5468
50489460	5469
9853212	5470
78606921	5471
249222971	5472
16911564	5473
18637420	5474
47520916	5475
60449169	5476
132013729	5477
13388922	5478
15131310	5479
144311568	5480
68452697	5481
21587712	5482
23974021	5483
18353112	5484
11470032	5485
91198297	5486
16703461	5487
14935079	5488
17993310	5489
135399738	5490
17873348	5491
201947373	5492
259305320	5493
32300434	5494
228085717	5495
13267622	5496
158136469	5497
72725104	5498
62606223	5499
16087477	5500
23834147	5501
15628274	5502
14620544	5503
152908018	5504
14621637	5505
76373	5506
220502693	5507
126150918	5508
1388961	5509
24125006	5510
135715040	5511
26457416	5512
14837928	5513
14802885	5514
21626871	5515
7830812	5516
36880462	5517
18105493	5518
68094095	5519
243825310	5520
16530746	5521
19505248	5522
208582686	5523
16720708	5524
28622733	5525
20192882	5526
165590939	5527
63039818	5528
75289001	5529
21953832	5530
159716429	5531
18609139	5532
42670114	5533
237212345	5534
117962382	5535
104236319	5536
14217862	5537
18276100	5538
76498257	5539
231546333	5540
68209920	5541
18087450	5542
28564127	5543
111795703	5544
169103586	5545
75141533	5546
86770799	5547
15859253	5548
257467966	5549
1203641	5550
137917994	5551
172886308	5552
17493528	5553
129250534	5554
233306179	5555
64804024	5556
28076703	5557
126346398	5558
29046105	5559
79368271	5560
87820847	5561
158216035	5562
16358939	5563
17945843	5564
233965578	5565
14327478	5566
47986482	5567
69427987	5568
14170736	5569
27044209	5570
817970	5571
37749110	5572
122466242	5573
15577052	5574
36643209	5575
46114472	5576
14697711	5577
91448645	5578
160994217	5579
30059550	5580
14235323	5581
14134419	5582
154368883	5583
14079425	5584
48181005	5585
25740983	5586
17578918	5587
31303139	5588
1091241	5589
119348430	5590
1330151	5591
7721172	5592
14191626	5593
201531255	5594
30268257	5595
100507331	5596
10178	5597
257556561	5598
14468043	5599
106645659	5600
104400450	5601
13451802	5602
144378293	5603
124942059	5604
22053039	5605
33369174	5606
17837216	5607
129347403	5608
15020853	5609
146917975	5610
255257849	5611
20466813	5612
19590747	5613
200137739	5614
18604510	5615
170606832	5616
818340	5617
14352967	5618
20380789	5619
122153660	5620
27095215	5621
47684949	5622
1398	5623
15044300	5624
17925141	5625
49167436	5626
102568475	5627
257564668	5628
166815795	5629
22540789	5630
148476118	5631
19707468	5632
10650562	5633
48604785	5634
185477564	5635
108357234	5636
17952277	5637
261344536	5638
101894696	5639
14335404	5640
159660869	5641
22145414	5642
16546592	5643
112869554	5644
66818412	5645
15748737	5646
161524303	5647
191807566	5648
6271842	5649
18547882	5650
101207588	5651
6269602	5652
231496926	5653
13140132	5654
21764657	5655
54475659	5656
34737705	5657
251114231	5658
15393033	5659
19065686	5660
14693622	5661
26334426	5662
14398964	5663
219979539	5664
15052090	5665
19790783	5666
27043989	5667
96889262	5668
14661957	5669
225390538	5670
60642052	5671
119667870	5672
86843948	5673
59833587	5674
17848135	5675
128601175	5676
14533716	5677
27789999	5678
18230113	5679
16130242	5680
236242567	5681
72019681	5682
127846497	5683
3558851	5684
24636191	5685
18208795	5686
195779937	5687
65098687	5688
15936780	5689
121437473	5690
19131613	5691
21213658	5692
22960333	5693
6965272	5694
170101646	5695
250983856	5696
225095543	5697
15150351	5698
19654406	5699
15979153	5700
17460928	5701
196671715	5702
9413702	5703
14136479	5704
5149	5705
250070427	5706
255704566	5707
183859873	5708
210909560	5709
56443851	5710
120185625	5711
267519951	5712
48880548	5713
94945000	5714
32574964	5715
98964742	5716
16908775	5717
271127683	5718
17047248	5719
16175706	5720
18514207	5721
18034962	5722
125150547	5723
17021619	5724
18873213	5725
23618183	5726
109995803	5727
272754640	5728
43226515	5729
15382147	5730
39616153	5731
253349591	5732
84524757	5733
28079769	5734
22040403	5735
238394455	5736
13363182	5737
71530623	5738
159049573	5739
17845906	5740
136758945	5741
7480172	5742
57102394	5743
16564842	5744
40248272	5745
119230913	5746
1252191	5747
14331959	5748
39932500	5749
232979512	5750
34637152	5751
15412070	5752
23844792	5753
52306963	5754
139567380	5755
53288855	5756
23145109	5757
271745209	5758
24095880	5759
15249228	5760
18997377	5761
200230533	5762
23031702	5763
57795179	5764
11316212	5765
49774815	5766
23486491	5767
94175843	5768
17850637	5769
113198037	5770
18485558	5771
14128069	5772
26104299	5773
251229821	5774
23526929	5775
213288408	5776
102186571	5777
60181596	5778
7226972	5779
215235391	5780
38003948	5781
23197604	5782
140827994	5783
23882123	5784
23920779	5785
24167147	5786
75300453	5787
270781759	5788
19689035	5789
14252191	5790
13448172	5791
55991727	5792
21817105	5793
30469863	5794
21225270	5795
198338473	5796
140060120	5797
15471640	5798
15555038	5799
166839611	5800
785595	5801
151546361	5802
22155739	5803
14582352	5804
52405458	5805
14053295	5806
14632998	5807
50008018	5808
20758436	5809
23797396	5810
139889120	5811
11489	5812
1054431	5813
124248528	5814
14085277	5815
23331830	5816
19564474	5817
16684007	5818
18213932	5819
7929742	5820
15081182	5821
16588005	5822
11504382	5823
224428744	5824
39591754	5825
21345203	5826
20444463	5827
260518040	5828
96145394	5829
128102692	5830
123614628	5831
16827720	5832
14144790	5833
62382288	5834
23711425	5835
33218276	5836
14607461	5837
224883589	5838
17972230	5839
6136332	5840
177931290	5841
18197912	5842
113831847	5843
23103362	5844
181311417	5845
38580030	5846
34057913	5847
199381244	5848
84623393	5849
126351209	5850
1253451	5851
52757236	5852
15768141	5853
14715504	5854
15524002	5855
13546712	5856
13807132	5857
57231428	5858
20661527	5859
174095086	5860
69001280	5861
14242280	5862
184274305	5863
8531352	5864
107186135	5865
237753551	5866
264046056	5867
26045055	5868
15811608	5869
118557729	5870
1319141	5871
33327241	5872
15380951	5873
193035945	5874
35068546	5875
34417776	5876
117218161	5877
95522978	5878
25154863	5879
106769185	5880
210831524	5881
210666689	5882
43163302	5883
22108647	5884
178897716	5885
25490697	5886
85032253	5887
101690924	5888
182987447	5889
1042631	5890
509	5891
26943860	5892
92439035	5893
24163850	5894
261277321	5895
15943690	5896
11541372	5897
22878414	5898
146452672	5899
103285229	5900
15534716	5901
27257879	5902
8261762	5903
29641373	5904
17542265	5905
175018925	5906
122895180	5907
5727392	5908
25737016	5909
107572393	5910
246576590	5911
15441074	5912
69837017	5913
238819163	5914
236967039	5915
74574719	5916
148081424	5917
110404277	5918
15506834	5919
50737978	5920
224255455	5921
20030225	5922
216013791	5923
13124962	5924
179812242	5925
78789634	5926
190120150	5927
94159667	5928
38338308	5929
95458918	5930
235324659	5931
213310819	5932
192895653	5933
14300954	5934
137066744	5935
6566712	5936
77731518	5937
226925720	5938
14180249	5939
15939352	5940
26870624	5941
267924448	5942
34700428	5943
2099891	5944
199486235	5945
36073824	5946
13410	5947
16427045	5948
35105327	5949
211556899	5950
194832495	5951
19519071	5952
126598407	5953
235482531	5954
14274606	5955
84172384	5956
204632531	5957
22516489	5958
118278304	5959
14993616	5960
19988765	5961
249485868	5962
1441291	5963
5531562	5964
95037522	5965
17301889	5966
107749539	5967
1934931	5968
169051492	5969
20660146	5970
248960481	5971
17070787	5972
23556388	5973
18127893	5974
14476147	5975
64927053	5976
33158772	5977
214788442	5978
19377400	5979
19111507	5980
35520594	5981
122586910	5982
1356261	5983
132581307	5984
18222647	5985
14134608	5986
14547107	5987
17473289	5988
244791392	5989
62554155	5990
21693	5991
123963067	5992
134853224	5993
150770608	5994
237819356	5995
133778635	5996
20612953	5997
18660690	5998
26739128	5999
17439117	6000
10880202	6001
23188976	6002
51319087	6003
198597076	6004
46138858	6005
42740377	6006
127465176	6007
163009920	6008
9804482	6009
251240599	6010
18107886	6011
118769820	6012
20116255	6013
34278049	6014
18587662	6015
71664150	6016
134761691	6017
50832208	6018
67436412	6019
20352504	6020
36568789	6021
96640040	6022
70477603	6023
226659463	6024
26713682	6025
19291219	6026
123778145	6027
39323281	6028
15749997	6029
262261836	6030
23172966	6031
9324442	6032
34674286	6033
138077315	6034
14639235	6035
207793457	6036
17343595	6037
15726500	6038
21513512	6039
247498484	6040
31179355	6041
124073829	6042
17069525	6043
80779692	6044
17475281	6045
15117599	6046
14869791	6047
62865525	6048
55391997	6049
58268797	6050
35846393	6051
12522	6052
94878320	6053
14285046	6054
14690254	6055
13900042	6056
181783656	6057
249361812	6058
269130040	6059
16540406	6060
15895108	6061
72005983	6062
123437271	6063
19047089	6064
16700601	6065
139331113	6066
18710031	6067
39001459	6068
16178737	6069
22018221	6070
22940727	6071
105623556	6072
15643370	6073
119546373	6074
1936361	6075
45928398	6076
14812510	6077
5816442	6078
25762392	6079
15292471	6080
18312678	6081
11235032	6082
134156687	6083
59197928	6084
18137387	6085
136772862	6086
14384696	6087
44015183	6088
141242868	6089
32529831	6090
26402434	6091
110918004	6092
47628348	6093
109648337	6094
18737023	6095
15515538	6096
111556341	6097
19477159	6098
111662569	6099
106540670	6100
61476055	6101
18948706	6102
15522756	6103
66395780	6104
36071096	6105
7541642	6106
6900852	6107
26486510	6108
148055679	6109
100479447	6110
23655155	6111
17212941	6112
89414621	6113
87765465	6114
43321377	6115
266278152	6116
112762523	6117
11413172	6118
16570335	6119
133492415	6120
16954719	6121
14890621	6122
17630773	6123
90803319	6124
16561292	6125
17295666	6126
135102077	6127
35030769	6128
15661468	6129
17524007	6130
130893745	6131
252855619	6132
116491722	6133
34676616	6134
121738047	6135
96089519	6136
14216821	6137
19826509	6138
14676022	6139
177234194	6140
44636789	6141
43541405	6142
19884721	6143
15514372	6144
6188152	6145
17721569	6146
270308750	6147
19532857	6148
133893663	6149
157455254	6150
9409732	6151
196885303	6152
9376622	6153
1293051	6154
651543	6155
108045600	6156
78543480	6157
83938774	6158
18370656	6159
15300020	6160
20025220	6161
22091828	6162
17194090	6163
173534506	6164
259505321	6165
19618046	6166
166235979	6167
110812554	6168
109813572	6169
17981089	6170
231085129	6171
26719898	6172
16411060	6173
43911998	6174
15367279	6175
92342722	6176
17936052	6177
252371425	6178
24164536	6179
28991368	6180
17569124	6181
33362218	6182
94831581	6183
19789205	6184
17577078	6185
67321398	6186
28447455	6187
16428278	6188
65152219	6189
63290903	6190
3840	6191
220920045	6192
174350413	6193
66759379	6194
15189849	6195
27515718	6196
246103	6197
259603718	6198
79447979	6199
43266527	6200
111482299	6201
15495117	6202
15686613	6203
5525212	6204
14364397	6205
18161157	6206
165404712	6207
12104222	6208
28676469	6209
9015512	6210
17779287	6211
165482352	6212
259011240	6213
30175166	6214
164725958	6215
15073882	6216
14264410	6217
18500852	6218
189561195	6219
33617885	6220
15745139	6221
6603672	6222
201290345	6223
18124692	6224
14015762	6225
188683808	6226
14079017	6227
17062597	6228
144422669	6229
33778988	6230
19245279	6231
254493514	6232
11424902	6233
18039861	6234
26432499	6235
21259003	6236
15734531	6237
25253084	6238
54708000	6239
194783022	6240
8299792	6241
252606479	6242
28936770	6243
16592690	6244
177276579	6245
186783403	6246
157729385	6247
22660345	6248
77949533	6249
35563232	6250
15030787	6251
167915369	6252
260985403	6253
154435961	6254
15130462	6255
14624025	6256
119468133	6257
37920064	6258
16177296	6259
14290383	6260
191514152	6261
100111917	6262
9588882	6263
9209942	6264
85736993	6265
18911295	6266
14576426	6267
182066809	6268
23451393	6269
29802611	6270
27302814	6271
799630	6272
39645433	6273
80589255	6274
13362422	6275
72615435	6276
121558178	6277
112558885	6278
245094866	6279
15924506	6280
47380390	6281
140979761	6282
29724162	6283
16864988	6284
23530440	6285
18282606	6286
14275501	6287
14549601	6288
68991418	6289
268690589	6290
91273362	6291
14749243	6292
14150407	6293
257186370	6294
14943648	6295
31175661	6296
73749928	6297
217793491	6298
20590490	6299
703953	6300
23406304	6301
15680214	6302
17486092	6303
73347023	6304
125668334	6305
11069462	6306
24816382	6307
21407983	6308
18189305	6309
15943715	6310
16527332	6311
166207466	6312
15023383	6313
29355945	6314
117255869	6315
1957211	6316
152088160	6317
30780296	6318
22023311	6319
14120984	6320
84043516	6321
60304834	6322
78315807	6323
9574902	6324
67771977	6325
17734669	6326
16278038	6327
269082797	6328
15410368	6329
14313749	6330
21867719	6331
50613	6332
22150874	6333
14320910	6334
240247368	6335
42381705	6336
21930609	6337
244770433	6338
59043610	6339
228561093	6340
6655632	6341
18129159	6342
216905062	6343
21781176	6344
34356968	6345
17625824	6346
14782952	6347
22084719	6348
41883924	6349
213945499	6350
162279176	6351
16272356	6352
14399289	6353
29451005	6354
16027532	6355
97598142	6356
246648550	6357
238341121	6358
23782518	6359
160984282	6360
103655819	6361
63292317	6362
773624	6363
246029073	6364
43364907	6365
20329248	6366
6588122	6367
10284472	6368
136461307	6369
114012228	6370
8159652	6371
235737404	6372
216838986	6373
7853592	6374
18691494	6375
5661792	6376
110259781	6377
95137513	6378
15368554	6379
109302745	6380
28140193	6381
781493	6382
134908261	6383
34075958	6384
18231339	6385
5724622	6386
18787132	6387
26211291	6388
227750413	6389
14065548	6390
7599982	6391
137622383	6392
19560605	6393
145159487	6394
255708730	6395
14874721	6396
27961877	6397
25478329	6398
85906552	6399
17789501	6400
197962366	6401
11028352	6402
17393362	6403
262035041	6404
203336407	6405
17065634	6406
15307617	6407
112266869	6408
242860285	6409
56521633	6410
14346361	6411
36098673	6412
217318313	6413
19167202	6414
259615130	6415
18201948	6416
47444914	6417
86711072	6418
17971455	6419
16956339	6420
14519349	6421
20851240	6422
247136805	6423
43765408	6424
6695732	6425
14789042	6426
19044237	6427
24411254	6428
14625146	6429
111809956	6430
15908105	6431
14277846	6432
14109075	6433
28963641	6434
14247062	6435
33414867	6436
989	6437
1774081	6438
42202168	6439
37818134	6440
12795662	6441
9562272	6442
106601959	6443
15385968	6444
14910806	6445
232603412	6446
213702367	6447
96655484	6448
755332	6449
255234205	6450
25911549	6451
142410443	6452
80481912	6453
15110531	6454
19996935	6455
14291015	6456
11567972	6457
7674792	6458
252759457	6459
18017238	6460
34507129	6461
62985966	6462
92927188	6463
21812771	6464
167492987	6465
13785352	6466
6419872	6467
60578598	6468
61510388	6469
107621747	6470
192124196	6471
111729901	6472
10546442	6473
218193050	6474
1129871	6475
71801107	6476
20397358	6477
207205591	6478
36913318	6479
259288021	6480
14563894	6481
223488253	6482
39986906	6483
112749574	6484
173610845	6485
57026817	6486
124854403	6487
17449898	6488
15070780	6489
23148563	6490
26765831	6491
58438772	6492
20731401	6493
94579136	6494
5708292	6495
81020598	6496
40099249	6497
26255541	6498
89552709	6499
21658412	6500
19203457	6501
58617198	6502
155394436	6503
28017930	6504
203495480	6505
85008170	6506
17727253	6507
20632381	6508
14316141	6509
17477864	6510
47110722	6511
142761850	6512
18930170	6513
243522984	6514
8647302	6515
20007264	6516
8112832	6517
134149133	6518
262379715	6519
15409034	6520
21345004	6521
230589809	6522
17926317	6523
25318477	6524
104893393	6525
3714411	6526
19886908	6527
18997715	6528
24889586	6529
19365378	6530
16148602	6531
24930382	6532
20212448	6533
19927845	6534
30933895	6535
255180880	6536
4583971	6537
15400979	6538
269105245	6539
115377377	6540
18000311	6541
175344254	6542
26118186	6543
20254792	6544
20698002	6545
224741780	6546
95912884	6547
126364732	6548
21230617	6549
120652915	6550
230314512	6551
25694234	6552
28441423	6553
35796925	6554
17746589	6555
63054429	6556
135298815	6557
81189900	6558
16248585	6559
147026192	6560
29813042	6561
243691549	6562
15583560	6563
13418512	6564
17273391	6565
25276905	6566
15431942	6567
40721661	6568
160313219	6569
28562298	6570
24224879	6571
26657049	6572
35281506	6573
107093676	6574
27732408	6575
9244262	6576
40532389	6577
63156219	6578
97289556	6579
15842676	6580
92285511	6581
67924644	6582
233221276	6583
22256515	6584
204609287	6585
162898103	6586
17226610	6587
25079420	6588
6723912	6589
18533988	6590
15488145	6591
62301773	6592
16234345	6593
25799963	6594
157767014	6595
104289815	6596
229178886	6597
37896600	6598
23126646	6599
117700355	6600
6131832	6601
14320024	6602
221749521	6603
108622476	6604
34556885	6605
38670814	6606
15626406	6607
15138003	6608
14471169	6609
22141824	6610
27386308	6611
91117627	6612
182172282	6613
196590443	6614
14236479	6615
106963800	6616
175477079	6617
124742769	6618
13690622	6619
83602448	6620
18300176	6621
30018368	6622
188841373	6623
126754289	6624
33080831	6625
223848490	6626
88776484	6627
84488824	6628
48892632	6629
43746845	6630
15479484	6631
146416257	6632
43249641	6633
18247087	6634
28859686	6635
181800245	6636
14659923	6637
57863766	6638
22866896	6639
232230669	6640
238299492	6641
14554078	6642
191358215	6643
3750071	6644
202257778	6645
146943510	6646
99324565	6647
18252347	6648
53962656	6649
62972069	6650
16970638	6651
832831	6652
76784104	6653
9639352	6654
109504968	6655
246061882	6656
68592846	6657
240798167	6658
83865532	6659
80043372	6660
193585697	6661
69136508	6662
110750328	6663
18343178	6664
7867802	6665
28031609	6666
18492564	6667
16506383	6668
18655567	6669
243321948	6670
31830665	6671
180481402	6672
14270329	6673
52162223	6674
19153333	6675
77750391	6676
616173	6677
41721520	6678
15175391	6679
19916228	6680
11726442	6681
23389965	6682
113422725	6683
206358757	6684
17812000	6685
28130246	6686
69648081	6687
145420038	6688
253727842	6689
40937566	6690
20960765	6691
18833982	6692
192972145	6693
218902597	6694
12300692	6695
116488585	6696
98673557	6697
26784273	6698
27953	6699
87719258	6700
16217727	6701
225199394	6702
55648693	6703
26043616	6704
9666782	6705
14165957	6706
180275858	6707
66925975	6708
18391507	6709
15942716	6710
14448173	6711
20477352	6712
22457041	6713
85917069	6714
14097725	6715
5126871	6716
17995655	6717
17429334	6718
23961550	6719
16153984	6720
11403042	6721
53846756	6722
103651694	6723
24574222	6724
20332142	6725
120965844	6726
68414446	6727
205361935	6728
48497316	6729
24798988	6730
69583	6731
147467640	6732
50638723	6733
65858107	6734
76456492	6735
14500374	6736
20276964	6737
52780400	6738
700593	6739
48663963	6740
34934712	6741
26835100	6742
16956811	6743
55274676	6744
185497324	6745
170143271	6746
30386438	6747
17332386	6748
53444887	6749
266568519	6750
221265281	6751
220885006	6752
29125475	6753
33098495	6754
239286291	6755
51531341	6756
83735005	6757
3395021	6758
32266938	6759
15511139	6760
259288480	6761
18029498	6762
29827578	6763
20550830	6764
14517899	6765
15221975	6766
88435810	6767
63073975	6768
14652452	6769
62926597	6770
59427376	6771
194591750	6772
46668984	6773
142415173	6774
18175164	6775
63646347	6776
13012632	6777
187015252	6778
142805881	6779
51997163	6780
8474322	6781
15578710	6782
6911662	6783
18832833	6784
17058577	6785
13728412	6786
20545925	6787
34118997	6788
15008449	6789
17357018	6790
121239864	6791
19794129	6792
43785909	6793
20201647	6794
19137574	6795
9615962	6796
38194364	6797
253414535	6798
99740489	6799
20842354	6800
19632835	6801
142513252	6802
125090401	6803
8340752	6804
18214840	6805
16348705	6806
15749177	6807
16156062	6808
56805668	6809
104055955	6810
190969275	6811
30854420	6812
182357928	6813
14185424	6814
68475377	6815
120309742	6816
113979106	6817
10356542	6818
150435789	6819
236508708	6820
18204677	6821
16352993	6822
242454810	6823
34924998	6824
14115587	6825
20567743	6826
12485522	6827
14957541	6828
267882860	6829
146906710	6830
17608059	6831
23992376	6832
37549379	6833
23593412	6834
5606492	6835
8539242	6836
235629835	6837
14258602	6838
17125155	6839
14179549	6840
198599261	6841
264400863	6842
259653783	6843
14993466	6844
15374280	6845
21266715	6846
16535920	6847
247057776	6848
141379955	6849
237114951	6850
25661540	6851
3171031	6852
186024338	6853
17446886	6854
267517115	6855
14475312	6856
109339635	6857
14553055	6858
58563977	6859
29632619	6860
58988537	6861
139535000	6862
26089676	6863
18497497	6864
46787956	6865
31030273	6866
14894307	6867
252760820	6868
21566395	6869
182562771	6870
26470645	6871
17206658	6872
238468639	6873
80741351	6874
205936089	6875
49723206	6876
22380908	6877
143613967	6878
39047949	6879
83966731	6880
14380462	6881
16530557	6882
18295455	6883
190229279	6884
16997044	6885
45484909	6886
18216761	6887
14889185	6888
271160885	6889
267579171	6890
80979157	6891
196853166	6892
128144689	6893
119480392	6894
36702921	6895
84497664	6896
14378281	6897
18415509	6898
17402349	6899
68036460	6900
54295084	6901
20733757	6902
60849055	6903
175413619	6904
66993	6905
30705248	6906
118352178	6907
75816353	6908
266761504	6909
20338713	6910
111053385	6911
18752726	6912
86080280	6913
1315431	6914
18588568	6915
61818955	6916
169234290	6917
220756966	6918
