#module 0 size: 2 bs: 0.00222876
48476949 183101557 
#module 1 size: 2 bs: 0.0866777
107789104 236409451 
#module 2 size: 2 bs: 1.10802e-11
14121853 156644794 
#module 3 size: 2 bs: 0.00185226
123905824 148833123 
#module 4 size: 2 bs: 0.00191927
26617933 89370731 
#module 5 size: 2 bs: 1.44329e-15
30516098 130650276 
#module 6 size: 2 bs: 1.75721e-05
44123567 97074438 
#module 7 size: 2 bs: 0.000220884
180607403 243660328 
#module 8 size: 2 bs: 0.00439588
100573490 139063272 
#module 9 size: 2 bs: 0.00932307
147467640 150224559 
#module 10 size: 2 bs: 0.0100659
128040590 197538143 
#module 11 size: 2 bs: 0.0918795
148478556 197882703 
#module 12 size: 2 bs: 0.0441823
110424984 128396268 
#module 13 size: 2 bs: 0.00140673
178943260 194591750 
#module 14 size: 2 bs: 0.00226547
94757700 156137116 
#module 15 size: 2 bs: 0.00188807
90469674 110778721 
#module 16 size: 2 bs: 0.0801066
77540628 122895180 
#module 17 size: 2 bs: 1.27321e-07
21726416 25904132 
#module 18 size: 2 bs: 0.00507952
20254792 51179919 
#module 19 size: 2 bs: 0.0050523
16856926 228661575 
#module 20 size: 2 bs: 0.062418
52910865 69443278 
#module 21 size: 2 bs: 0.0756807
35551741 42284908 
#module 22 size: 3 bs: 0.00266771
26001722 106175819 269218298 
#module 23 size: 8 bs: 0.0971154
1442101 5547552 12398022 15942716 17988396 18533988 34033504 44046468 
#module 24 size: 10 bs: 0.0199957
14169364 14697711 22119456 53311224 107232730 147977705 150956563 168426262 205007756 219979539 
#module 25 size: 22 bs: 0.0213395
7795982 18530171 21179890 23077155 27055316 28169177 28431983 29097048 32574964 37391190 41641562 45914093 49167436 55391997 68551767 71801107 78066531 108705649 111435350 134141151 152692522 198599261 
#module 26 size: 26 bs: 6.94272e-07
4937061 10748252 14165957 14464331 14563894 14614615 15123270 16888904 17194090 17542265 18292479 20447545 28017930 28230825 29040062 49992096 51028602 65508813 68592846 75300453 98078133 114235871 121558178 144692356 150435789 224074946 
#module 27 size: 23 bs: 0.0580148
14508983 15624385 17435271 18343178 19747277 19884721 20932375 20960765 27894046 30734462 40250971 40957993 46205067 53500999 89552709 101207588 150828573 177507202 202257778 207793457 232191946 236195413 240552704 
#module 28 size: 10 bs: 0.00439588
1630261 51684877 56981225 64166227 64365916 67798741 94541648 141524887 171908911 181421726 
#module 29 size: 68 bs: 0.027248
13298 819284 1129701 6144162 8159652 9886592 10155832 10284192 10636902 11698322 12354252 13342982 14128528 14219103 14576426 14789122 14870168 14888632 14894307 14934718 15184929 16393123 16457010 16694698 16703742 17202143 17257272 17312943 17339297 17460928 17874910 18089164 18102284 18429289 18705078 18836209 19771162 19794129 19910599 19977032 20545925 20610029 20851240 20858400 20945245 21957689 22084719 23343266 24756213 25191558 25478876 25490697 28562298 33098821 37069994 41841330 42469463 43292618 52814458 58818905 69033184 80589255 89410778 120185625 125418319 131625652 214303021 232502918 
#module 30 size: 23 bs: 0.0424168
8393112 14144790 14212028 14291015 14327792 14517899 14634791 15445154 15534716 16941718 17644563 21275406 22201568 61849834 67898690 86160868 104901157 110281707 113747572 125867143 142415173 144325640 195742848 
#module 31 size: 3 bs: 0.503965
46573385 86813802 135248445 
#module 32 size: 4 bs: 0.695084
15748737 21751985 53962656 149729022 
#module 33 size: 4 bs: 0.768792
17939480 26154615 123940928 124028136 
#module 34 size: 3 bs: 0.771132
90767831 147026192 208398817 
#module 35 size: 6 bs: 0.401683
18059231 18500852 38615541 77949533 116690967 211774252 
#module 36 size: 4 bs: 0.106337
2663161 14192412 16410954 19411110 
#module 37 size: 6 bs: 0.986693
7708092 14349077 18628769 37645675 51695698 210427069 
#module 38 size: 157 bs: 0.881273
13348 1120601 7449512 8071902 8757362 9431342 10768282 14090906 14544571 14712592 15866023 15979153 16411060 16510194 16539573 16819278 16874616 17042374 17812000 18368098 18415509 18500852 18526308 18536826 18664956 19694104 19828667 21678847 23792216 24257957 24419425 24480639 25043966 25151753 25335744 25781647 28504545 28963641 29641373 30933895 31634255 32266938 32529831 33014475 35030769 36601355 38151395 39821643 41305840 41929517 42300348 43573375 43613550 49216076 50335002 51294632 53091022 55533136 57600394 58438772 58845411 59539942 65858107 66925975 69837017 72605385 81020598 81655538 89202951 89929074 90404746 91117627 91791843 94229358 94574028 94878320 102324811 102399171 105235681 106554309 106963800 108083117 118644821 119297816 120174685 120285512 120309742 124866595 125090401 126150918 128996296 136772862 137937174 140979761 142169165 145662065 148425035 150872447 151472342 153119220 159563937 161783675 164338516 165404712 165420335 167637074 170061178 171994706 178817507 183859873 185152562 188841373 191663507 197948154 201656128 208687668 210909560 214274567 214348336 217541234 217574343 219353003 222496666 223380929 228397622 229579510 230718701 232438363 234104154 238760716 240854929 242093844 242131117 242551935 244934195 245634968 246576590 250477894 252782082 253835890 254812166 255704566 256148516 256331922 258852781 259288021 259505321 259653783 261598031 262086880 263448462 265268942 265749910 267059970 271160885 271625895 273206322 
#module 39 size: 31 bs: 0.735899
1630261 21179070 60335753 65604392 68209920 71847229 73359595 86989704 90420645 97598142 99031903 99324565 105109640 110750328 110921163 119526244 121834189 129347403 129915741 135102077 138498796 139788444 159049573 164391207 165494539 170777800 190229547 229587355 232573485 240606964 259389589 
#module 40 size: 32 bs: 0.822892
1692171 2226621 3432881 6567132 8159652 11698252 11698322 14051159 14350762 14465902 14693622 15126891 17641725 18885594 20172321 21755807 22155739 31179355 33414867 35783898 37222477 38109868 38297358 39944598 44069257 48880548 57133313 77281326 88677841 124920374 241321163 262751654 
#module 41 size: 19 bs: 0.354088
14304203 14578544 15907716 16932185 19409508 19654787 22204032 22372197 28268371 30033646 37818134 48791942 78924375 86239624 90203791 100817771 201242210 247498484 268125399 
#module 42 size: 56 bs: 0.303534
812825 821110 7090482 8071902 13286312 14342975 14911286 15024783 15113529 15483517 15689313 15724452 15928027 16297675 16302855 16313592 17211751 17304123 17451031 18086674 18658739 18732075 18812573 19560605 20564713 23387320 24930382 27044209 28441423 28676469 29624532 32422915 33872783 35281506 36357300 40944884 43562100 47684949 50743805 52306963 57689706 64544676 65098687 67673600 72615435 88822659 91194630 139808538 139953824 145420038 175876900 221846963 222568217 242864968 245634968 263312330 
#module 43 size: 128 bs: 0.11354
1585 799630 2258301 3171031 4053841 5793772 5874452 6723912 7712452 9011012 9627192 10355872 11412542 12594922 12781762 13445052 14128069 14142231 14157732 14186545 14380889 14399357 14624025 14653506 14803061 14812510 14862723 14890935 14936846 14947289 14957541 14993466 15008449 15013580 15020853 15082995 15210530 15231287 15382147 15412816 15553406 15580925 15583287 15648561 15648584 15655296 15661468 15675070 15681663 15905565 15935243 16334085 16527273 16561292 16588005 17315836 17625824 17627945 17871826 18040428 18098655 18127893 18173027 18822387 18994034 19131613 19248489 19264674 19291219 19365378 19399298 19408219 19656274 19873296 20596316 20873104 21429357 22790425 22876951 22933904 22980460 23500913 25079420 26744291 26765831 27302814 29646744 30386355 30667186 30874865 34938387 36913318 37546498 45368137 47444849 48722198 50456532 52563809 56521633 58842703 61014259 61485121 63875612 64325295 66997403 75067140 79447979 84172384 84652502 84737899 89519051 92318904 96145394 100507331 101563645 111789350 119468133 130589438 135601675 156010360 184700776 190754647 195007168 198466520 224428671 238914931 245314387 252760820 
#module 44 size: 14 bs: 1.01413
16162490 18939822 22240383 39031895 51144694 51312272 76000222 92364623 98968120 126979577 147595464 166961004 185681415 228085717 
#module 45 size: 8 bs: 0.456408
6535242 18197912 20329248 44899126 49121564 52866517 60654941 149747560 
#module 46 size: 34 bs: 0.777983
205803 810579 920991 3028161 3277401 3286621 4922001 8518862 11202562 11424902 11632342 13000872 14280977 14578544 14860922 16226484 17549229 18269262 18292479 18402888 19338042 19602429 19707468 22457041 23618183 23664655 26835100 31214311 36697219 37680820 39815230 62545966 93730653 100504915 
#module 47 size: 107 bs: 0.165153
1630261 15929686 24442567 24481863 28039217 28447455 28623830 35267268 40448583 47216578 47599165 54475659 62625917 70937408 71530623 72311889 72661977 77292945 83434276 84269742 88140118 89492277 92169251 94945000 95738226 102107813 104223101 108622476 117255869 119230913 119526244 123971807 128693679 134352532 134487373 135298815 135399738 135687184 137443330 137531481 144422669 145408456 147314264 150845268 151714614 162735344 164550070 166207466 168296616 170777800 171997599 173534506 175533140 177156570 179999308 182357928 185657737 186024338 186901595 187594363 188419032 188840004 190395758 191478815 193088908 193362884 196853166 198560132 199009858 201290345 201763743 204838222 208677720 208766236 216529788 217576078 218567695 223691577 226769636 229674969 230859303 230974069 231085129 233948859 234001935 234840602 235633896 235729192 235759321 236368003 238356204 238602830 240468977 241472180 242884484 243662422 245453198 245793450 248493560 250731274 254493514 256324516 259011240 259394715 259493072 259638685 260985403 
#module 48 size: 25 bs: 1.09788
651543 2148071 3954581 6486742 8476602 15002220 15862839 15947897 16248619 17168493 17578918 17844404 18204677 19751635 24553362 29125475 48392114 58563977 70751508 80979157 95912884 108811740 118769820 128361193 153997237 
#module 49 size: 43 bs: 0.878979
1630261 10334122 15767281 16533239 18706144 21153270 26486510 31288054 33247276 44268184 45008312 56805668 58244502 59616920 62187962 68446061 71847229 83277670 84217059 87331481 90404746 104332218 121271356 123318445 124866595 128507642 129347403 130158543 139788444 146655020 150872447 156121581 156693720 161783675 166235979 166394396 170606832 182105219 187731482 191503263 216258042 217318313 220020817 
#module 50 size: 56 bs: 0.519266
5998552 24545046 25762392 28410099 28765331 29707246 35656602 38087508 44693348 48504894 58929178 62985966 70622187 74003363 78000325 80175829 81314945 84868368 89708408 90195278 90404746 92513185 96889262 98964742 111701523 112516636 114685387 116488585 119946793 124009190 127356642 130682467 131390753 131847507 131932008 132553078 139567380 142977623 146965762 152088160 155311735 155994909 156475064 159001530 164856615 168402242 172225488 174319881 176806231 178368272 209558599 210886997 211787112 213288408 216145017 252855619 
#module 51 size: 67 bs: 0.605249
450953 1012071 5606492 7018942 7145552 9994802 14235323 14745283 14774443 15001234 15249228 15515538 15578710 15634516 15749177 15781117 15821556 15943690 16201819 16226069 16657530 17050705 17165458 17284883 17449898 18120676 18622210 18783265 19065686 19455487 21004344 21812410 24551605 24707040 27292941 29392243 29822494 30018368 30461425 34904126 36371780 39657206 41364338 48604785 48816106 48900286 50737978 54546622 59541290 59833587 60100870 62310536 69493393 74946653 84562932 86080280 121738047 123892070 131177653 161415195 170225857 184841559 199848513 202595945 203003361 209150087 266202805 
#module 52 size: 42 bs: 1.06019
1040391 7314152 7396542 7614052 13577172 16825062 17897020 18222647 18824239 19631582 19990190 20057454 20813611 49616509 55303089 69605342 71664150 75347004 87534528 88265548 89013228 104236319 105523857 119667870 124670621 129250534 133923294 145755847 161691702 170394787 173452455 177719652 190722777 200936459 204090866 213069826 216344199 220884100 224770553 248037849 263031010 265977653 
#module 53 size: 23 bs: 0.620989
14339520 15868433 17948379 18231339 19774073 20380789 26402434 26432499 32182277 35152869 36368888 36601355 36713201 69435529 70688431 73429252 81394914 87615535 109433379 110178946 128102692 152908018 185670728 
#module 54 size: 109 bs: 1.01938
1774081 5656332 8614412 9335042 9666782 10356542 10819662 12383122 12566322 14070222 14118937 14134608 14140147 14170736 14388669 14398964 14448046 14639235 14641392 14685183 14738804 14763566 14789042 14801380 14803154 14870804 14890621 15109389 15165587 15175391 15367279 15380951 15825852 16201819 16248585 16459994 16530746 16536804 16905666 16928122 17062597 17083396 17116782 17130461 17343595 17353481 17400430 17837216 17873348 17971670 18478410 18603672 18638821 18914307 19023804 19288077 20212448 20813783 21213658 21278570 21587937 21832608 22483974 22526513 22681922 22907920 23974021 24551605 27018757 28009658 28128602 28462804 30469863 31157419 34507129 35563232 37679854 43249641 53175809 54546622 58866657 62614001 64047804 64234931 71410962 75800420 77026018 79740296 83625882 84438310 89595535 90313639 91836238 97252700 105305259 109440429 114579424 130575807 144892029 153875670 159245037 164725958 170351580 199503098 203149052 203336407 225095543 240365217 257556561 
#module 55 size: 81 bs: 0.451424
18105493 19578025 24163850 26815053 27753611 28486708 30462898 33158772 34443244 37246265 38327069 39910912 40185311 40187150 44278796 44636789 45051894 47520916 49464688 52114630 52582757 59197928 59355478 64217263 68456925 70617438 73978891 74033128 83220224 83966731 96109157 97158610 98714095 103116624 108350879 121296694 122290394 126364732 131512268 133778635 134687004 138077315 147461784 148476118 157832459 162017343 163719471 166698317 167915369 169074286 172886308 180390958 182517897 183461152 183626732 192709407 194245667 202063776 202867023 202892149 213310819 213937754 213947558 220920045 222189121 223171168 226001181 227686496 229328959 230299067 233405624 234439191 235905598 238394455 242444620 251229821 255315692 259603718 259695549 266908845 269700319 
#module 56 size: 50 bs: 0.193255
1630261 16425627 20590490 42868982 43541405 45848865 70449609 74285761 81052999 82655261 82821085 96655484 98928522 109150601 112516636 116491722 122115977 123324025 127188125 127846497 129319803 131713492 147342909 159791993 160919148 161700842 163009920 163067164 163954957 167084030 168837176 171023147 172771660 184544253 185124947 186783403 186791742 199486235 205936089 208064567 208582686 222112008 222555703 229944730 230182617 237212345 246600472 248960481 248988432 254639896 
#module 57 size: 49 bs: 0.139755
24113 749333 780006 790000 3395021 9013032 9286142 9561522 13807132 14782952 14830831 15125371 15274752 15466555 15510638 15555038 16167886 16200143 16428278 16641454 16916193 17278906 17453969 17753670 18071407 18134756 19689035 20303224 20550830 21359690 22878414 23485622 31738235 33801769 34924998 39001282 56660747 74411287 84972513 87358503 115377377 138969362 152145953 152560538 154435961 181096818 202844511 260631674 267519951 
#module 58 size: 37 bs: 0.439726
456 10675 13298 700593 811051 3558851 6144162 6297382 6900852 7541642 7599982 8307012 9011012 9040122 11698322 11784882 14369409 14789122 14820724 14888632 15070780 15939352 16040887 16133935 16506383 17071737 17257272 17994525 18813157 18836209 19583523 19679188 20303224 21957689 41841330 91329057 252105891 
#module 59 size: 27 bs: 0.998468
788863 819522 6426552 6719712 7263402 7480172 8384912 9938952 9961332 10473582 10773882 14128901 14547107 15123270 15443141 17477864 17898705 18566129 19703385 20611194 29802611 49011247 54296186 56377143 80449471 80794949 94561549 
#module 60 size: 89 bs: 0.812713
1585 5149 10588 626233 771698 809092 1309511 4312721 5727392 5885772 6452782 6566712 6588122 7674792 7712452 8823362 8867682 9277962 9813282 9819862 9853212 10654322 10774532 10781952 12477052 12587982 13205902 13438712 14128528 14135845 14153491 14153594 14176242 14389648 14390076 14533716 14562685 14596506 14714942 14874721 14891245 15041902 15103213 15159129 15184929 15210530 15231287 15299357 15368554 15780402 15826306 16049723 16249213 16527332 16680941 16904101 17065634 17170520 17737138 17926317 18176747 18503214 18619836 18834180 18920390 19044237 19255759 20391685 20731401 22141824 23757784 24165974 25661540 26236577 30864653 41626400 44570428 53352349 58855541 69687111 79666388 97289556 98362525 110897594 121209486 163712424 188911259 192171500 229766654 
#module 61 size: 54 bs: 0.88563
13062502 14285046 14494993 14550012 14628090 15172283 15215190 15302120 15342619 15725650 16419927 16445899 16506571 16951971 17259981 17512738 18017238 18107886 18173465 18312678 18391507 18611056 19114943 21345004 22992850 23095083 23618183 24184567 29813042 30466915 35796925 43226515 45034162 47634020 55532384 55913654 66799471 73347023 84097256 99225888 109813572 111729901 117477071 123379214 124473570 126928559 141571223 148696421 177276579 182798348 210852155 214659775 243767573 262770233 
#module 62 size: 32 bs: 0.41136
4312721 11145002 14261302 14624115 15281078 15382111 15426896 15445270 15503968 16357285 17512738 18685602 19658782 20307019 21626871 22924849 23221629 23547843 24125006 25003235 26089676 28674078 29813042 34012344 34394575 35796925 108274516 109648337 111556341 143414740 157455254 172107130 
#module 63 size: 77 bs: 0.7685
8496612 12597012 13228592 13315172 14233546 14464919 14562275 15599014 15683948 18089695 18353112 18689581 18822990 19721592 20209025 21729540 21975447 23324325 23421006 23628049 26419482 26668603 26713682 28784606 28901886 29985526 32377446 32712520 34118997 34674286 39241726 43500507 44733866 46037408 56973737 63285684 64844059 67436412 70199201 75221587 84623487 85665693 89468228 97468141 118102391 123116942 124524462 127659721 132013729 138267795 139567380 140028928 141242868 145449666 155192639 160313219 165144151 171719023 189686051 191514152 191840628 195165128 195796378 217162001 217527334 222444337 231254156 231488894 232979512 246290364 247136805 252040223 254426170 257186370 260505934 260786513 269082797 
#module 64 size: 79 bs: 0.55008
9410912 10221752 14275501 15680214 17334372 17421818 17763164 17864262 18398385 18543454 19109017 22792103 23282565 23992376 24414900 24654508 25729276 27056757 30340990 36204399 37241140 38124429 39218350 39753319 47628348 51997163 52575960 59698845 60849055 65598884 66395780 67510424 69377877 72811901 94841257 95277355 101014503 103725748 104584453 110280391 112749574 113097921 113787997 113831847 135033964 138322735 139331113 142705588 155722772 172143827 173610845 175997836 176868644 179964691 184221744 184274305 184630300 191875463 212006174 212311866 217793491 218219246 235737404 237193691 239188819 239271745 239923310 241580495 243913373 244050895 246029073 254184021 258096381 259615130 260136602 261073782 268063294 269105245 270455224 
#module 65 size: 33 bs: 0.651392
8085432 8184892 12485522 14571531 15577052 15936780 16016852 16217727 16337126 16560157 17399774 17695465 18706924 19396560 19552126 20405853 20441166 22547150 25059097 26681722 31220561 34637152 35846393 38394199 53294779 78315807 101345179 136952493 138267795 139974111 145449666 187015252 224741780 
#module 66 size: 72 bs: 1.03093
14668668 14898632 17237906 18911295 19245279 20340239 21783716 23560531 28424289 29940127 33657457 38600665 42140354 42202168 43803902 47661343 47828718 54370980 62619975 71632263 83006046 87590534 96188024 98580028 103655819 104733034 106413293 114762261 116234257 116886298 119220971 129730276 131370098 138905522 139965205 144378293 146452672 146943510 154105545 165594154 167492987 176140153 184221744 199654751 202192724 203890384 209482512 211421505 216633243 224428744 232420456 234099467 236508708 242354131 247779244 249485868 251114231 254629570 254853167 256060579 260620672 262035041 262261836 262966574 265749910 267882860 270021070 270172081 270308750 270781759 271127683 272754640 
#module 67 size: 66 bs: 0.173007
16217220 16425627 18385897 18544188 18626582 18627463 18872519 18878427 18958597 19927845 21101803 21784570 21953832 22581361 23389965 23555722 24006057 24574222 25242416 25897762 26312359 26457416 27071190 28391808 28402860 30386438 30761217 31070910 32633716 33960315 34075958 34728091 38600665 39986906 40337245 45051894 49354191 51734182 70478756 80621298 91448645 97158610 99356759 101894696 104563357 106540670 113734388 120285512 125277965 139535000 147787042 148155333 160097143 162279176 186118905 186633188 188202145 193779018 197075594 205346326 213702367 219265469 221249442 227207387 229178886 231271588 
#module 68 size: 124 bs: 0.134076
608473 2606911 2941831 5166511 6092972 6114252 6136332 7604502 7721172 7898472 8184892 8474322 9468812 9604192 10284472 11443292 12372812 12759102 13678292 14052313 14079590 14099435 14109075 14110885 14139584 14155241 14165957 14226882 14237354 14331959 14345113 14445542 14471169 14573861 14944471 15010721 15075182 15219854 15292471 15365998 15378805 15476915 15487288 15505550 15511139 15754851 15768928 15853065 15905527 15943715 16023926 16201506 16248619 16296026 16338169 16473793 16533013 16809329 17058577 17279500 17402349 17850637 17911617 17935861 18000311 18162777 18201948 18204677 18313617 18485558 18547882 18588568 18731203 19241200 19521680 19673977 19751635 19790018 19993686 20592179 20593866 20609319 20778703 21159398 21701128 21770568 22076359 22760649 22938618 25303296 25904035 28371616 28506177 28674090 33556583 40362652 44139958 46473076 46574042 47444914 49774815 58988537 60698670 70751508 70754730 74021308 75719992 87715947 94175843 103157143 106283898 107112554 115242946 118557729 121797013 135579990 137423367 168537728 175018925 176651561 195488976 240798167 252606479 263234033 
#module 69 size: 70 bs: 0.582729
682213 5388852 6540192 8156622 8690902 9209942 9485202 10609292 12855572 13388922 13579842 14109004 14135237 14220249 14346361 14349449 14349894 14354144 14758406 14835646 15106068 15354397 15385968 15393195 15428401 15555038 15770684 16157980 16827720 16956811 17029807 17063238 17177403 17381284 17451411 17856201 18064263 18134210 18295455 19018185 21307269 21513512 21653513 23166597 23343266 26657049 28018958 31213504 34486207 35783898 37764670 39774991 44069257 53294779 57949239 63054429 72343437 79873303 83865532 92342722 98793050 99740489 103971994 107633083 120794494 120819229 128126290 173387492 180770812 246036260 
#module 70 size: 46 bs: 0.391179
3811511 5126871 5153221 6245232 7434272 8287952 9804482 10000642 14061771 14076943 14293571 14612263 14620544 15051601 15555038 15635812 15770684 16157980 16352993 17307627 17472945 18566782 18655567 18872123 18930170 19065393 19826509 21700719 22818133 29911860 31030273 31359340 32375384 34556885 49445813 49824306 50749152 57888537 61755699 69932023 89266401 143882311 192589318 215370565 227818834 258934913 
#module 71 size: 233 bs: 0.356992
16624180 17905825 19022242 19035245 19167202 20027256 20733757 22242179 22925703 23401174 23722620 24811584 26045055 26388416 26874644 27056757 27512005 27515718 27827695 28768235 29355945 30780296 33080831 34405249 35520594 35536649 35810047 37077578 38646243 38925280 39176418 39653094 40185311 40248272 40340319 42330308 42684074 43364907 45865465 46934475 48320268 48892632 51982828 52725693 52757236 55927532 57486140 58256315 58751344 59338505 61109023 61751708 63468801 63531207 65367727 66906291 67771977 68036460 69366493 72135569 75243379 75551503 75612668 76456492 77895702 79799271 82390302 82977544 83770292 84061021 86528620 86549560 87331481 88388566 89385774 90668001 91683053 99772708 102186571 105343122 106414572 112760135 113787997 113831847 115585592 116756735 120962212 123130128 124248528 126364732 126395181 130395742 130554757 135057752 135715040 138166083 138628895 139184917 139757503 140255945 142157110 142410443 147359145 147359386 147756403 150400817 153244255 154132764 154368883 154787999 154972484 155029302 155690100 156296440 156783397 157767014 158216035 158228752 158552358 158980067 160658239 160984282 161813117 163719471 165814490 167959400 169051492 169103586 170192703 171424066 175938534 181311417 183088045 183626732 184497682 186633188 189265359 190359605 191549398 191667380 192823256 192968187 196590443 196743148 197511305 198399355 198597076 200292780 200713835 202789051 204186596 205066686 205341777 207205591 211977478 213945499 216172901 216605516 218764044 219690900 219913962 220190718 220578999 221697034 223848490 225199394 226011338 226532196 227016826 227153602 229255063 229729919 230476419 230509267 230770866 231039361 231991793 231998027 232276959 232571300 232674215 233986555 234110244 234895094 235463218 235482531 235538483 236226987 236882308 237581493 239188819 239682389 240247368 240551046 240878542 241580495 241963008 243220807 243494256 244770433 245094866 245928017 246418321 246648550 247414089 249542643 250521819 250582808 250983856 251229821 251744064 253422875 253437303 253888243 255509379 256186650 256249279 256288010 256754305 257854565 258582570 258843668 259123873 259305320 260768576 261277321 261765367 262292817 262379715 263517122 267517115 267926000 268690589 
#module 72 size: 50 bs: 0.241616
456 11983 381203 767715 1042631 2099891 7210762 7224702 7434272 7511702 8531352 9584882 9686792 13690622 14128528 14128901 14321959 14564986 14576426 14888362 15093212 15135214 15320887 15414807 16212167 16694698 16745770 17021619 17179368 17325009 17627390 18134756 18358227 18507464 18680985 18885594 19794129 20851240 22960333 23486491 34934712 40953367 57026817 67924644 68481903 94428870 102617462 141379955 224138450 233965578 
#module 73 size: 44 bs: 0.700983
16953 631803 819546 5660312 6695732 11726442 12601142 13267172 13832532 14300954 14727207 15123673 15406144 15781117 15850769 16857066 16882886 17134865 17579321 17940962 17952277 18375249 19192221 21407983 21764657 22110931 22660345 23484051 24756213 26548347 27969192 39428095 58341833 76784104 77292631 81367143 89554626 97468141 103585065 106546060 115944587 174959828 204824975 224255455 
#module 74 size: 142 bs: 0.802398
800735 819284 1428831 1441291 2108241 2825191 6962852 7210762 7224702 7929742 8159652 8435452 8883702 9405862 10052552 11204762 11580962 11633492 12070672 12354252 13342982 14117196 14155372 14184628 14258602 14323938 14576426 14604049 14680167 14712904 14742422 14758406 14786238 14799428 14889333 14934718 14993616 15070780 15126891 15148807 15184929 15320887 15440344 15485085 15634516 15692087 16156062 16212167 16235927 16680654 16694698 16745770 16954719 17021619 17066838 17074868 17202143 17226610 17325009 17372379 17460928 17493528 17511523 17874910 18038375 18089164 18102284 18436433 18507464 18611056 18787972 18850958 19015082 19532315 19794129 19977032 20030225 20083563 20545925 20851240 20858400 22050760 22200186 22818133 22960333 23166140 23486491 23743148 24661289 25164847 25330903 25490697 26174646 26716467 28211629 28562298 29965112 30178173 31465017 33098821 34012344 34636987 39619991 40953367 42197349 44651055 49723206 52162223 54296186 57026817 63073975 63614805 69033184 69136508 78789634 80589255 89410778 89595069 91827895 94856925 96779857 102617462 107354278 109339635 109370698 118837674 119546373 120185625 125668334 135109492 141379955 162886404 182029374 186426532 203508691 203951741 214788442 216336191 233965578 243768368 249260397 263588145 
#module 75 size: 143 bs: 0.944212
785595 10438862 14685174 14889185 16191771 16535920 17420951 17608059 18506975 18761609 19138755 20990463 21275420 21746170 22414207 24334049 24533117 24791281 28738346 30464510 31334049 34534533 34686024 36254904 36719360 41597013 46114472 47785927 53040017 53846756 56081642 56443851 58149795 62698050 68939290 68991418 69187979 70416891 73829527 79043962 80741351 81548178 83491082 84358598 84623393 85263926 90837985 91396258 92145218 92678445 94579136 94776307 95037522 95333167 95382723 96089519 101690924 101711457 102043210 103510832 104400450 106319129 107747077 109504968 109881181 110609337 111809956 113198037 116073715 116526623 117836707 118028227 118230146 118713710 119348430 120694668 120707178 120926981 121117011 121223001 121237632 124306740 128151956 128240571 128811995 129498307 132109821 133279867 134149133 136461307 139469291 139628316 141167217 143613967 144311568 151959726 152143338 152935567 154363906 154906588 156198826 156636089 159265325 161480745 162060324 162965189 163745140 164199982 165583353 166815795 169795819 175413619 176687793 181834984 183926085 184876062 184886029 188474582 190359605 192124196 195779937 196273078 200673064 202090023 204578326 208325536 211633957 215235391 215683551 217923038 218936223 220885006 223488253 226925720 228331929 233796756 238468639 249222971 249983793 250070427 253727920 257636956 264046779 
#module 76 size: 247 bs: 0.625011
1307011 1712831 6303832 11673662 12184042 13097772 13728412 14099516 14120984 14154581 14287191 14468043 14763855 14935079 14951992 15481397 15628274 15726358 15842676 15878020 15940736 15947185 16175706 16273144 16381764 16388972 16615594 16787126 17011345 17155901 17387554 17393362 17486092 17520649 17630773 17721569 17734669 17767500 17896640 17936052 18122984 18182511 18183592 18449174 18879847 18913509 19246850 19505248 19597166 19713521 19734025 19824145 19886908 20071285 20160897 20276964 20376532 21023334 21507298 21658412 22516489 22840652 22883967 23041301 23135992 23148563 23154642 23172966 23451393 23546638 23774237 24703871 24733117 25065717 25447492 25491038 25737016 26118186 26211291 26388416 26539097 27702107 28018672 28301633 29747993 31257590 31293436 31619861 33085590 33241171 33637010 34376087 35524334 35748845 36832842 36880462 36912323 37222006 37896600 38748814 40957993 42300159 43600056 46340763 47380390 50060799 50743805 50832715 51131831 53288855 54649894 54769822 55885084 59043610 59683851 63039818 63292317 66763589 67129024 67321398 67381805 69102823 69780518 70062275 73037662 73341141 73497064 73749928 74622096 75711686 79930408 80043372 82567107 83379102 84045446 84430599 88321965 89280747 90309379 90577798 90793521 90971235 91694445 92063493 92563411 92798123 93176964 93740417 94826232 95458918 96316448 96387764 96477730 97855971 98479451 101911812 107223604 107852396 108020454 109899569 110259781 110404277 110986584 111435350 113619900 116108369 117943004 118278304 120735491 122540204 123322544 124203804 124329490 124854403 126688022 127198803 127810704 131643746 133559534 134761691 134853224 135011198 138555043 138860140 139889120 141361726 144538924 145196076 148418872 153483319 154708805 163222098 163250088 163565993 170394787 171084149 173610845 178808746 180160839 183182089 184292192 184896140 189474615 192626071 194109571 194604669 198338473 199381244 199746127 200139454 200230533 200903027 204768565 204979872 208161241 210819491 210831524 219720365 220594903 220982094 221919129 223443158 223488253 226207535 229517477 230314512 231496926 231535622 232276959 233597060 234895094 235319539 236242567 237193691 240062530 240247368 243825310 244770433 245042640 245094866 246418321 250246958 251487559 251718913 253422875 257116158 260278707 
#module 77 size: 31 bs: 0.757296
15734531 16308041 18331770 19183264 20376532 29708582 33637010 33832697 39749553 40004981 43573375 47577195 50227060 58454165 59845061 61818955 63463335 76745868 78906196 87212008 106375859 134807812 162665603 168071804 180703009 211858345 217064519 220502693 223679418 237358682 243848799 
#module 78 size: 115 bs: 0.331624
14343150 14742479 16178737 16703058 16956339 16970638 17357018 18433188 18692021 18933832 19632835 20195689 20352504 20661527 21113258 21152997 21229200 21259003 21814082 22254576 22589921 23418405 23420024 23530440 25154863 25253084 25740983 27386308 28226960 28859686 29459695 29518132 32145253 32300434 34030481 35748845 38151136 39099106 39439728 42740377 43050396 44297180 44853718 45547073 46138858 46878105 48036380 48342996 50025858 50985635 52553796 56669858 56706308 57231428 62509989 62972069 63290903 67656375 68094095 73112424 73986605 76667648 79637747 88471653 88776484 88829709 91943914 95137513 95985617 98479451 99325018 101612960 103651694 105623556 109596525 113422725 116108369 116856787 117792193 118352178 120652915 126598407 131066597 137066744 138111295 153586491 155899912 157314364 158136469 159144566 162364970 162557157 164830389 165090476 166839611 168893547 173941018 174350413 176764759 176994614 178897716 182028677 183271121 190397000 193703862 194955084 196281219 198380384 199624094 202376476 202849351 203290250 212135317 218375995 220419374 
#module 79 size: 211 bs: 0.686732
10786382 17357018 17905825 18234520 19124543 20007264 20116255 20661527 21152997 21587712 21881621 22254576 22341769 22540789 22950203 23031702 23103362 23257245 23782518 23882123 23961550 23963107 24351659 24411254 24741411 24962655 25253084 25897762 26874644 27234262 27257879 27908385 28214315 29015085 29084075 29555467 29770468 30194186 30404850 30665326 31330292 32334346 32584355 32770999 32957473 32992448 33498000 33668466 35726826 35960388 36906540 36944780 36982314 38260779 38541154 38580030 38610291 38729990 40350303 40701143 40907388 42670114 42990133 45013235 45928398 46666938 46754894 46860582 48059095 48726854 48867402 48915248 51482804 51531341 52405458 52474527 52504599 53000535 53292314 54200212 54387128 54877998 55222535 56675544 56994938 58268797 60304834 62415418 63192289 63260438 63337613 63597788 65748080 67574227 68241308 68442782 69490214 72005983 72741498 73710819 74202957 74586267 76976987 82390302 83735005 84061021 84488824 85632018 86780531 89776939 90854372 91148885 91273362 92927188 93328997 94159667 94831581 95522978 96815249 97051433 98714095 99001341 102951314 103088329 104055955 105860187 106601959 106888707 108448846 108692077 109569992 111795703 111989628 112075462 116706360 117157665 117196502 117962382 118614880 119113698 121163932 123431836 124548242 125150547 126346398 128809182 132108729 135057752 136004374 136653516 137183468 137366470 137455666 137622383 138847948 140286942 142805881 144712717 145159487 145341208 146906710 147043669 150770608 152352981 154635466 157122822 157729385 158104132 158630760 159527534 160029634 162092045 164453074 165826885 168563935 169234290 175222812 175344254 176114435 177096882 177336546 179812242 182172282 182982341 183461152 184900712 186267547 188450258 188867349 193483917 193585697 196071730 198048144 200685361 201947373 204390536 205066491 205544568 207730312 208093309 212311732 212950155 214112621 216172901 223219109 230525319 232230669 236967039 237996239 261932674 265500964 
#module 80 size: 43 bs: 0.952571
13348 113963 780290 833071 1293051 5832712 10420662 12219832 12935692 14065215 14180249 14333690 14387542 14388689 14431213 14523408 14532450 14749243 14773964 15030787 15076390 15117717 15231287 15583292 16145206 16494284 18481782 18514207 18927821 19575406 20219382 22665665 23006156 23204397 24166550 36071096 39284620 41145894 41296367 50638723 78354184 227726723 246061882 
#module 81 size: 169 bs: 0.274714
246103 1936361 12088232 13832532 14435478 14848221 15399951 16275858 16278276 16290327 16444912 16496431 16878100 17259640 17301889 17326645 17410758 17813433 18083141 18124692 18332827 18414159 18706924 18795950 18829156 18962975 19089993 19552126 19624059 19774114 20105071 20372179 20882372 20956390 21321994 21889071 21990854 22380908 22987468 23246523 23324325 23409989 23506185 23664028 23777198 23939797 24224879 25373949 25393674 25688058 26419482 26668603 26739128 26747105 26756907 26773692 28018958 28076703 29862576 30854420 31059620 32147116 32435460 33452655 34676616 35105327 36073824 38793729 39591754 39897996 41856927 41958323 42465046 43637692 44150150 44206517 44870998 44986113 45484909 46222099 46476526 47497885 48737785 49013625 50300582 50489460 51043119 51678226 53443633 53657495 55391997 55979296 55995317 58341833 58386031 63280540 71423326 71740672 73341141 73683746 75141533 78543480 80235953 80796687 81725200 90325437 91198297 92697733 94397566 95448172 103285229 105214847 106182367 107852396 112938012 114767953 114950933 116065011 116994547 117147872 119178303 120765039 122218767 122493098 129949964 133923294 134505123 140176807 141242868 141361726 141499502 143502547 145449666 146093372 146237367 159716429 160313219 161524303 162959901 163424898 164033581 166248847 166584190 169655919 170270136 172341029 172592448 175590052 177330882 177507202 177931290 178525052 179054464 180160839 191514152 191609459 200903027 210308682 212823696 224074946 226777208 235629835 237962820 242589987 245167786 250928526 251425066 258475508 267791703 
#module 82 size: 54 bs: 0.175501
1917731 4182751 4388251 6092972 7713202 12340562 14226882 14270329 14335761 14676022 14740408 15292471 15450996 15808765 15898695 15978380 16363738 16700601 16799649 18244087 18368098 18485748 19719380 20444463 21316936 22938618 23064510 28339843 28377973 35602818 36997036 40506540 45190383 63009240 65293006 69971262 79039503 88498786 119139599 130893745 140060120 161487173 162959093 171569791 179549579 192477353 193689467 233306179 233707083 236711870 237752191 242852382 253473812 258731466 
#module 83 size: 79 bs: 0.252985
682213 818176 1203641 1934931 5447732 6325632 6341572 6774272 7042572 7209262 8132582 8143872 8474322 8615772 9926562 10333202 10880202 11984762 12601142 13448172 13451802 13775632 14185424 14346361 14352967 14496930 14638851 14704310 14708747 14888362 14903294 15066876 15211133 15409034 15639478 15925179 16366271 16801452 17276841 17469567 17682283 17794287 18106809 18929690 19038395 19683498 20288395 21303464 21584163 22050760 23549240 23834147 24906998 26043616 26719898 26784273 31303139 32211808 39216517 39716211 45660443 49992096 53411390 58883706 58994449 61291337 61317377 64847676 74574719 75236148 85906552 87765465 96880903 102617462 106110915 108803911 156240003 156768711 200137739 
#module 84 size: 207 bs: 0.645411
4954131 5693062 5764432 5972752 6603672 7226972 7823692 7867802 8299792 8447862 8647302 10284542 11058922 11732322 11965332 12184042 12386462 13306282 13654112 14079425 14131420 14154581 14200437 14216712 14216821 14316141 14372059 14380462 14382508 14389062 14429823 14436072 14451294 14493526 14616050 14625146 14632998 14777850 14840993 14892523 15044502 15062528 15109462 15182385 15214601 15228091 15284607 15302201 15322793 15349653 15451434 15510756 15600217 15689313 15745139 15746084 15747743 15768216 15819292 15831093 15887107 15896304 15896379 15938944 16148335 16175706 16270580 16294267 16337697 16411898 16426698 16438743 16462209 16540406 16641718 16662478 16684007 16733141 16824146 16880685 17062111 17066077 17069525 17172429 17194090 17206150 17225325 17242874 17273391 17368610 17385961 17415305 17429788 17580892 17676599 17746589 17788582 17789501 17827085 17995655 18029498 18034962 18065823 18189305 18194787 18211473 18254895 18262412 18418944 18431771 18536322 18536826 18728945 18731529 18773339 18832833 18932935 19187122 19341833 19431493 19461688 19468364 19490555 19498445 19687218 19743196 19790783 19935490 20319730 20497524 20649770 20660609 20664195 20685484 20959144 20996839 21018559 21158774 21318903 21345203 21776768 21777919 21812771 22091828 22360594 22577042 23026604 23106500 23171383 23172966 23274866 23499247 23721972 24164536 24247270 24803181 24865454 25060042 25610972 25694234 26092570 26104299 26681326 26870624 27143583 27760633 27845072 28079769 28240302 29943167 30479742 31152881 31962068 32059102 33213349 34146256 34417776 34425171 34572831 36648662 36986564 37832300 38186171 38194364 38488854 40822836 41883924 42231175 42601947 42680682 45085003 46787956 47791995 48663963 51527704 53257111 60181596 60695143 62865525 63728431 71203121 75165241 89280747 94797309 99320433 101744237 111053385 
#module 85 size: 169 bs: 0.753338
16506186 18483871 18534567 18629665 20352504 20897273 21113258 22042403 22589921 23335196 23401174 23844792 26388416 29090205 29163409 29355945 31403276 31830665 32451329 33452988 34733255 36585424 36643209 36813285 37190491 39584114 40187188 41965009 42119491 46019128 46054692 47110722 48320268 52254968 52780400 53324525 56836415 60936367 61250869 61496860 65507075 68414446 68554574 70236664 70833097 72036947 72826714 73703096 75630518 75816353 76498257 76887105 77905001 79754695 83454492 84524757 85008170 86495946 87321877 87331481 87712519 87719730 88198639 88829709 89036498 89121882 96387764 96790154 98390827 100281735 100554896 101106972 101221067 102308453 103106691 104434793 105268204 107621747 108140942 108538150 108679657 110470795 111992715 112558885 115624836 116999724 119196878 121437473 122056847 123055515 124942059 125392820 126153057 126351209 126387549 127465176 127636504 129529866 134009694 136242193 140983662 141243524 142303850 144921225 148055679 154440966 155311735 157314364 157765776 157858384 160718204 162029292 166757786 167700350 168710679 169443688 169655919 172223222 172397445 172639027 179138607 181929711 182040558 184518363 184756173 185221735 187951011 190546924 192972145 193364199 193834897 194066377 196590443 198056848 198590293 199234560 200123241 206216645 206613587 207379807 210268467 213961838 218193050 219089755 220756966 222189121 222485748 224830108 231472142 232834568 233257736 239190317 239923310 241310760 241382533 249096055 249259023 252759457 252769982 253414535 253784340 255708730 259733469 261708017 264046056 265960486 266296850 267579171 269747809 
#module 86 size: 26 bs: 0.943038
9491292 10268302 14188969 14242280 14339520 15046916 15131310 15868433 16356317 16357245 16521150 16988357 17475281 19160080 19494371 20332142 20632381 25316662 38447355 41450556 55221570 94358525 97361708 106727127 145347010 150618868 
#module 87 size: 79 bs: 0.519477
74543 82363 774909 782010 806204 809183 926121 1048951 1528701 3750071 4388251 6092972 6904482 7155782 7526892 7713202 7770342 8457092 10400902 11069462 11148742 11504382 11993412 12095912 12340562 13539592 13775632 14165957 14198011 14226882 14369409 14401102 14445542 14503316 14533116 14553055 15199325 15206692 15250836 15753937 15808765 16010789 16023926 16148602 16158012 16463326 16739711 17279500 17669882 17737138 17789291 18279169 18565158 18635626 18889063 18948706 19719380 19996935 21047224 21909890 22053039 29005683 43239422 47518210 51196532 53280402 60696138 61127420 61772051 64444175 78792100 78905607 86167256 108803911 151158927 166707502 182686614 210118012 262226916 
#module 88 size: 171 bs: 0.644651
755332 7288532 14150407 14549601 14664210 16068825 16526591 16948493 17475108 18282606 18529151 19650336 19783137 20751505 21009554 24636191 27325141 33327675 34010454 35176496 35748845 38976017 44446489 44770529 47300233 47736537 48320268 50002300 52553796 55274676 57030266 58881671 60650519 61421779 63156219 63646347 69187979 70478756 70872642 72218449 73331245 76476217 77939719 78275869 79368271 85008170 85032253 85346124 85736993 87331481 91071674 92285511 94717868 95740429 96387764 97122417 98505044 101014503 101142166 101171750 101612960 102542634 103106691 104727907 105860187 106645659 106831967 107186135 109504968 109995803 111410375 114916798 121239864 123634244 124073829 124942059 125409467 130128230 131021790 134841238 136461307 139024456 146321140 146416257 146512958 153428380 153559103 154959835 158875382 159503258 159658784 162965189 164271321 165200431 167312921 169970345 173871192 174291299 176687793 177959094 178053334 179514953 180084261 180605438 181120728 181233139 181783656 188185864 188683808 190229279 190915626 192236628 195979860 196161118 196885303 202075612 202789051 208703350 213487656 216902526 217000649 218902597 219011376 219785653 219913962 220502693 221452291 221489828 223679418 224883589 225564695 226659463 226822549 226995027 230589809 231580019 232445524 232451257 233409410 234281590 235380880 235439150 237114951 237197733 237394359 237819356 239020684 239186520 240586538 241801946 242477546 243848799 244791392 245816373 246124029 247042017 249818868 254221946 255167616 255234205 257994974 258039690 258939764 259171181 261630686 264014418 264320420 266568519 269111650 272566820 274197373 
#module 89 size: 195 bs: 0.431385
4278151 5820022 8402052 9994802 10252992 11896242 12392822 12566322 13047322 13191382 14274606 14320910 14746460 14848179 15001234 15343285 15343458 15353236 15362948 15371730 15632345 15634516 15660796 15749997 15781117 16032700 16105152 16130242 16156302 16201819 16270390 16320817 16382820 16520112 16536804 16564842 16592690 16787126 16897237 16956103 16956236 17083396 17116782 17300593 17343595 17351052 17400430 17424617 17505487 17538588 17771429 17878154 17927796 17971670 17997511 18039861 18087450 18143526 18175164 18214840 18216761 18275871 18322904 18406622 18485106 18744397 18786047 18790031 18795950 18857778 19023804 19047089 19203457 19466732 19532857 19690008 19774034 19789205 19841754 19886347 19988765 20201647 20338713 20397358 20758436 20813783 21004344 21080122 21863612 22413145 23032476 23155646 23526929 23620612 23843205 24167147 24798988 25202714 25567123 25736364 25931068 25948167 28562298 28622733 29343437 29436139 30268257 30376196 30857134 31281673 32998543 33648595 34057913 34262175 34425171 35068546 35301479 35523686 36098673 36279515 36730935 38003948 38359820 38668559 38670814 39470262 39528744 39700831 39932500 40268283 42909484 43249641 43911998 45004183 48284445 51034077 51096590 53188888 57247518 58617198 59095319 64047804 64927053 67603734 69001280 70335881 70632952 71015802 74026628 74625574 77402928 79740296 84043516 87719258 93100491 95499927 100004821 100188468 101863069 104211750 105305259 112266869 112762523 117477071 120965844 121644896 121910714 125090924 131177653 131246223 131357770 131646552 131881168 135414895 145350228 155396230 159245037 159329042 165590939 180077597 184517281 192007163 193674723 201531255 206358757 209471041 215989468 216013791 216905062 233221276 239576675 242179067 243374286 259288480 270698836 
#module 90 size: 22 bs: 0.66995
14934063 23343968 25799963 26306729 26847783 27503151 27732408 28733900 29807370 34278049 37222006 65590754 66531467 81189900 89026913 119178303 151136998 243522984 245439953 256134707 261344536 266761504 
#module 91 size: 250 bs: 0.895757
16713 5125971 8496612 10044022 14125005 14160471 14343949 14545046 14850221 14919201 15044300 15274836 15434432 15455358 15605754 15614959 16044729 16127669 16248319 16253235 17008328 17070787 17362299 17528356 18073211 18507199 18649219 18953266 19291590 19801665 19961801 20414217 20472901 20477352 20938935 21625207 21930609 22192559 22254576 22277113 22490140 22589921 22813537 22830586 23135992 23282565 23953237 23958589 24636191 24686494 27109378 29206300 29451005 30455734 33218276 33778988 34674286 34826262 35321567 37222006 38202628 39897996 41291640 41470157 41874288 42630325 44203387 44224901 44564343 45187586 45672770 48096690 50024842 50225755 50408030 50663525 50670648 51908250 53313683 54113444 57131205 58904655 59697909 59913286 61481916 61543234 62635353 62816181 63726362 65152219 65681735 74613440 78606921 80779692 82328753 84014340 84053324 84236250 86711072 86770799 86831936 86843948 88435810 88829709 89856317 91462853 93151373 95288092 96933119 98128280 98200411 102847829 106874944 111969688 112058406 115036116 116587005 117022831 125322205 126492276 127692921 128023725 128601175 129899561 130302239 130899627 131003396 131862233 134743070 136802522 137786520 139292079 140869994 144383619 150255293 150435789 150830257 155394436 155883945 155962937 156959765 158000381 161993294 166584190 168544279 174095086 175477079 176642333 176929534 178525052 179131373 180275858 181520337 181633686 181800245 183499665 183998273 184275950 185187643 185477564 188117384 189758673 189975197 191358215 193035945 194608987 195664345 195900371 197178807 198338473 198793430 200226529 200664598 203560551 203867751 204609287 204632531 205609713 207553661 207977066 208830775 208920761 210308682 210666689 211556899 214406243 215761524 215797959 217181024 217574343 217798695 220255068 220885253 221265281 221489828 221526399 223524009 224808382 225491442 227986140 228561093 228636294 231858934 232083838 232378811 232603412 233241581 234308463 234318173 234869209 237753551 238299492 238421074 239286291 240552704 242454810 242860285 243164287 243321948 243431726 243691549 244931754 244937270 245188974 247057776 249956612 250532240 250928526 250968367 251240599 252855619 253545416 253589177 255180880 256291383 257116158 257467966 258923616 260108644 261894735 262312950 266073365 266151992 268063294 270018625 270029137 271745209 271781804 272418328 275672060 
#module 92 size: 79 bs: 1.02885
1917731 9188592 9376622 10168082 11829282 14389132 14544571 14720411 15450996 15700362 16181186 16362662 16703058 17150292 17461226 17522884 17781217 17971455 18391075 18587662 18791763 19153333 19754122 22040403 22174042 22935909 23188976 24661757 24975816 27553223 27789999 28963641 31175661 33870680 34434801 35195343 40506540 42668060 44769565 44845302 45190383 55991727 61476055 63796576 63834256 64576818 66759379 68807455 70477603 70706453 72475621 78470249 91191989 94607882 97481194 109777164 110918004 111165159 115753716 119160384 128882329 129360573 131109320 148891227 154876782 169245808 180151159 181217649 181301357 181800245 214212019 219819147 227192133 227838448 234696158 244385521 256134707 264400863 273004438 
#module 93 size: 199 bs: 0.923013
509 10178 12220 13210 13348 21693 57203 67813 69583 347133 678033 691353 773624 774909 782010 817970 1051171 1091241 1246421 1308101 1388961 2384071 2676431 2771891 3265101 4388251 4583971 4700381 5025251 5051171 5108161 5388852 5708292 6021422 6131832 6141832 6245232 6708952 6774272 7112242 7181572 7434272 7480172 7526892 7614632 7737642 8106562 8293402 8602152 8935052 9590262 10000642 10284332 10730842 10767712 10776882 11069462 11086372 11148742 11435642 11821622 12160482 12329252 12340562 12350902 12566662 13767702 14050006 14051193 14061771 14076943 14085088 14128528 14185424 14206392 14247062 14257199 14270791 14274132 14290383 14321959 14330959 14335404 14421572 14459669 14529013 14620544 14680596 14706139 14708747 14802885 14813149 14822021 14830831 14860195 14948485 14950583 15040446 15077051 15173486 15223252 15223619 15237935 15247066 15328388 15379912 15414807 15429250 15441450 15471640 15514266 15514372 15551156 15626406 15635812 15831401 15866800 16080020 16352993 16612857 16721263 16970274 17006370 17175973 17179368 17372256 17439117 17495194 17549096 17796440 18028249 18152057 18161157 18252347 18450898 18655567 18697352 18872123 18906478 19062153 19207266 19374805 19404944 19600446 19826509 20017902 20173675 20696032 20905953 20928893 21404596 22145414 22290807 23593213 24133831 24794263 24889586 25057202 25163231 25175706 25532738 27106703 28840450 28991368 29695131 31030273 31100040 31359340 34556885 35473835 38372614 42315951 43194865 44936058 57133313 57888537 65002820 69604327 78735819 89119055 89414621 91921994 92876427 95044697 98976495 103527653 104493815 110301570 110965120 126717954 129176641 133893663 149075605 192589318 208687668 214067697 215259883 243914859 263852695 
#module 94 size: 163 bs: 0.911762
11332 6188152 7205122 12322812 12693572 13599852 13785352 14100617 14105540 14179549 14212359 14218186 14227897 14253707 14294650 14543117 14554078 14572033 14572196 14937173 15062527 15121781 15230754 15233366 15300020 15400332 15442150 15495117 15585410 15895108 16033434 16356833 16358939 16387116 16492009 16513795 16716129 16877448 16886645 16936459 16951443 17240550 17323733 17365324 17446886 17503856 17824560 17909421 18121680 18155171 18168267 18356346 18557253 18592579 18774686 18776351 18833982 18873213 18967578 19085742 19111507 19276287 19450841 19641024 20250302 20271080 20332142 20351695 20481131 21486753 21622756 21799282 22736954 23437737 23498775 23714675 23866339 24561424 25092348 25780932 25887809 26418098 26419638 27865199 29509119 31520228 32613223 32964444 36702921 39323281 40099249 41123794 46164502 46787681 47721240 49233038 49849110 50077710 53941287 54330827 57135779 62950338 65363711 66871294 67898690 68982398 69025404 77392251 81505840 82112778 82411192 83393956 84124761 84497664 87106149 88214227 92437178 93800894 95998018 100817771 101253269 101631951 101686868 103576036 103969563 103976896 108417469 109460638 109604578 109841442 110320464 110532690 111047938 111482299 114049072 114467024 114628210 115247248 119517827 120958573 132946771 132975929 137178307 148081424 160994217 162140481 163845303 168730556 173899102 174649888 182466412 189092067 201242210 208303207 211011485 232568677 235347368 239191123 240920084 249361812 250248024 254092296 269889901 
#module 95 size: 216 bs: 0.282013
811182 6120472 7044252 7144882 7350652 9175912 9306542 13363182 13817822 14053295 14131420 14270329 14472183 14721067 14819061 15229127 15276401 15506834 15618317 15726358 15842676 15896304 15896379 16181186 16273144 16462209 16513752 16615594 16630083 16824146 16864988 16915314 17204519 17461226 17635363 17734669 17961246 18066875 18129159 18196308 18208795 18230113 18276100 18391075 18594996 18619708 18787132 18942695 18944608 18954425 19089993 19251173 19377400 19410436 19432112 19477159 19590747 19618046 19624059 19899940 20148513 20318194 20959144 21507883 21867719 21962567 21975870 22116240 22256515 22380908 22940727 22965779 22973224 23008116 23244977 23246523 23292975 23343968 23556388 23711425 23777198 23920779 23932737 24095880 24224879 24481083 24500538 24561449 24603879 25100373 25373949 25478329 25491038 26283471 26739128 27043989 27077432 27095215 27503151 27644918 27760633 27787027 28018672 28031609 28377117 28448216 28573074 28578596 28782189 29427149 29460521 29632619 30298025 30308283 30791761 30955860 31175661 32530781 32615340 33327241 34316788 34709013 35234203 35280301 35476723 36008885 36563254 37076569 37420083 37749110 37920064 39812315 40779851 41253398 41549425 42055361 42465046 43607866 44147853 44458662 44672556 44817367 44939343 45045450 45526985 45537747 46159898 47050697 47914845 47938142 48764460 48900102 49814392 51319087 51466642 51758990 54709948 56081354 56428052 56712219 57113993 57505932 57795179 62301773 62382288 62846638 64804024 65260323 65539550 65587134 66350411 66691421 67010977 69072789 69497763 70745737 73683746 74037588 74153376 74681972 75511224 76416892 76866234 77731518 78403223 79930408 80235953 80857771 82567107 83370426 87795802 87870915 88541027 91106767 92439035 92798123 93666150 93827358 95142106 96640040 102019594 102363028 107164806 109671957 112443324 116873115 119446586 123334275 124176905 125290228 136378375 138860140 139362133 139960419 165914228 183781511 
#module 96 size: 293 bs: 0.688011
13050 13410 616173 898171 1069351 1132281 1252191 1322691 1485021 1953911 2059841 2960101 5660312 6509242 6572042 6695732 6944972 7172452 8294022 8614412 9081922 9158962 9200242 9405862 9654112 10785032 11010622 11028352 11035782 11073902 11316212 11349102 11541372 11567972 11577962 11991832 12047202 12517792 12536272 13012632 13124962 13356392 13546712 13601052 13683762 13979662 14027532 14097725 14177081 14285046 14290415 14342975 14345609 14364397 14399289 14430556 14519349 14618493 14749220 14801984 14855279 14869791 15052090 15123673 15158352 15257682 15315857 15364959 15410368 15488145 15521495 15632835 15706633 15768141 15803220 15839517 15863689 15917510 15987060 15991918 16000947 16089513 16106525 16163790 16201819 16226484 16234345 16345566 16348705 16418505 16425453 16438898 16506571 16668970 16807860 16878903 17046369 17047248 17068225 17079099 17125155 17156131 17214633 17214701 17366090 17429334 17463660 17466146 17569124 17641457 17713959 17779287 17848135 17925141 17972230 18137387 18174998 18188365 18196178 18203404 18247087 18280155 18402888 18442894 18455643 18497497 18499012 18565158 18621945 18680847 18710031 18754728 18814878 19471181 19533093 19564474 19599271 19685572 19746341 19920360 20096335 20628420 20660146 20686153 20698002 20764205 20851240 21132950 21213658 21225270 21318183 21367818 21544692 21566395 21695613 21703120 21781176 21816096 21908076 22164330 22203887 22289075 22539801 22660345 22992918 23014496 23130098 23197604 23331830 23547843 23584959 23789698 23992198 24908830 25054164 25911549 26287569 26334426 26474694 26590781 27413705 27426996 27890540 27961877 28115822 28130246 28658384 29529143 29767444 30146922 31269851 31310594 32428493 32503018 33369174 33606835 33617885 34244176 34323672 34737705 34932133 34983319 35402203 35798802 36217004 36480743 38164856 38194761 38329264 38338308 39616153 40486003 41721520 41871789 41905057 42659612 44497235 45334322 45879513 46476708 46668984 47986482 49620984 50387743 50718249 57102394 60321100 60775372 61628815 64047804 69577964 69648081 70474548 72627052 72725104 74250663 74887389 77042833 79287934 82109274 83602448 83897393 86272337 90964504 96585127 101551148 102747321 103944737 104893393 105203822 107462003 107749539 109595020 110812554 115575220 117016997 117477071 118132028 119127201 119777563 120900736 122477485 125745997 130974356 131070862 131979670 132977590 134156687 139458881 140591488 141527434 158788474 165590939 171519363 171995715 185002853 186957019 187594795 195440552 198911524 199609635 201835381 209789811 210785308 221485597 221749521 222128283 241164164 260518040 261947295 265427614 266389364 267924448 
#module 97 size: 428 bs: 0.86832
2900 5608 9135 10305 10396 11426 11489 12522 12716 12916 12984 34173 37573 50613 56653 62783 74673 76373 79543 625323 636843 754556 755452 759186 777560 780006 781493 781895 790000 792907 795448 803847 809183 810579 812825 814293 815233 816154 816812 819546 821978 829771 854291 1220351 1253451 1283361 1315431 1319141 1330151 1355401 1356261 1363481 1384531 1530371 1630261 1957211 2150541 2241221 2507851 2737751 2825191 3041201 3297651 3433721 3460751 3533231 3597921 3714411 3855911 4958911 5166511 5179031 5238371 5259391 5385262 5408012 5449422 5525212 5531562 5661792 5738952 5780992 5816442 5916122 6014732 6018562 6084982 6258192 6269602 6271842 6419872 6609072 6904582 6976562 7006712 7144182 7277852 7674792 7712452 7885972 7901042 8112832 8481222 8596022 8654602 8765892 8769212 8803972 8906982 8925602 8933942 9015512 9081922 9139352 9147742 9248102 9355162 9366702 9409732 9527242 9543092 9543992 9574902 9639352 9643862 9676152 9759932 9853212 9896872 9952152 10154052 10224122 10224172 10355872 10546442 10771662 10864492 10928462 11063312 11148342 11202562 11403042 11413172 11567972 11632342 11774642 11855222 11884342 12049792 12683642 12702572 12727902 12886112 13362422 13693042 13884782 14056454 14063033 14065548 14079017 14079356 14083627 14084098 14085277 14098332 14109075 14111182 14115587 14118793 14133436 14134419 14136479 14141301 14144238 14152445 14182254 14191626 14213692 14217862 14222176 14228300 14238738 14252191 14260608 14264410 14266588 14270757 14285046 14304302 14304739 14313749 14319523 14324944 14325932 14363211 14370358 14384696 14391111 14433757 14435124 14448173 14464331 14471522 14475312 14476147 14500374 14562004 14568079 14578544 14582352 14632661 14652452 14660213 14661957 14689567 14715504 14715516 14724577 14727152 14799428 14820299 14833389 14850719 14855279 14860922 14861579 14871283 14943818 14949249 14959496 14985117 15033971 15040500 15080701 15081182 15087461 15126388 15131310 15150351 15221975 15250836 15288377 15294706 15342518 15354042 15365429 15367795 15374280 15398780 15412070 15431942 15441074 15446200 15447545 15487747 15497928 15520554 15537003 15538795 15579449 15675424 15678008 15699754 15706037 15746214 15751164 15780594 15845496 15885310 15891536 15908105 15937921 15947897 15953031 15972562 16012310 16169898 16191109 16208408 16222945 16237734 16275014 16303557 16369099 16427045 16438898 16465359 16539573 16630502 16690175 16727007 16731359 16750984 16813361 16814973 16818880 16819278 16828143 16874616 16888514 16907121 16996238 16997044 17003118 17005197 17080534 17087370 17205773 17224082 17228171 17295666 17371061 17372386 17464581 17471010 17506774 17514057 17545037 17576806 17593208 17727253 17925141 17981089 17993310 17997511 18072408 18092306 18213932 18233716 18247087 18258178 18281397 18497497 18557448 18559445 18565158 18604510 18691494 18699208 18704291 18818095 18982378 19006260 19012615 19356110 19572909 20466813 21182196 21266715 21546828 21665419 22660932 22982474 23033582 23284990 23388683 24167147 25159698 25294886 26374989 26850477 27961877 28108567 28584787 28612042 29827578 30025767 30059550 30204846 31036345 32629751 33815302 34343816 34356968 35796925 38388028 40007151 40300225 42654335 42793960 45617989 46360075 47507850 47951693 50832208 61510388 64387245 67090241 68452697 68696417 68839777 77750391 78634066 78792100 81453802 90058548 92074551 102524769 103331100 104289815 106491960 107093676 110821538 117477071 123437271 124473570 126362262 137717770 139984101 140935817 141357881 143879476 145361923 156985004 167488325 170101646 171669403 177234194 199015109 222268976 237220110 242821748 245126239 246191415 246913322 249415812 249964144 256172796 
#module 98 size: 179 bs: 0.565792
5125971 6084982 6288762 7795982 9506452 10410632 12300692 12566322 12973362 13190282 13418512 13475382 14089271 14090931 14096096 14131683 14160471 14236479 14382508 14393904 14427431 14433007 14451294 14494993 14544864 14621637 14632998 14690254 14763336 14763855 14777850 14837928 14910806 14935192 14938248 15010777 15117599 15130462 15165587 15189849 15247986 15295785 15313725 15323865 15343285 15348564 15506834 15520700 15551294 15566022 15575441 15671214 15687170 15689313 15762258 15872657 15940736 15959806 16069024 16135362 16248319 16270580 16381764 16426698 16530557 16546592 16720708 16840877 16878100 16895549 16908775 16980777 17010854 17074457 17116782 17172429 17301914 17343124 17343595 17375079 17380976 17413777 17524007 17543438 17565891 17579692 17845906 17945843 17955879 17971670 18049840 18083141 18239795 18301263 18560205 18642642 18752726 18988817 19023804 19047089 19246850 19471190 19477451 19477654 19611658 19732334 19916228 20567743 20954257 20989298 21200319 21372803 21690938 22023311 22046753 22387436 23111457 23372889 23406304 23861287 24425906 25127831 25274451 25419816 26255541 27011541 28936770 29724162 30272314 30705248 32998543 33063845 33672294 35769941 35929320 37396821 37549379 39700831 41172680 41238441 41253854 42929595 42934309 43171018 44234494 45051485 45450377 47470276 49472317 51222676 53444887 60449169 60843560 63314023 70267806 72084922 76488224 78570188 82911157 87478288 92117844 103356166 104337086 112009840 113979106 116571138 117850134 129682105 136758945 145530134 151546361 174811472 180911104 192895653 196102552 198699773 203137786 212095146 232682267 
#module 99 size: 322 bs: 1.02426
1307011 3297651 5683952 6084982 6183312 7562622 11279172 11304762 11922842 11965332 12184042 12304722 12611642 13354002 14040522 14098332 14099516 14154581 14251373 14255263 14287191 14315246 14326003 14382508 14429823 14433007 14437914 14631638 14720411 14763855 14777850 14910806 14935079 14951992 15182385 15307617 15522756 15529625 15565703 15575441 15602091 15605402 15614315 15689313 15726358 15726500 15745139 15762258 15859253 15878020 15940736 15946540 15963488 15975681 16175706 16191175 16248319 16273144 16381764 16462209 16540406 16610527 16615594 16886925 16908775 17074240 17074244 17155901 17194090 17301914 17310398 17413777 17451602 17473289 17486092 17486602 17506774 17520649 17543438 17577078 17788582 17789501 17827085 17896640 17936052 18049840 18066875 18073211 18098819 18242620 18355228 18449174 18630708 18637420 18728945 18773339 18773467 18857778 18879847 18913509 18949053 18954425 19083865 19195914 19246850 19418492 19505248 19611658 19654406 19675857 19713521 19824145 19886908 19899940 20071285 20160897 20192882 20477352 20567743 20612953 20660609 20813021 20918359 21057434 21230617 21278570 21318903 21323607 21335770 21344725 21460496 21509975 21658412 21668588 21817105 22108647 22150874 22513467 22753132 22935909 23126646 23172966 23219980 23244977 23593412 23594701 23992868 24608101 24716002 24990215 25065717 25276905 25393674 25491038 25570524 25737016 26118186 26211291 26470645 26539097 27055316 27067218 27760633 28018672 28140193 28166828 28167824 28471924 28609576 29046105 29779074 30145166 30268257 30272314 30924802 33098495 34709013 35524334 35577793 35910513 36230769 36380897 36880462 36912323 38748814 39001459 39047949 39511351 39591754 39657792 40506540 41159844 41660436 42381705 42468157 43155565 43740591 43746845 44388527 44672556 46529685 47914845 48181005 48469625 48497316 49115842 49472317 50008018 51253969 52699786 52788040 53056410 53288855 53466911 54623706 54642207 54649894 54662153 54708000 54769822 55933111 56116936 57115373 57131205 59191437 59427376 62554155 62926597 66480892 68475377 68879809 69342256 72019681 73037662 75289001 75711686 79930408 82567107 83938774 84025309 84697403 87820847 88090633 88321965 89273858 89280747 89731752 92063493 92102625 92563411 94365433 94378996 94577861 95300430 98025022 98673557 98706590 98895591 100111917 100426508 100479447 104357325 105394663 106424240 106769185 107639543 107852396 108045600 108136710 112479899 112869554 113420566 113662211 114012228 114519095 119178303 119480392 119710421 122153660 122466242 123963034 126912691 128100093 129098605 131643746 132394928 132581307 133431287 133492415 133834939 138555043 138860140 142513252 142761850 148040105 148273080 149815436 151212561 153042732 157498350 159929295 161772480 165418860 167686055 182987447 191964962 192643153 194152765 195900371 199382257 201515262 207669798 212203440 212248847 221160429 221509706 226273650 239221322 253727842 255682362 257522681 257564668 
#module 100 size: 66 bs: 0.339437
14248612 14911255 15293352 15524002 16153984 16177296 16278038 17393790 17495000 17945015 18131988 18500081 18766019 19264339 19640035 19826674 20267632 20476654 22228327 23309869 23998156 24797350 24816382 24897332 26589876 26900011 27865199 31667926 33362218 34700428 35548601 39645433 40721661 43163302 44961029 45756215 46589508 58561993 61666438 63230620 65193458 82376322 82444043 90203791 106185357 107025267 107500136 111662569 115596327 124257319 126754289 132526387 133941575 142447390 143638559 145315512 162052960 167570736 171305484 179422421 197156324 223704520 227750413 229291215 240469100 253349591 
#module 101 size: 143 bs: 0.835217
7746052 8539242 9734372 11299932 11606702 12337592 13225072 13267622 14131683 14179549 14227897 14277846 14376840 14389615 14617878 14641606 14664756 14753540 14864169 14937173 15046916 15113155 15131428 15293352 15308303 15313725 15400246 15400979 15462767 15551263 15662467 15678167 15811608 15843240 15852054 15907716 16027532 16153984 16261638 16278934 16395482 16471088 16561212 16663709 16703461 16818490 16912241 17130180 17206658 17224164 17332386 17740210 17764146 18131988 18179554 18280708 18345963 18460854 18493879 18737023 18822866 18997715 19137574 19475375 19790013 20351695 20770172 21881105 22018221 22077506 23075284 23145109 23797396 24436600 25197341 25266932 25367291 27944666 28006501 28106848 31620237 33492243 33877371 33885025 34074792 34128302 34302264 35636804 36568789 39485994 40937566 41437506 42934314 43635444 44202114 44683837 47613125 52927776 56458700 57863766 59518891 61462007 62509229 63283271 66158240 66818412 70461418 72353797 72426413 75192691 75356470 77151544 90776145 91458608 92356909 93953977 94919897 100818788 101253269 101477465 102780726 103864359 107572393 109886771 110746020 124252576 124742769 124908488 139552551 151084354 160897794 162898103 163383284 172204281 182066809 185497324 194783022 196671715 205094271 241210475 244673838 245543122 258721812 
#module 102 size: 146 bs: 0.145719
1630261 13578412 14516697 16087477 16272356 18186993 18308864 23225823 25512025 36941550 38851140 39362638 40264785 41959740 42026511 42992593 43266527 43321377 43785909 46972036 48470743 50686904 51185550 51482997 53418720 54213842 54295084 55648693 56882778 57187028 57187935 59122298 59394895 59577520 59608784 60211331 60578598 61238566 62193495 62584936 62913830 62964460 62996416 67775956 68480226 69427987 72928626 75541452 76862092 80481912 81423917 84894256 85251925 85267320 85543520 85917069 86188413 86241413 88342470 90932230 92251230 92711494 95654308 96756546 96898398 96980395 102067385 102568475 103175150 106824606 108357234 109059176 109302745 115933562 119980245 121235735 122025560 122586910 123778145 124002957 127686449 128144689 131317768 132681279 133456536 134908261 136794736 137917994 139882332 142127373 146917975 147335676 152189675 152479960 154776946 155668326 157524175 157645081 163894281 167735296 168888540 170143271 171191429 171594145 172769873 177407138 178197920 178275485 180481402 182056988 182562771 185158668 188560097 188574103 189561195 190120150 190969275 192809889 193274143 194832495 198649890 203256940 203379278 203495480 205361935 216952758 222823225 223757158 223961051 225390538 226672560 231546333 232987424 235179906 235324659 236022159 236719127 237876854 238341121 240238656 241808450 244065169 252371425 255325506 266278152 269734168 
#module 103 size: 51 bs: 0.900513
2900 12611642 14462781 15110531 15643370 15842919 17092592 18417216 18540889 21224776 21554226 27050983 34244280 35671638 36198161 47103930 51162926 54588187 64624131 67862303 69124203 70004519 71185998 77577477 83719783 84201313 84843976 87484674 97551846 112478283 117700355 123614628 128968339 131998232 140663609 160628707 168517618 173938646 180463340 182377857 184495064 188474582 189374598 191241796 191807566 197216839 203893499 206198440 224809136 227159879 241041897 
#module 104 size: 313 bs: 0.866992
989 1081 1398 1688 2185 2900 3840 4030 11489 11752 11848 12696 13348 13407 15683 31383 50193 56653 57203 66993 74673 76133 79543 113963 678033 683113 684743 688273 688483 691353 703953 759228 772681 780991 782354 787611 788673 804904 815476 815897 817970 818340 822647 824157 824211 832831 833071 923541 1020961 1045701 1048931 1048951 1054431 1129871 1189601 1249431 1253451 1322691 1380711 1386571 1394361 1639601 1717291 1724401 1797291 1979591 2148071 2564981 3303571 3376281 3452941 3460751 3533231 3597921 4554681 4700381 4959461 5024061 5402752 5489202 5724622 5957552 6065942 6219652 6302382 6708952 6814492 6911662 6944372 6965272 7112242 7159752 7278032 7282132 7315022 7480172 7508092 7865552 7885972 8039442 8092472 8132322 8261762 8340752 8348782 8448712 8466962 8925602 9074582 9244262 9324442 9413702 9468972 9562272 9588882 9676152 9804222 9831802 10650562 10876852 10921672 10952962 11202562 11413752 11435642 11470032 11633492 11884342 12104222 12294192 12575842 12795662 12834972 12852572 13028322 13102262 13140132 13222192 14015762 14063033 14095473 14110654 14179222 14180249 14260608 14263141 14277276 14320024 14327478 14332565 14342547 14416798 14421385 14426771 14445542 14524060 14528817 14599422 14607461 14643996 14704310 14707115 14786110 14828536 14852158 14908932 14943648 14945059 14990031 15050305 15058363 15063931 15064389 15067045 15073882 15076390 15098639 15126651 15138003 15149632 15270963 15288377 15381346 15462987 15469101 15479484 15583560 15631770 15865260 15924411 15924506 15936194 15947897 16120265 16222945 16248619 16381178 16407837 16484677 16592620 16847211 16883326 16911564 17114283 17212941 17610796 17755042 17801384 17976577 18041438 18092306 18196178 18300176 18370656 18576979 18660690 18857922 19079941 19255759 19519071 19542974 19575406 19639071 19709448 20025220 20466813 20842354 21069098 21266715 21273939 21575880 22052924 22301442 22387220 23898238 24420867 25160944 25513646 25752513 26618577 26730532 26943860 28117912 29135440 30010982 30175166 31503269 31536253 32718488 34356968 37922200 39341556 40532389 41188469 41250334 43239422 46670048 46958309 47712248 47951693 48123021 50363926 50686513 56810786 59580078 59818041 60642052 64122735 68552069 70190484 75423477 76424904 78212056 79391196 88061302 90803319 91894424 93837236 97515361 99536748 100440668 101551148 106783888 115087202 117218161 119395435 123963067 128361193 129878110 131607538 133480857 140827994 141004777 145662065 156407255 159163111 159660869 165482352 185002853 194465051 197962366 199400238 203871835 216838986 221650526 229543786 236550275 238819163 244404903 253953257 255349187 257664564 269130040 
#module 105 size: 151 bs: 0.526522
27953 683523 775861 814293 4303181 5024371 5513352 5693322 5778852 5798602 6118242 6389222 6630962 6655632 6753242 6811802 7491582 7595842 7773162 7830812 7853592 8147062 8417802 9048222 9491292 9615962 9734372 9850782 11235032 11606702 11674822 11892722 13107602 13220972 13225072 13272592 13900042 14054450 14061723 14083767 14136972 14144790 14178312 14204449 14227897 14245501 14274372 14289835 14291015 14298819 14299583 14302111 14345566 14376840 14378281 14443616 14452057 14469179 14532188 14575798 14605495 14634197 14659923 14679080 14705619 14706004 14717311 14773346 14775487 14796279 14846859 14864169 14883514 14923682 14940826 14941009 14998779 15023383 15025059 15075459 15120037 15239123 15391752 15393033 15487499 15615591 15678167 15686613 15707047 15729205 15811608 16013349 16124611 16304010 16332052 16353944 16376889 16471088 16570335 16586626 16703461 16887348 17022831 17024671 17037986 17246888 17280132 17332386 17519222 17576667 18327007 18460854 18492564 18493879 18609139 18997377 18997715 19090407 19475375 20660925 22866896 23655155 25318477 25874451 27962194 28564127 28599031 28873178 32516316 36407795 36522491 37240699 37977930 38570998 43111514 43765408 44015183 46707560 52090770 62606223 101477465 111047202 125382460 132250957 143879476 176225740 179154258 209588239 216782324 246024271 255257849 
