237962820
108136710
243494256
28018958
156985004
228397622
18234520
44458662
135579990
10774532
18557448
28402860
12597012
15024783
780006
181421726
14465902
199848513
39362638
69377877
23064510
2663161
213487656
19734025
156959765
98025022
90203791
253784340
51253969
14707115
9468812
106888707
15935243
4959461
30033646
237996239
14155372
36407795
116690967
115575220
37190491
16948493
26847783
228331929
809092
15599014
173941018
17514057
1712831
21057434
17214701
229543786
23526929
233796756
35234203
196071730
94561549
23628049
123334275
68481903
155899912
21587937
21182196
131881168
15343458
13050
15706037
29707246
60335753
16337697
95654308
123116942
37222006
12392822
14749220
16381764
18927821
18795950
114916798
83897393
15671214
14382508
179422421
51162926
123379214
114685387
43740591
258934913
161480745
91106767
17204519
14263141
158104132
62964460
144325640
191241796
22935909
196743148
15173486
7159752
59697909
195900371
15853065
63283271
15381346
108274516
111989628
23244977
104337086
102308453
192823256
89273858
30667186
18089695
31619861
159144566
12517792
14140147
14934718
35769941
245314387
15505550
158875382
69577964
6144162
257116158
157645081
112938012
150400817
22982474
70751508
94378996
14891245
5259391
23197604
12575842
130575807
15400246
15865260
112516636
28117912
82911157
246290364
11752
14604049
45085003
217541234
14738804
48096690
16951443
216258042
30464510
182040558
64166227
25491038
244934195
129915741
16533239
20660609
14935192
245543122
14287191
23388683
6325632
44672556
7144882
38729990
21179070
10396
15700362
133431287
17310398
20918359
18594996
170192703
12220
15896379
17528356
11991832
128100093
44845302
63834256
21429357
10400902
13601052
28674078
12566662
212311732
14342975
20288395
44297180
16561212
179154258
19291590
63285684
60211331
11848
193364199
44202114
14803154
18203404
154972484
43155565
16167886
21817105
271781804
16886645
21544692
771698
258721812
29747993
1639601
140983662
815476
28301633
1283361
9410912
91694445
64844059
24351659
46666938
68879809
71632263
8867682
30864653
27760633
94919897
160718204
20564713
17284883
15294706
10268302
177336546
84623487
7205122
54662153
16201819
9485202
28167824
7491582
162052960
16275858
231535622
73112424
17066077
75511224
36813285
17878154
171594145
195664345
18065823
14742479
16510194
15313725
18704291
255167616
68442782
14345113
105235681
3954581
227686496
171669403
92711494
16222945
8307012
21889071
42300159
18041438
151084354
221489828
24990215
38925280
39428095
150872447
52090770
28733900
165826885
14063033
14293571
236022159
16353944
23343266
71410962
117477071
145347010
21359690
101686868
48816106
818176
50749152
54200212
46476526
89026913
25567123
19690008
8287952
10785032
16539573
50408030
177719652
62625917
178808746
54296186
250968367
223443158
15972562
18442894
15878020
102363028
108140942
14685174
22076359
1069351
42659612
241321163
48284445
25100373
20628420
104733034
76000222
16357285
47914845
135248445
267926000
9938952
15725650
70745737
15206692
30178173
40953367
230974069
94856925
53175809
59095319
92318904
9074582
36697219
234281590
201763743
31220561
24733117
59518891
224830108
28873178
184700776
147595464
15250836
94717868
194604669
22192559
164033581
27845072
14774443
20172321
17315836
14061771
87478288
12587982
1040391
10224122
142127373
14908932
190546924
209471041
16733141
14349449
16588005
2185
11821622
7508092
20271080
29943167
16641454
11965332
117836707
257664564
105305259
19192221
17325009
20873104
40264785
25948167
119297816
151158927
18040428
3432881
103725748
10252992
18949053
17505487
54370980
812825
17042374
15080701
38615541
7898472
16874616
37241140
69072789
236711870
18478410
14568079
6535242
106185357
6014732
16191109
17155901
62783
27077432
180390958
173610845
20897273
184292192
16419927
12383122
120900736
88140118
193362884
14227897
15469101
11784882
215797959
249542643
13407
60936367
61751708
163845303
57131205
33085590
84972513
113619900
17801384
28784606
84737899
46958309
19089993
19935490
261630686
118132028
163954957
259123873
16356833
16494284
150618868
242589987
16888904
18122984
131847507
3533231
17300593
91683053
14786238
10771662
21700719
197216839
19246850
14846859
8132322
191840628
49992096
116886298
29459695
183461152
50025858
20391685
16630502
84217059
21404596
77281326
36719360
14493526
20057454
22110931
119777563
14833389
15615591
137531481
79799271
55913654
200685361
170351580
28765331
4954131
147977705
21278570
183182089
58386031
6136332
179131373
18098819
54649894
12477052
58866657
89595069
35671638
14339520
75221587
15098639
101863069
239576675
18436433
257994974
103527653
14327792
14860195
139882332
15229127
155192639
64387245
62310536
26174646
19713521
209789811
16362662
29862576
21701128
8384912
15412816
19450841
155029302
19675857
180605438
105214847
38580030
14343949
188911259
16425627
15288377
14532450
62996416
7708092
52504599
25057202
23135992
3297651
107852396
15746214
72353797
126928559
119178303
92356909
13306282
16156302
182517897
14153491
47103930
98976495
34128302
262086880
16033434
804904
14342547
8294022
16044729
48469625
12088232
14261302
55979296
72605385
11412542
14638851
240878542
30857134
14330959
9286142
24756213
83434276
226532196
125392820
9561522
17228171
88541027
25163231
232834568
162959901
66906291
18089164
14319523
261894735
17225325
25904035
20592179
17471010
15308303
51466642
14349894
223757158
37396821
165814490
6258192
15959806
138555043
15067045
17753670
86549560
18791763
9431342
28462804
14128528
11632342
102780726
60698670
170270136
48722198
17512738
13315172
131713492
18630708
33327675
16135362
24975816
16069024
113662211
164453074
166394396
18944608
242131117
54877998
167084030
38976017
82363
63280540
15510756
38447355
110821538
824157
140176807
16023926
14888632
46670048
17371061
6962852
15991918
32182277
162735344
17451411
192589318
74622096
117196502
46164502
87484674
82411192
215989468
19572909
96980395
19012615
195488976
10654322
23789698
220419374
98128280
212248847
15978380
62614001
193674723
33247276
15076390
15001234
17764146
101631951
32503018
23992868
62950338
185124947
16124611
14216712
26784273
253888243
67862303
196273078
251744064
19641024
7434272
168426262
24420867
26418098
15046916
19841754
144921225
113787997
22660932
29529143
16418505
70461418
14680596
96815249
45004183
34244176
25478876
40448583
28377117
2825191
254629570
226995027
156768711
1585
105343122
17520649
15342619
54546622
163424898
14523408
193088908
12855572
38851140
177407138
19409508
17713959
15380951
782010
183101557
36944780
15354397
112478283
184630300
51222676
37546498
72135569
185002853
17410758
22289075
10928462
16201506
15780402
20813021
17385961
17945015
39749553
70937408
103576036
205066686
105268204
21729540
14085088
132109821
60654941
23130098
15441450
88388566
10730842
25054164
15230754
17206150
171519363
18121680
18385897
6389222
70190484
123971807
235439150
58751344
140663609
121117011
29911860
39657792
124670621
221509706
209588239
14870168
15364959
38109868
51482804
93328997
227159879
18621945
17008328
36008885
31634255
1979591
16273144
58855541
22526513
244937270
14550012
34405249
28371616
21367818
683113
17522884
15819292
14144238
110986584
15947897
11892722
15228091
45051485
118614880
22414207
14433007
107223604
11063312
14128901
19187122
124329490
16040887
43803902
241210475
23155646
34904126
16127669
90325437
152692522
70617438
22164330
108692077
13599852
72627052
138166083
72928626
13190282
254639896
19396560
37420083
37069994
18731529
21975447
25151753
144892029
255682362
131246223
216902526
245188974
18783265
121237632
19138755
16818880
13286312
25159698
12372812
202090023
245042640
256324516
8435452
6018562
15600217
40337245
233707083
5972752
120794494
31465017
15862839
18689581
245453198
261277321
133456536
15943690
100281735
17896640
10876852
231271588
21777919
44206517
222496666
14141301
56675544
156296440
156198826
44939343
102847829
226001181
193703862
13102262
49121564
241580495
13579842
217923038
19961801
162092045
53311224
92169251
156240003
41641562
32435460
14870804
116073715
16411898
124257319
143879476
18254895
69932023
26668603
156137116
100004821
92798123
120819229
77895702
163894281
14746460
59122298
243374286
180077597
18066875
153586491
86813802
208920761
110609337
13475382
16953
112760135
168730556
15632835
157122822
46037408
2606911
95288092
109671957
9248102
28115822
14335761
140591488
11148742
146655020
101106972
138860140
221452291
20938935
45045450
18087450
42469463
15534716
74285761
21153270
134807812
108811740
4554681
1091241
62509989
59683851
124473570
14820299
27095215
14178312
27944666
20610029
15215190
135033964
10284192
23560531
69187979
127188125
12294192
14890935
52788040
23257245
145350228
36380897
688483
75347004
241801946
38570998
207669798
124524462
18514207
19288077
21554226
14679080
47300233
71740672
53294779
17368610
50686513
163222098
255325506
23032476
77292631
55991727
13693042
23485622
15219854
70688431
177156570
261073782
84623393
9804222
104727907
133480857
50060799
45865465
24334049
28471924
14803061
7209262
16427045
176929534
18507464
14617878
16407837
232568677
9804482
36522491
184517281
222823225
244404903
15399951
139331113
33885025
14717311
119160384
23221629
124002957
14354144
26681722
780991
74202957
37832300
152935567
17037986
216013791
184876062
81314945
139788444
142157110
14255263
223380929
35321567
227726723
119980245
21783716
59913286
15767281
780290
102019594
49115842
17211751
6904582
1363481
23154642
189374598
14280977
15706633
17435271
7181572
194608987
14529013
87534528
193779018
15975681
54769822
19685572
16302855
15050305
23498775
241472180
16163790
18086674
32957473
17301914
58818905
172592448
15724452
140255945
15936194
14753540
63531207
58561993
17071737
20472901
243914859
126717954
14624115
9562272
151136998
95740429
147787042
21069098
19977032
1688
40779851
15295785
347133
259288021
84045446
16169898
21546828
18822866
28230825
56660747
222444337
23484051
219265469
129360573
198911524
133279867
16032700
123892070
51982828
131177653
180703009
90932230
245816373
235633896
47661343
19751635
54709948
26419482
254184021
36713201
107232730
15905565
90195278
247414089
129319803
19466732
39341556
19006260
39774991
84269742
25316662
17246888
92876427
23958589
259493072
19993686
82977544
22240383
104357325
69583
28226960
48663963
20778703
110320464
199746127
74026628
14100617
27018757
72218449
31213504
86528620
250532240
28486708
174649888
15866023
82109274
7277852
56712219
25736364
16013349
224428671
107639543
16615594
9135
18415509
108679657
191964962
121644896
17083396
40907388
89492277
15845496
184221744
133923294
197882703
7737642
136004374
18106809
239190317
28009658
169245808
63314023
38087508
232451257
258039690
77026018
89595535
252105891
14111182
29965112
42315951
44150150
184886029
15113155
36368888
14820724
39439728
5660312
260505934
47613125
11413752
220020817
23593213
790000
34686024
209150087
30404850
214659775
77939719
16847211
229517477
193834897
14990031
16200143
18967578
16426698
89929074
53040017
2150541
17495194
17010854
6753242
14389615
107462003
41597013
68456925
21318183
59698845
15514266
39176418
110921163
21770568
134352532
69443278
73710819
17074240
128882329
17074244
8393112
183626732
216529788
18398385
14848179
8085432
252782082
9011012
181120728
17948379
221650526
24006057
266202805
192968187
244931754
134841238
42465046
17278906
51695698
23714675
18705078
88321965
22387220
17279500
28609576
14451294
203890384
191875463
266296850
39657206
17940962
14213692
21575880
25874451
35267268
64847676
26001722
188202145
44693348
208766236
42231175
70632952
108417469
203508691
5489202
128996296
103976896
24661289
15025059
197948154
72826714
256291383
74250663
59355478
18920390
16438743
23219980
27503151
15284607
17519222
208064567
212006174
163712424
262226916
17280132
13348
233948859
186118905
191663507
21746170
226822549
17005197
16956236
28504545
17134865
18773339
14212028
15953031
22042403
259394715
44147853
26618577
15602091
139628316
89708408
15529625
116065011
153483319
18098655
123940928
114950933
17375079
13678292
233257736
14680167
15040446
10410632
16521150
144712717
239191123
59541290
27953
62509229
20096335
31334049
60650519
245634968
22174042
19399298
71847229
22992850
96477730
8615772
48320268
22360594
84097256
160658239
8476602
198699773
128126290
13884782
17789291
13107602
16624180
7614052
104332218
36912323
811182
18239795
180160839
40268283
120735491
11202562
131979670
97051433
92117844
45547073
254221946
1356261
35195343
631803
141571223
32992448
18356346
14427431
15233366
11698322
166707502
42934309
229674969
12536272
216952758
14200437
8496612
51294632
15946540
14773964
34074792
38202628
12337592
20764205
109604578
245167786
181301357
155962937
46054692
20945245
18173465
15455358
22046753
106413293
16951971
33870680
18872519
14380889
14065215
34826262
29206300
14516697
121223001
63614805
21957689
33492243
106414572
270029137
188185864
38194761
17237906
162140481
132250957
32615340
14277276
31536253
9819862
16856926
15476915
128040590
19404944
5764432
22790425
274197373
227838448
17796440
34010454
92102625
193689467
14079590
235319539
138111295
109596525
154776946
195165128
87719730
14628090
16888514
188574103
18064263
14238738
14945059
17366090
208677720
154105545
75719992
28674090
61496860
69124203
81548178
22760649
19624059
5998552
42197349
19471181
239188819
9147742
92513185
231998027
171995715
102542634
15510638
243220807
28612042
19022242
7090482
8261762
15214601
142447390
51319087
17871826
114762261
24707040
25059097
456
22116240
91148885
141499502
14573861
200903027
44817367
19083865
196102552
19694104
14947289
83719783
23998156
165418860
25904132
74003363
84697403
50387743
815233
7210762
260620672
173938646
94397566
41188469
110178946
251718913
14260608
162029292
63463335
15614959
19656274
27969192
14634197
15634516
16857066
5798602
91462853
176687793
35656602
17312943
15013580
38793729
56377143
117147872
198560132
118102391
68480226
6065942
109150601
46360075
108803911
23204397
80449471
124203804
148425035
41296367
39821643
20307019
58454165
174319881
199015109
15662467
18829156
19673977
132977590
17695465
38610291
120694668
107025267
35476723
202789051
15747743
7770342
17767500
61127420
260278707
18706144
24561424
213961838
22980460
32147116
21303464
154708805
45848865
18358227
19477654
683523
116234257
22242179
126979577
1530371
140028928
101744237
18211473
163250088
130554757
76488224
23499247
19654787
14294650
8447862
183998273
192626071
256754305
15274752
86160868
15362948
162959093
15064389
10221752
48342996
24703871
23774237
15905527
231254156
128023725
104211750
114467024
25688058
21814082
235463218
18083141
226672560
6092972
9952152
26548347
34983319
146321140
15365998
93740417
237197733
83393956
35602818
91921994
219353003
61462007
144538924
110532690
261708017
267059970
220255068
168563935
70416891
67129024
16278276
220982094
70335881
18638821
15302201
253727920
132394928
34302264
17897020
17641725
153042732
132108729
157498350
129098605
29163409
43111514
49233038
15885310
73359595
30194186
36730935
14157732
130128230
17824560
16809329
260136602
17029807
45190383
145530134
15426896
15566022
19408219
13354002
14763855
6183312
237193691
61421779
67656375
207793457
89013228
159265325
15891536
14801984
95277355
49620984
15655296
35523686
3376281
136802522
22200186
140869994
85267320
14160471
9139352
20593866
36230769
85543520
18649219
13767702
40004981
82328753
53466911
170394787
125745997
14431213
14923682
16425453
236409451
108020454
25419816
76424904
45334322
94577861
15579449
16438898
1630261
14641392
171023147
216172901
14387542
29767444
10768282
35810047
68552069
17453969
223961051
145196076
27109378
16932185
21703120
181633686
10776882
20319730
15466555
15010777
47634020
156783397
51144694
19826674
14850719
108538150
16158012
12354252
35402203
15681663
16813361
90854372
1120601
14813149
15487747
156693720
182028677
14545046
263448462
18485748
23274866
18402888
141243524
19038395
17066838
22736954
46222099
9175912
31403276
31288054
159791993
196281219
22883967
62865525
15109389
16513752
18834180
204390536
14290415
67798741
89121882
219819147
6630962
15689313
8769212
14763336
176651561
119395435
193483917
43573375
145315512
31667926
139965205
148696421
266073365
11010622
108350879
237220110
20481131
16819278
123324025
105203822
97074438
40187188
16261638
38164856
89370731
63337613
13028322
151714614
19639071
131932008
15462987
17740210
23594701
17170520
15391752
93837236
119196878
82390302
146093372
21799282
138498796
7144182
100817771
1717291
18776351
77540628
16818490
201835381
17644563
212823696
14089271
23743148
42868982
109881181
167312921
24561449
74153376
109460638
46159898
236719127
240854929
50686904
32718488
16824146
70622187
76862092
120285512
52927776
14951992
115596327
27512005
22973224
22228327
83770292
213947558
18697352
15371730
138969362
240062530
160097143
60843560
1012071
208093309
162965189
193274143
18152057
7746052
19494371
90776145
32964444
111789350
14325932
15938944
231039361
147461784
53657495
41549425
16357245
34394575
176225740
4922001
83491082
15365429
18732075
23584959
18449174
14270791
19602429
119946793
15551156
20173675
21080122
111047202
167637074
25393674
211421505
678033
182798348
11855222
18429289
80175829
84201313
15553406
199400238
38329264
32211808
32770999
139974111
34012344
18460854
22539801
102324811
235759321
141357881
117022831
12716
12781762
21812410
168402242
51908250
124028136
21990854
137423367
70872642
9277962
183499665
51312272
160628707
83454492
16904101
31100040
144692356
18176747
18332827
91194630
15257682
19251173
188450258
17874910
12852572
17538588
98928522
16445899
217181024
16680941
107633083
147359145
249415812
15686613
66531467
854291
37764670
14399357
65539550
248988432
25780932
18196178
15382111
17429788
24545046
19899940
14153594
26539097
69435529
14389062
213069826
15675070
10636902
47050697
253422875
259733469
12702572
33241171
22513467
177959094
101253269
211787112
9831802
23664028
148833123
14572196
14090931
125322205
32633716
17565891
195742848
239682389
30874865
22077506
182982341
33327241
69366493
219720365
20928893
18879847
55533136
18906478
17380976
91827895
25202714
101612960
17579692
15762258
218764044
4053841
56973737
170777800
91396258
18503214
15159129
14708747
203560551
795448
20071285
7795982
124252576
201656128
256331922
109433379
246913322
97158610
9886592
135109492
109777164
39653094
228636294
25294886
56428052
2507851
821110
22277113
44769565
65002820
25729276
17257272
176806231
218936223
37246265
14605495
15121781
29090205
16506571
14345609
103356166
20267632
124009190
154787999
14706139
19771162
83006046
15211133
15223619
15898695
22840652
37573
136794736
44770529
9366702
14433757
195007168
14098332
32377446
14861579
16727007
21275420
14177081
93800894
1953911
242884484
10168082
35301479
9759932
34434801
232276959
636843
18162777
221485597
17905825
14421385
104434793
20996839
163719471
78906196
36371780
101345179
20609319
26306729
16010789
86989704
31152881
106831967
229255063
18188365
45879513
41123794
9200242
106319129
5693062
46754894
118713710
14727152
102951314
236882308
75192691
6303832
231858934
16887348
189265359
15231287
262966574
28211629
822647
21213658
84236250
172204281
25164847
14938248
76416892
79754695
14131683
189758673
81505840
14664210
14257199
15872657
46476708
6609072
2059841
19023804
26388416
153244255
15580925
6572042
68551767
20372179
139808538
27894046
11984762
81367143
121797013
24865454
9850782
21200319
806204
228661575
16457010
237876854
28391808
25737016
139757503
94797309
63230620
52725693
38327069
14300954
106824606
16296026
249964144
153559103
38359820
23932737
16235927
158630760
14758406
14641606
42909484
52114630
18787972
22876951
121271356
78570188
4937061
126395181
242477546
44446489
14079356
16175706
21158774
23843205
114579424
29555467
78470249
67898690
14343150
15087461
13062502
246036260
25065717
103510832
30340990
22992918
155994909
63875612
12184042
270018625
21318903
15447545
127659721
38297358
171424066
18731203
40350303
21460496
99325018
9961332
247042017
78275869
21784570
17421818
15831401
28166828
16376889
10819662
7224702
246124029
41626400
50193
33648595
35577793
18092306
15839517
18179554
258843668
62913830
18933832
14139584
154635466
148478556
202892149
18194787
1020961
14685183
1051171
24686494
86495946
15033971
31293436
52582757
14643996
14660213
139292079
35798802
17844404
18102284
7713202
169655919
214067697
24661757
15123270
9405862
7172452
19365378
15210530
251487559
254092296
96387764
12696
18493879
143414740
15825852
210308682
18355228
23420024
18766019
36204399
65507075
25335744
19018185
216344199
200226529
14524060
12340562
36601355
5916122
264320420
11829282
122218767
181929711
64365916
133834939
43171018
14155241
246191415
23898238
34934712
44123567
42654335
16980777
18308864
30308283
12329252
77402928
14715516
15605402
38372614
190915626
185187643
132013729
803847
16694698
17399774
18699208
12683642
24442567
19532315
184275950
182029374
16145206
157455254
31330292
21275406
263852695
18836209
107164806
15093212
19886347
15446200
249096055
168296616
93827358
1380711
29779074
42300348
66799471
14270757
159503258
14508983
241164164
775861
69780518
223691577
18242620
34376087
17074457
37077578
29509119
19703385
14596506
119127201
9584882
7449512
4700381
105394663
14429823
18754728
15781117
149815436
25242416
16897237
31383
16630083
164338516
134141151
35176496
100573490
106491960
17976577
164199982
89202951
152189675
15348564
112009840
93100491
56706308
97122417
1220351
17737138
7885972
71015802
3597921
44046468
15041902
16739711
19709448
125418319
9813282
76976987
84652502
48123021
161993294
44870998
6118242
179549579
7901042
188867349
18857778
15481397
15270963
22301442
269700319
194955084
23757784
30791761
98706590
19015082
18540889
23014496
201242210
200713835
26730532
15040500
15485085
86831936
116706360
26874644
130589438
62584936
13191382
21486753
26617933
171305484
12916
110897594
98714095
35152869
35473835
55303089
229328959
49616509
17304123
15487499
69493393
41145894
47577195
14186545
109813572
39716211
6774272
28006501
77577477
50456532
37076569
226769636
22965779
176868644
90469674
13228592
109595020
9926562
63468801
14445542
232573485
18418944
180770812
103157143
16395482
15044502
12304722
18566782
199654751
30145166
131021790
14494993
131066597
24257957
8348782
84562932
15075459
221249442
20989298
54387128
171719023
15831093
29518132
50225755
54330827
17463660
10355872
16471088
7112242
92342722
17627945
138847948
131862233
67090241
74673
6141832
73497064
166248847
21584163
57187935
125090924
22907920
17569124
145449666
62846638
106783888
14304203
240552704
86167256
14943818
139063272
43613550
13775632
13222192
16465359
18997377
185670728
14133436
14919201
14903294
29005683
47470276
21881105
217162001
258582570
40250971
220578999
257522681
54213842
16162490
205609713
267791703
62187962
63290903
115087202
175533140
103971994
185152562
227192133
75423477
23939797
89856317
44069257
149747560
244050895
165494539
11580962
16905666
18592579
11884342
57113993
219011376
30376196
18530171
50718249
120962212
73683746
107500136
65260323
17242874
88342470
120765039
232420456
179964691
147314264
14614615
72811901
17365324
128809182
41470157
95142106
14528817
14388689
16080020
9335042
18619708
24184567
14226882
7018942
3855911
210886997
33213349
39470262
41660436
191503263
14562275
171084149
82376322
36217004
92437178
168888540
254426170
129498307
46019128
186957019
703953
208687668
18635626
58149795
14109004
154959835
40362652
103116624
26773692
22052924
167686055
782354
235729192
15002220
34443244
14934063
204768565
144383619
66871294
28106848
205007756
94607882
63260438
41958323
128693679
816154
138267795
90420645
95448172
145755847
77151544
31157419
56081354
14251373
22483974
5051171
52910865
210118012
22813537
111435350
26756907
14634791
70236664
21690938
16120265
74586267
18566129
25003235
23555722
50300582
192171500
102043210
14472183
18262412
52474527
20497524
17466146
43050396
147359386
75551503
24481083
46860582
192709407
17172429
35548601
19468364
37977930
192809889
218567695
34146256
139984101
2564981
15768216
11145002
23418405
27753611
55222535
249956612
64217263
6904482
176764759
1917731
165090476
197511305
15442150
90964504
19679188
23026604
80621298
23033582
17813433
22818133
184497682
172639027
234869209
17549229
156644794
75711686
187731482
10000642
65598884
14376840
26287569
74946653
24608101
116994547
232682267
59539942
39216517
10880202
9896872
190397000
14218186
214112621
250477894
18301263
84025309
28039217
165144151
15754851
16089513
103088329
233597060
10921672
9604192
265427614
17579321
15729205
92074551
12386462
55221570
17259640
788673
16275014
28214315
17050705
94574028
35929320
8071902
684743
72741498
14274372
86272337
26419638
2771891
56981225
20954257
212203440
50227060
30924802
15131428
1307011
112443324
66997403
43637692
18953266
27067218
42680682
9994802
245793450
14616050
52699786
159563937
18124692
2676431
194152765
15925179
122477485
189092067
61238566
19990190
44234494
188419032
159329042
30516098
29646744
110746020
63597788
174811472
12834972
14135845
155668326
56994938
26474694
15537003
132946771
9306542
92563411
17116782
43194865
754556
18629665
157765776
50024842
23792216
230718701
52553796
203951741
31214311
83277670
38748814
16668970
27143583
2384071
114628210
11424902
19743196
18322904
158788474
210785308
34733255
6708952
103944737
18774686
230476419
260108644
203003361
50002300
15443141
13210
87358503
17062111
17351052
101911812
223524009
18706924
17063238
223679418
10773882
14192412
167570736
112058406
35551741
84053324
224808382
6297382
173899102
168537728
14727207
10155832
17994525
17873348
65604392
28738346
20959144
250521819
33637010
17955879
15624385
1315431
237358682
241382533
178817507
26744291
17150292
130395742
31738235
16592690
5024061
27553223
20441166
41238441
50363926
84894256
89266401
206198440
56458700
89554626
17627390
33672294
19774034
25092348
30025767
259638685
10420662
14084098
116571138
50077710
83370426
131070862
32375384
15367795
50663525
222555703
188474582
240238656
202849351
54642207
96790154
18059231
50670648
232438363
229291215
54588187
51096590
5025251
9590262
10044022
18275871
17911617
78634066
16878100
26374989
18431771
51043119
36832842
5385262
275672060
191609459
41305840
9676152
20686153
107747077
18244087
17856201
106554309
139552551
110778721
173452455
160029634
14435478
194465051
23372889
20160897
20596316
140286942
10786382
15937921
74037588
19575406
95738226
18982378
1692171
40944884
88677841
22830586
134505123
19719380
6509242
15451434
69687111
16907121
110965120
40185311
137443330
23861287
30461425
14949249
13578412
17788582
898171
64544676
17511523
47736537
20664195
25610972
44278796
14799428
195979860
242864968
19475375
232083838
161415195
7155782
17079099
12973362
21625207
16662478
69604327
99356759
74411287
23166140
130650276
246418321
23008116
64325295
44899126
18543454
46473076
215259883
250731274
23246523
8823362
2148071
122025560
16226484
21507298
87321877
92251230
102747321
21751985
102617462
5408012
43600056
256186650
20405853
27056757
115036116
181096818
100818788
138628895
269734168
16663709
36563254
217000649
16745770
94826232
17771429
17997511
14274132
62193495
226273650
111410375
107112554
31036345
19109017
240469100
5793772
91071674
160897794
28782189
165583353
98078133
21975870
145662065
93666150
71203121
75800420
29770468
139184917
12759102
119526244
48867402
21229200
243913373
48476949
14219103
82112778
215370565
20932375
62698050
219690900
65590754
16807860
106424240
177096882
14840993
18790031
162557157
32422915
114049072
19160080
14612263
172397445
91191989
34572831
168893547
87590534
17415305
26283471
146512958
56836415
5780992
16864988
5738952
15103213
141527434
20195689
246103
34486207
14571531
241963008
18414159
92145218
134687004
15887107
42601947
203256940
75612668
14464919
14503316
39812315
89280747
271625895
788863
73429252
238421074
204090866
28268371
98362525
34425171
22681922
21509975
18664956
18932935
14443616
18280155
16337126
53500999
14632661
99320433
13654112
213937754
98200411
39584114
256172796
125277965
88829709
33063845
15940736
124306740
40701143
184900712
12727902
10284542
12047202
67813
171994706
67381805
68939290
42990133
14142231
42119491
98580028
16153984
249260397
16801452
14653506
78403223
6719712
14436072
16208408
272418328
16338169
14652452
180607403
50985635
169443688
249818868
48900102
22290807
15635812
56081642
24133831
217793491
29624532
216145017
156475064
14459669
15328388
217527334
29427149
23406304
240468977
1309511
203290250
234696158
207977066
11698252
262292817
202595945
205094271
49824306
148273080
86188413
115933562
20685484
194109571
154363906
11577962
15149632
14742422
111047938
18481782
749333
39619991
79740296
234895094
239186520
15126891
48791942
21407983
58929178
260631674
61628815
84061021
14152445
121296694
203149052
34033504
61317377
14724577
21695613
214406243
13817822
14860922
211774252
20813783
15184929
182686614
14562685
814293
39753319
38260779
235905598
10154052
25447492
207379807
44936058
34728091
5447732
7314152
1189601
15135214
19754122
34244280
14136972
30386355
29940127
50743805
40340319
15639478
14372059
135601675
14852158
18565158
79391196
164391207
75165241
104223101
79930408
104584453
819522
27413705
29460521
190395758
23437737
3277401
51028602
211011485
17827085
107354278
244673838
112075462
131003396
19490555
18773467
72475621
16513795
73978891
88471653
8654602
191667380
237752191
131109320
239923310
232674215
169970345
19065393
215761524
17068225
240365217
14110654
24125006
14802885
115242946
6021422
74681972
11204762
124548242
18692021
14052313
121163932
39700831
70478756
233409410
89519051
4303181
1355401
14544864
120958573
15182385
263031010
14188969
25060042
14712904
60321100
42055361
17130180
16912241
12049792
10284332
22665665
23722620
14245501
5149
14948485
16473793
27050983
51734182
59818041
15450996
235347368
16657530
14117196
158980067
43500507
22203887
102399171
124248528
9574902
109899569
14389132
16827720
15675424
15868433
264046779
122115977
206216645
9734372
15524002
15808765
23620612
30146922
16388972
23166597
15117717
49354191
3452941
15077051
6245232
23095083
124920374
89410778
15907716
22516489
103175150
29807370
75356470
96898398
226011338
18182511
17179368
35636804
14388669
26900011
30466915
269889901
34173
95333167
28108567
18822990
137178307
180151159
232445524
89731752
22753132
115944587
229766654
31281673
202844511
84124761
74625574
76133
96933119
68241308
25532738
79637747
4958911
184896140
21726416
48059095
11304762
19774073
68696417
14830831
11896242
25043966
14668668
17676599
55532384
47507850
14937173
106727127
97468141
214303021
14435124
125409467
64234931
10952962
137183468
27325141
71185998
119710421
59191437
210427069
240551046
242444620
202867023
256249279
41253854
22201568
249259023
246024271
19560605
21930609
17065634
224809136
82444043
16895549
16956339
16191175
122540204
116526623
14712592
23992198
197075594
17971670
212950155
1048951
29040062
28599031
102067385
9654112
126912691
137937174
36357300
21307269
128240571
18914307
186633188
14110885
6655632
76745868
172107130
19552126
254812166
21132950
18168267
158552358
53257111
1386571
18642642
7006712
15414807
87715947
242354131
14050006
180911104
8614412
5832712
10052552
11073902
42468157
179514953
8293402
25127831
15281078
45051894
16226069
17070787
98505044
161691702
21962567
16304010
22084719
17168493
220885006
199503098
45537747
258939764
16936459
16334085
41874288
819546
152479960
233405624
12485522
18143526
792907
68446061
128968339
186901595
65587134
815897
16996238
43292618
62619975
14848221
260768576
14631638
14562004
15585410
46878105
269747809
236226987
14911255
16463326
11058922
18485106
104493815
22987468
153997237
15075182
84843976
14176242
261947295
20649770
100188468
19241200
21344725
14061723
259171181
238602830
18929690
204186596
87331481
15440344
154440966
210268467
143638559
196161118
17177403
89776939
50832715
17202143
20105071
109841442
99772708
93730653
34938387
17224082
117157665
109886771
16496431
199609635
123431836
219089755
14689567
22413145
14051159
47518210
13577172
38600665
13205902
5238371
265268942
824211
15648584
17413777
117943004
231472142
47791995
21152997
20447545
16731359
23282565
8518862
19079941
35536649
110280391
198048144
23953237
14333690
41172680
11035782
14452057
16297675
16248319
121834189
15125371
833071
45914093
175997836
1724401
9491292
61543234
232378811
198399355
38488854
183088045
195779937
156407255
31962068
31059620
24654508
225491442
47721240
819284
54623706
14740408
7712452
30298025
17372256
192477353
41929517
80857771
207553661
109370698
157314364
21665419
222268976
222485748
61485121
19090407
8159652
198649890
29343437
161700842
13342982
127692921
3286621
243660328
17156131
198793430
159163111
72084922
33815302
89119055
130302239
25160944
134009694
49472317
251425066
19640035
116587005
117792193
17420951
36997036
30204846
24797350
26850477
64624131
16049723
36982314
124866595
17580892
14321959
23963107
16799649
188117384
8147062
85632018
14941009
6723912
71423326
16303557
256060579
16713
222568217
15692087
120174685
14575798
45013235
106182367
40187150
9040122
212135317
32530781
13000872
266151992
84438310
1249431
263312330
171997599
101221067
223704520
74021308
7511702
926121
18576979
15406144
32145253
110281707
199624094
10748252
185158668
14154581
230525319
17682283
8596022
15342518
38151136
168837176
168071804
253545416
23549240
62635353
17864262
17545037
16941718
89468228
15768928
199009858
156010360
200292780
16703058
36585424
119220971
221749521
29695131
15299357
14471522
10609292
52866517
133941575
13539592
12601142
115247248
18231339
191549398
36941550
262770233
139953824
14332565
17276841
172143827
22372197
19746341
86780531
226207535
14040522
169795819
16883326
5024371
5656332
18455643
59394895
18728945
136952493
8933942
20696032
14363211
243848799
245126239
202376476
21832608
16106525
49011247
105523857
23866339
45756215
136378375
13683762
61772051
65293006
16381178
13225072
15123673
72661977
41450556
137717770
89036498
47938142
23171383
37679854
688273
69490214
99031903
231488894
33657457
53418720
185657737
19873296
230299067
16956103
19824145
25318477
188560097
67603734
821978
13298
14496930
15770684
15429250
15113529
30462898
6114252
14721067
61291337
42793960
15648561
25191558
113097921
23401174
14212359
44139958
15863689
250246958
78354184
182466412
232571300
15239123
157832459
20340239
33452655
774909
15497928
92063493
23664655
65748080
51527704
241808450
31269851
33218276
15276401
13438712
30010982
17939480
18269262
15803220
13356392
16270580
70004519
44961029
14096096
130158543
48036380
15821556
20858400
25752513
19432112
117016997
234308463
167959400
66350411
57600394
14391111
205544568
97551846
142977623
16148335
203137786
224138450
17114283
94841257
119139599
14237354
58904655
16787126
17175973
14135237
5608
15307617
162886404
165482352
200123241
69025404
94776307
262751654
15237935
21101803
20813611
163383284
69033184
270021070
19085742
242821748
190754647
104563357
27292941
35748845
32516316
183781511
18628769
53411390
68839777
24481863
18958597
17576806
46707560
1132281
57135779
16506186
51684877
72311889
44683837
30955860
57247518
37680820
166698317
41159844
12350902
135687184
39815230
183926085
249983793
81394914
15158352
219913962
10334122
16294267
132553078
84358598
263588145
18120676
99536748
781895
179138607
72426413
116873115
810579
200664598
58256315
53941287
25367291
20905953
94358525
101142166
17387554
176114435
240920084
194245667
19431493
17576667
15148807
24419425
121910714
19732334
175222812
15746084
15199325
128151956
7145552
16249213
143882311
91791843
60695143
17610796
18331770
137786520
18611056
9048222
14862723
17130461
203871835
47444914
77392251
7044252
14578544
22925703
14421572
18196308
17464581
131607538
152560538
28623830
14054450
123905824
24791281
15051601
111165159
18627463
18500081
105109640
16825062
120926981
17087370
250582808
176642333
14070222
18071407
34932133
25513646
19774114
17961246
45450377
12398022
5153221
39284620
268063294
179054464
29135440
16270390
14099516
230770866
47444849
129949964
14105540
172223222
94541648
217798695
190229547
57133313
15843240
3433721
27011541
151212561
6695732
250248024
58845411
210852155
129176641
14370358
240586538
17400430
19600446
223171168
15445154
244065169
227207387
106175819
56653
27865199
16181186
9543992
14289835
1384531
8466962
243431726
28448216
129899561
5449422
19062153
25570524
30455734
15678167
1528701
142805881
110424984
24603879
90577798
44224901
15302120
137366470
82655261
18680985
809183
14448046
23075284
14169364
121235735
14247062
5874452
75236148
21273939
122056847
15987060
61849834
155883945
15223252
44388527
36254904
24113
12070672
39241726
166757786
147043669
920991
14464331
61250869
138322735
50335002
224770553
12300692
11349102
65367727
130899627
38541154
59608784
23335196
9627192
43239422
124176905
70754730
268125399
235380880
48504894
44203387
3460751
14572033
202075612
14892523
166961004
15315857
15631770
172769873
263517122
198380384
118230146
787611
87106149
125867143
39511351
152143338
16690175
220885253
7042572
148155333
90668001
57486140
49814392
15082995
94428870
32059102
16253235
246600472
14304302
266389364
230859303
200673064
47216578
216336191
177507202
109440429
187594795
167488325
87712519
37922200
29084075
165420335
116756735
5108161
96880903
38124429
208325536
7773162
75630518
19410436
17641457
47712248
73331245
759228
237581493
45660443
102524769
19374805
17935861
197538143
27908385
181217649
185681415
32712520
46787681
157858384
52563809
15109462
65098687
17307627
14462781
159527534
165594154
18680847
16988357
261765367
17343124
3265101
142410443
16592620
1048931
91894424
127198803
156121581
95300430
18988817
35726826
52814458
18557253
7865552
116108369
16533013
38151395
178525052
14469179
37240699
17495000
103331100
137455666
16540406
8602152
88061302
29097048
19533093
85665693
154876782
204578326
15707047
16750984
10781952
21622756
234318173
18345963
78735819
150828573
5683952
253589177
150255293
33606835
69971262
14291015
103969563
18818095
58244502
34636987
17372379
21755807
255509379
165914228
5125971
23546638
28169177
13445052
34343816
75243379
1394361
18536322
15520554
1322691
52575960
127636504
16459994
19920360
32334346
14544571
15247986
33556583
73829527
178275485
24811584
90313639
14118793
8457092
100426508
7315022
233241581
19411110
98793050
88214227
12219832
104901157
15678008
176994614
18155171
94229358
203867751
36279515
40300225
158000381
30761217
8106562
22254576
18499012
42668060
178053334
20209025
178197920
7396542
34316788
65193458
198056848
6120472
227153602
189686051
23777198
15353236
15929686
209558599
204824975
20351695
115585592
96109157
24741411
59577520
48915248
86239624
29985526
63796576
95998018
39897996
232502918
208161241
149075605
31520228
6452782
14706004
152352981
12566322
18872123
208830775
96779857
81725200
243662422
127686449
28128602
172341029
42992593
241310760
78792100
2960101
6084982
14121853
20254792
17549096
92678445
17461226
15924411
12886112
22050760
45617989
74033128
18544188
83220224
23225823
14298819
19461688
8417802
131998232
42026511
114519095
238356204
11086372
239271745
184495064
74887389
238914931
61109023
168544279
28240302
127810704
148418872
16016852
28018672
41437506
16320817
5513352
78924375
178368272
258096381
174959828
15551263
17988396
18994034
16612857
53443633
17165458
47828718
203893499
256134707
19687218
141167217
19721592
5388852
265977653
17022831
15583287
171908911
16536804
21816096
16248619
64047804
220884100
17362299
111969688
118644821
51758990
15751164
14871283
16928122
17593208
171191429
182056988
114767953
6811802
15400332
120707178
9081922
48726854
57203
42284908
90971235
26747105
63009240
131625652
77292945
14763566
11148342
165200431
18313617
20219382
44497235
16840877
95499927
8481222
76866234
16721263
69342256
21881621
15852054
221697034
239221322
81052999
137917994
21009554
119517827
16313592
772681
53313683
25197341
14198011
131317768
221526399
33369174
126492276
64444175
97481194
16916193
182105219
14179222
16000947
39528744
16703742
24166550
234110244
128811995
59338505
19338042
8690902
27827695
14324944
39485994
6426552
148891227
19599271
132526387
20882372
32998543
22933904
61755699
41871789
97361708
26716467
32451329
14128069
19783137
14720411
18450898
6540192
22577042
265749910
20017902
108705649
46972036
91836238
85346124
21321994
118837674
18786047
20611194
173387492
227986140
15503968
163745140
258731466
147756403
79543
248037849
60775372
123322544
29641373
31620237
265960486
197156324
69605342
14883514
15354042
18072408
15726358
14302111
20318194
625323
16641718
204632531
14533116
17669882
10224172
19542974
16915314
28584787
19341833
185221735
172225488
12160482
131643746
11673662
159001530
18258178
14745283
34030481
107789104
1246421
97855971
14027532
14056454
17074868
98895591
25897762
150830257
215683551
69102823
17205773
14998779
17393790
87212008
7595842
23111457
18761609
134487373
15683948
10305
175590052
184518363
28768235
43266527
16492009
47599165
84868368
131390753
253953257
21018559
78212056
8883702
15605754
18889063
31257590
67510424
8402052
18878427
192236628
16068825
88265548
16387116
75067140
273206322
212095146
169074286
186791742
17334372
154132764
12594922
242093844
111701523
16886925
14083627
42929595
151959726
237394359
75541452
18536826
15010721
14705619
8765892
146965762
31310594
14773346
53000535
14182254
236195413
14543117
15293352
18603672
16356317
18913509
109059176
6944372
14532188
62816181
23077155
18281397
211633957
16877448
15683
260786513
14326003
122290394
18619836
41856927
450953
256288010
24794263
40822836
116999724
17781217
15866800
14664756
43607866
23292975
43562100
88198639
28424289
19248489
25175706
777560
51678226
18626582
20148513
10438862
58881671
173871192
19203457
264014418
18824239
15126388
243768368
30479742
15942716
15398780
27234262
19418492
26590781
68554574
122493098
16393123
44564343
22387436
8474322
57949239
20545925
164856615
19114943
15165587
15521495
155690100
108448846
191478815
243164287
29015085
15565703
15826306
214348336
36986564
203379278
255315692
76887105
68982398
11426
17909421
11633492
17381284
125382460
44986113
212311866
28377973
16520112
123130128
12095912
14316141
190722777
129682105
27702107
11922842
74613440
4388251
40506540
15320887
18744397
270172081
174291299
8803972
234099467
110259781
15575441
37391190
8757362
51196532
143613967
110470795
159245037
21323607
41364338
14253707
32613223
217574343
207730312
12611642
18280708
7350652
19747277
26154615
626233
32629751
101171750
17794287
123318445
14222176
25512025
40957993
13097772
39910912
88822659
119113698
160919148
14426771
199234560
115624836
11435642
1308101
58341833
166584190
63192289
31503269
252769982
130682467
17003118
187951011
149729022
131357770
217576078
25373949
59616920
22792103
22341769
17339297
15378805
14801380
59580078
19683498
23721972
28506177
11279172
45008312
11774642
70267806
87870915
182377857
13979662
6341572
178943260
16484677
171569791
14220249
42934314
2108241
16828143
168710679
14266588
18174998
19195914
248493560
7604502
40486003
73703096
24908830
15126651
18954425
5693322
36906540
49464688
16527273
9188592
17451602
9686792
78000325
38388028
89385774
41841330
49216076
42630325
18850958
53188888
53056410
158228752
13047322
8184892
155396230
15660796
111992715
138905522
235538483
10675
8448712
38668559
177330882
106283898
181520337
14430556
16366271
15462767
33452988
51482997
14864169
51034077
76476217
5957552
18529151
219785653
18292479
17214633
15896304
18812573
20770172
16363738
800735
241041897
18134756
85251925
16880685
70062275
180463340
33801769
87795802
6944972
11983
15434432
77905001
14204449
101551148
7282132
18038375
19356110
57115373
10588
98390827
64576818
257854565
118028227
65363711
33668466
15062528
84014340
15062527
67673600
19471190
16560157
83625882
18131988
23547843
15842919
1081
26312359
141361726
66158240
205803
12984
176140153
37645675
24480639
92364623
162017343
211858345
236550275
811051
147342909
181233139
1485021
93151373
117850134
163565993
47951693
17927796
16878903
214212019
56882778
38394199
34323672
259695549
155722772
9506452
6814492
13832532
16716129
27071190
17424617
110301570
14936846
12935692
116856787
14304739
9355162
18483871
90404746
125290228
3303571
154906588
265500964
95382723
82821085
42140354
162665603
258923616
17092592
15520700
270698836
51179919
235179906
17451031
262379715
135414895
54113444
14323938
130974356
253835890
45368137
91943914
20476654
18433188
225564695
15445270
22119456
15349653
204838222
14206392
217064519
27644918
90309379
98479451
105860187
93953977
258852781
755452
92697733
39218350
9643862
70199201
14118937
21004344
13272592
28658384
151472342
96585127
16332052
9468972
15538795
19455487
216782324
816812
18417216
145361923
90793521
682213
24897332
63054429
103585065
29708582
14345566
139362133
14125005
25931068
16369099
55995317
8925602
226777208
162060324
113963
55885084
17046369
15614315
17763164
234439191
15428401
48470743
253473812
68036460
19910599
16308041
22547150
69497763
23387320
767715
25330903
15058363
32584355
67574227
270455224
23500913
45187586
27426996
49445813
18327007
126688022
24803181
17486602
102107813
41965009
257636956
245928017
99225888
221160429
2258301
17323733
115753716
17898705
6567132
59845061
175876900
15618317
86241413
10864492
37222477
208303207
28410099
142705588
103864359
28017930
7263402
229579510
131646552
23006156
3028161
22490140
24553362
222128283
253437303
224074946
14959496
14889333
33872783
46573385
187594363
85263926
202063776
15120037
74543
14051193
35524334
140935817
21023334
218375995
759186
7562622
60696138
5820022
24500538
48764460
16610527
15323865
15917510
19276287
255349187
76667648
26815053
18375249
19124543
141524887
12693572
34262175
5402752
53352349
17006370
19035245
19255759
21335770
198590293
189474615
29392243
269111650
190359605
57505932
14835646
36198161
27962194
145341208
33960315
262312950
14233546
66763589
18406622
184544253
123963034
65508813
9158962
39031895
33498000
243767573
125668334
14349077
14095473
1442101
16586626
46589508
93176964
1129701
17755042
21863612
70706453
28573074
112479899
21678847
205341777
135057752
17326645
39099106
1797291
17472945
24247270
16814973
58842703
52254968
20303224
23284990
14796279
1428831
159929295
6486742
8935052
97515361
18526308
273004438
53292314
101711457
15780594
24716002
132975929
64122735
15393195
18962975
11993412
139458881
14099435
21909890
72343437
15947185
19264339
227818834
92285511
2941831
17543438
18939822
20083563
136242193
90058548
20414217
223219109
24425906
21668588
17259981
5166511
33014475
14822021
73037662
47497885
101014503
96756546
19578025
15247066
164271321
95044697
100554896
14390076
5547552
26092570
157524175
150224559
18186993
146237367
57030266
88498786
4182751
123634244
19583523
18134210
24906998
27787027
22950203
139024456
258475508
22589921
22924849
24962655
48392114
14888362
79287934
186267547
14940826
14248612
81423917
94365433
14131420
28901886
14083767
234001935
200139454
98968120
36648662
184756173
73341141
205346326
829771
26236577
254853167
106874944
15343285
24533117
10767712
131370098
2900
189975197
204979872
608473
17469567
44268184
381203
6219652
16382820
28339843
16444912
20250302
129878110
19801665
38186171
139469291
14828536
263234033
9543092
21159398
129730276
136653516
80794949
14819061
31070910
10473582
33098821
180084261
128361193
34709013
16237734
128507642
80235953
24436600
244385521
126387549
14184628
18506975
8143872
113747572
10333202
216633243
23506185
14985117
25266932
161487173
46574042
159658784
57689706
19264674
234840602
179999308
231991793
33832697
227016826
17353481
18814878
78066531
142303850
167700350
14416798
15066876
18813157
6302382
34556885
18559445
70474548
184841559
84430599
27055316
45526985
230509267
53280402
16410954
30272314
11443292
164550070
220190718
23421006
18685602
245439953
24414900
19597166
13220972
127356642
16278934
923541
7278032
46934475
20027256
18534567
29436139
113420566
16157980
11606702
23309869
132681279
101477465
15172283
3041201
124908488
147335676
121209486
53324525
90767831
55927532
26589876
221846963
200936459
15699754
66480892
61666438
48737785
15379912
252040223
21507883
14389648
88090633
133559534
18822387
17503856
79039503
259389589
175938534
81453802
41905057
17506774
691353
161772480
21653513
15963488
22938618
8156622
16012310
1045701
218219246
21047224
18073211
49013625
20990463
16290327
18942695
14944471
14090906
36480743
25274451
91458608
15106068
256148516
16462209
18658739
83379102
148040105
26681326
7614632
186426532
23106500
210819491
14855279
168517618
14369409
18173027
7288532
211977478
23324325
41250334
4030
106546060
58994449
106375859
79666388
14618493
143502547
56810786
21908076
28578596
99001341
51131831
41959740
123055515
16133935
9527242
126754289
220594903
17224164
205066491
16882886
199382257
88776484
20956390
18368098
62545966
55933111
14850221
198466520
201515262
96316448
153428380
18028249
15483517
11732322
14911286
79043962
30734462
14714942
3811511
44853718
21776768
195440552
103106691
63726362
14564986
229944730
232191946
19631582
9013032
2737751
150845268
208703350
32428493
14950583
14350762
221919129
101563645
188840004
18507199
18183592
197178807
128396268
5179031
181834984
192643153
19611658
97252700
61014259
41291640
161813117
65681735
126153057
46529685
35280301
56116936
17011345
29822494
232987424
18279169
53091022
96188024
17080534
233986555
14315246
206613587
15322793
164830389
21224776
139960419
21372803
119446586
17240550
46205067
6976562
23409989
21179890
40007151
17372386
44570428
106110915
18233716
44733866
44651055
15274836
17475108
19207266
45672770
42684074
2226621
152145953
18885594
21316936
222112008
230182617
8132582
195796378
170225857
41253398
141004777
194066377
131512268
35783898
72036947
14704310
35910513
70449609
33877371
38646243
22581361
19790018
16345566
832831
15687170
19790013
129529866
18049840
19498445
150956563
261598031
70833097
4312721
18857922
39001282
15487288
24165974
15928027
242852382
15753937
19828667
2241221
18622210
14599422
95985617
12322812
16526591
20751505
31359340
28840450
19183264
50489460
9853212
78606921
249222971
240798167
18637420
47520916
60449169
13388922
15131310
144311568
68452697
21587712
23974021
18353112
11470032
91198297
16703461
14935079
17993310
135399738
201947373
22457041
259305320
8092472
228085717
13267622
158136469
72725104
62606223
18343178
43635444
16087477
23834147
15628274
14620544
16720708
152908018
14621637
76373
220502693
126150918
1388961
19521680
135715040
26457416
14837928
78905607
21626871
7830812
109569992
36880462
18105493
68094095
243825310
16530746
19505248
208582686
28622733
20192882
165590939
63039818
75289001
21953832
159716429
18609139
42670114
237212345
117962382
63728431
104236319
14217862
18276100
76498257
231546333
68209920
21113258
1398
111795703
169103586
57888537
86770799
15859253
257467966
1203641
167735296
31830665
17493528
129250534
233306179
64804024
28076703
126346398
29046105
79368271
87820847
158216035
16358939
17945843
233965578
14327478
47986482
69427987
117255869
27044209
817970
37749110
122466242
15577052
36643209
46114472
14697711
91448645
160994217
30059550
14235323
14134419
154368883
14079425
48181005
25740983
17578918
31303139
14437914
119348430
1330151
7721172
14191626
201531255
30268257
100507331
10178
257556561
14468043
106645659
104400450
13451802
144378293
124942059
22053039
23343968
17837216
129347403
15020853
146917975
255257849
20466813
19590747
200137739
18604510
170606832
818340
14352967
20380789
122153660
47684949
28564127
15044300
17925141
49167436
102568475
257564668
166815795
22540789
148476118
19707468
10650562
48604785
185477564
108357234
17952277
261344536
101894696
14335404
159660869
22145414
16546592
157729385
75141533
66818412
15748737
161524303
191807566
6271842
18547882
101207588
6269602
231496926
13140132
34737705
251114231
15393033
19065686
14693622
26334426
109302745
15052090
19790783
27043989
96889262
14661957
225390538
60642052
119667870
86843948
59833587
17848135
128601175
14533716
27789999
18230113
16130242
236242567
72019681
127846497
3558851
24636191
18208795
18560205
121437473
19131613
61481916
22960333
6965272
170101646
250983856
225095543
15150351
19654406
15979153
17460928
196671715
9413702
14136479
250070427
255704566
183859873
210909560
56443851
120185625
267519951
48880548
94945000
32574964
229587355
16908775
271127683
17047248
14775487
49849110
18034962
125150547
17021619
18873213
23618183
109995803
272754640
43226515
15382147
25303296
253349591
84524757
28079769
22040403
238394455
13363182
71530623
159049573
17845906
136758945
7480172
57102394
16564842
40248272
119230913
1252191
14331959
39932500
232979512
34637152
15412070
31030273
52306963
139567380
53288855
23145109
271745209
24095880
15249228
14185424
200230533
23031702
57795179
11316212
49774815
23486491
94175843
17850637
113198037
18485558
222189121
26104299
251229821
202192724
213288408
102186571
60181596
7226972
215235391
38003948
145408456
140827994
23882123
23920779
24167147
14170736
75300453
17995655
19689035
14252191
13448172
27890540
11332
30469863
21225270
198338473
140060120
15471640
15555038
166839611
785595
151546361
22155739
14582352
52405458
14053295
14632998
50008018
20758436
23797396
139889120
11489
1054431
13267172
14085277
23331830
19564474
16684007
18213932
7929742
15081182
48900286
11504382
224428744
39591754
21345203
20444463
260518040
96145394
128102692
123614628
58883706
14144790
62382288
23711425
35960388
14607461
224883589
17972230
153875670
177931290
18197912
113831847
23103362
48497316
208398817
34057913
199381244
14786110
126351209
1253451
52757236
15768141
14715504
14299583
13546712
13807132
57231428
20661527
174095086
69001280
14242280
184274305
8531352
107186135
237753551
264046056
26045055
15811608
118557729
1319141
239020684
7823692
193035945
35068546
34417776
117218161
95522978
25154863
106769185
210831524
210666689
43163302
22108647
178897716
20660925
85032253
101690924
182987447
1042631
509
26943860
92439035
24163850
57187028
161783675
11541372
22878414
146452672
103285229
14898632
15850769
17542265
175018925
122895180
5727392
216605516
107572393
246576590
15441074
69837017
238819163
236967039
74574719
148081424
110404277
15506834
50737978
224255455
20030225
238760716
13124962
179812242
78789634
32300434
190120150
94159667
38338308
185497324
95458918
235324659
213310819
17332386
60100870
137066744
6566712
77731518
226925720
14180249
15939352
26870624
267924448
34700428
2099891
199486235
36073824
13410
15583292
35105327
211556899
194832495
19519071
126598407
235482531
14274606
84172384
39944598
5778852
118278304
14993616
19988765
249485868
1441291
5531562
95037522
14076943
17301889
107749539
1934931
169051492
17635363
20660146
248960481
242179067
23556388
18127893
14476147
64927053
33158772
214788442
19377400
19111507
35520594
122586910
90837985
132581307
18222647
14134608
14547107
17473289
244791392
62554155
21693
123963067
134853224
150770608
237819356
133778635
20612953
18660690
26739128
46340763
17439117
247779244
23188976
269218298
198597076
46138858
42740377
127465176
163009920
18391075
251240599
18107886
118769820
20116255
34278049
18587662
71664150
134761691
50832208
67436412
20352504
36568789
96640040
70477603
226659463
26713682
19291219
123778145
39323281
15749997
262261836
23172966
9324442
34674286
138077315
14639235
113734388
17343595
15726500
21513512
247498484
31179355
124073829
17069525
80779692
17475281
15117599
14869791
229729919
55391997
58268797
35846393
12522
94878320
14285046
67010977
14690254
13900042
181783656
249361812
269130040
16212167
15895108
72005983
123437271
19047089
16700601
28431983
18710031
39001459
16178737
22018221
22940727
105623556
15643370
119546373
1936361
45928398
14812510
5816442
25762392
15292471
18312678
11235032
134156687
59197928
18137387
136772862
14384696
44015183
141242868
32529831
26402434
110918004
47628348
109648337
18737023
15515538
111556341
19477159
111662569
106540670
61476055
18948706
15522756
66395780
36071096
7541642
6900852
26486510
100479447
23655155
51997163
89414621
87765465
43321377
266278152
112762523
11413172
16570335
133492415
16954719
14890621
17630773
90803319
16561292
17295666
135102077
35030769
15661468
17524007
130893745
252855619
73986605
116491722
34676616
121738047
96089519
14216821
19826509
14676022
177234194
44636789
43541405
19884721
15514372
6188152
17721569
270308750
47785927
19532857
133893663
9409732
196885303
9376622
1293051
651543
108045600
78543480
83938774
18370656
15300020
20025220
22091828
17194090
173534506
259505321
19618046
166235979
110812554
25887809
17981089
231085129
26719898
16411060
43911998
15367279
16970274
17936052
252371425
24164536
28991368
142169165
33362218
94831581
19789205
17577078
67321398
28447455
16428278
65152219
192007163
3840
220920045
174350413
66759379
15189849
27515718
67775956
259603718
79447979
261932674
111482299
15495117
14777850
14364397
18161157
165404712
12104222
28676469
9015512
17779287
242551935
259011240
30175166
164725958
15073882
14264410
18500852
189561195
33617885
15745139
6603672
201290345
22204032
14015762
188683808
14079017
17062597
144422669
33778988
19245279
254493514
156636089
18039861
26432499
21259003
15734531
25253084
54708000
194783022
8299792
252606479
28936770
27106703
177276579
186783403
112869554
22660345
77949533
35563232
15030787
167915369
260985403
154435961
15130462
14624025
119468133
37920064
16177296
14290383
191514152
100111917
9588882
9209942
85736993
18911295
14576426
182066809
23451393
29802611
27302814
799630
39645433
8039442
80589255
13362422
72615435
121558178
112558885
245094866
15924506
47380390
140979761
29724162
19477451
23530440
18282606
14275501
14549601
68991418
268690589
91273362
14749243
14150407
257186370
14943648
31175661
73749928
108083117
20590490
15680214
17486092
73347023
231580019
11069462
24816382
134743070
18189305
15943715
16527332
125090401
15023383
29355945
1957211
152088160
30780296
22023311
15749177
84043516
60304834
78315807
155311735
67771977
17734669
21764657
16278038
269082797
15410368
14313749
21867719
172771660
50613
22150874
15551294
14320910
240247368
42381705
100504915
244770433
59043610
228561093
51185550
18129159
216905062
21781176
30854420
34356968
17625824
14782952
214274567
41883924
213945499
162279176
16272356
14399289
29451005
16027532
97598142
246648550
238341121
23782518
160984282
11674822
103655819
63292317
773624
246029073
183271121
43364907
20329248
6588122
10284472
30665326
136461307
114012228
235737404
216838986
7853592
18691494
5661792
68807455
95137513
15368554
14398964
28140193
781493
134908261
34075958
5724622
18787132
26211291
227750413
14065548
34924998
137622383
14228300
145159487
255708730
14874721
27961877
25478329
85906552
17789501
197962366
11028352
20567743
17393362
262035041
203336407
34534533
15063931
112266869
242860285
56521633
14346361
36098673
217318313
19167202
259615130
18201948
5525212
86711072
17971455
7526892
14519349
16217220
20851240
247136805
43765408
14789042
19044237
24411254
14625146
111809956
15908105
14277846
14109075
28963641
240606964
33414867
989
1774081
42202168
37818134
12795662
82567107
106601959
15385968
14910806
232603412
213702367
96655484
755332
255234205
25911549
209482512
80481912
15110531
19996935
236368003
11567972
7674792
252759457
18017238
34507129
62985966
92927188
21812771
167492987
13785352
6419872
60578598
61510388
14258602
192124196
111729901
17125155
10546442
218193050
1129871
71801107
20397358
207205591
36913318
100440668
14563894
223488253
112749574
11299932
126362262
18655567
170061178
57026817
124854403
17449898
15070780
23148563
4278151
26765831
58438772
20731401
94579136
5708292
81020598
40099249
23041301
89552709
21658412
58617198
155394436
87615535
203495480
85008170
17727253
20632381
8906982
17477864
47110722
142761850
18930170
243522984
8647302
20007264
8112832
134149133
15409034
21345004
230589809
17926317
19650336
104893393
3714411
19886908
18997715
24889586
20376532
16148602
24930382
20212448
19927845
30933895
255180880
4583971
15400979
269105245
237114951
18000311
175344254
26118186
19658782
20698002
135011198
224741780
95912884
126364732
21230617
120652915
230314512
25694234
28441423
35796925
17746589
14401102
135298815
81189900
16248585
147026192
29813042
243691549
15583560
13418512
17273391
26255541
25276905
15431942
40721661
160313219
28562298
24224879
26657049
35281506
107093676
27732408
9244262
40532389
63156219
97289556
15842676
94757700
67924644
233221276
22256515
204609287
162898103
17226610
25079420
18533988
15488145
62301773
16234345
25799963
157767014
104289815
229178886
37896600
23126646
117700355
6131832
24551605
14320024
6288762
108622476
25781647
38670814
15626406
15138003
14471169
25490697
22141824
27386308
91117627
182172282
196590443
14236479
106963800
175477079
124742769
13690622
83602448
18300176
30018368
188841373
15936780
33080831
223848490
14393904
84488824
48892632
43746845
15479484
146416257
43249641
18247087
28859686
181800245
14659923
57863766
81655538
232230669
238299492
14554078
191358215
3750071
202257778
146943510
252760820
18252347
53962656
62972069
16970638
15632345
76784104
9639352
21566395
246061882
68592846
16911564
83865532
80043372
193585697
69136508
110750328
266908845
7867802
28031609
18492564
26470645
66691421
243321948
172886308
17206658
14270329
52162223
22866896
19153333
77750391
616173
41721520
15175391
19916228
98964742
11726442
23389965
113422725
206358757
17812000
28130246
69648081
145420038
253727842
40937566
20960765
18833982
192972145
218902597
54475659
116488585
98673557
153119220
219979539
87719258
16217727
225199394
55648693
26043616
9666782
14165957
56669858
66925975
18391507
42330308
114235871
14448173
20477352
163067164
85917069
14097725
5126871
270781759
17429334
23961550
162364970
11403042
62415418
53846756
103651694
24574222
20332142
120965844
68414446
205361935
181311417
24798988
16680654
147467640
50638723
65858107
76456492
14500374
20276964
52780400
700593
27257879
16191771
26835100
16956811
55274676
170143271
30386438
192895653
53444887
266568519
221265281
250928526
29125475
33098495
239286291
51531341
83735005
3395021
32266938
15511139
259288480
18029498
29827578
20550830
14517899
15221975
88435810
63073975
39616153
62926597
59427376
194591750
46668984
142415173
18175164
63646347
13012632
187015252
45034162
148055679
17212941
80796687
15578710
6911662
18832833
17058577
13728412
14789122
34118997
15008449
17357018
121239864
19794129
43785909
20201647
19137574
9615962
38194364
253414535
99740489
84497664
19632835
142513252
166207466
8340752
18214840
16348705
14120984
16156062
56805668
104055955
190969275
77042833
182357928
68475377
120309742
113979106
10356542
150435789
236508708
18204677
16352993
242454810
7599982
14115587
234104154
14957541
267882860
146906710
17608059
23992376
37549379
23593412
5606492
8539242
235629835
39986906
107621747
79873303
14179549
198599261
264400863
259653783
14993466
17024671
15374280
21266715
16535920
247057776
141379955
115377377
25661540
3171031
186024338
17446886
267517115
14475312
109339635
14553055
58563977
29632619
58988537
139535000
26089676
18497497
46787956
23844792
14894307
99324565
109504968
182562771
16506383
180481402
238468639
80741351
205936089
49723206
22380908
180275858
39047949
83966731
14380462
16530557
18295455
190229279
16997044
45484909
18216761
14889185
271160885
267579171
80979157
196853166
128144689
119480392
36702921
20842354
14378281
272566820
17402349
16105152
54295084
20733757
60849055
175413619
66993
30705248
118352178
75816353
266761504
20338713
111053385
18752726
86080280
91329057
18588568
61818955
169234290
220756966
5885772