0	2946
1	1039
2	747
3	613
4	500
5	413
6	375
7	339
8	280
9	255
10	260
11	214
12	203
13	211
14	172
15	138
16	160
17	160
18	118
19	115
20	119
21	121
22	104
23	99
24	101
25	93
26	89
27	88
28	100
29	90
30	65
31	69
32	72
33	81
34	58
35	73
36	61
37	54
38	54
39	62
40	57
41	47
42	65
43	53
44	48
45	44
46	40
47	40
48	40
49	41
50	33
51	51
52	44
53	43
54	38
55	40
56	33
57	38
58	29
59	48
60	32
61	32
62	35
63	28
64	34
65	32
66	33
67	27
68	22
69	36
70	23
71	33
72	32
73	31
74	29
75	23
76	26
77	21
78	17
79	36
80	22
81	20
82	26
83	20
84	20
85	25
86	18
87	17
88	17
89	15
90	15
91	19
92	22
93	19
94	20
95	24
96	20
97	14
98	24
99	24
100	20
101	19
102	20
103	15
104	17
105	16
106	10
107	9
108	19
109	11
110	20
111	12
112	13
113	16
114	13
115	10
116	9
117	12
118	11
119	13
120	8
121	7
122	12
123	9
124	9
125	11
126	10
127	17
128	11
129	8
130	6
131	13
132	6
133	7
134	6
135	10
136	6
137	10
138	11
139	11
140	11
141	6
142	7
143	12
144	9
145	10
146	11
147	8
148	8
149	7
150	7
151	7
152	12
153	7
154	9
155	7
156	11
157	9
158	9
159	9
160	6
161	6
162	9
163	6
164	9
165	10
166	10
167	7
168	7
169	10
170	11
171	7
172	10
173	5
174	3
175	4
176	2
177	8
178	7
179	8
180	8
181	4
182	8
183	4
184	7
185	5
186	8
187	7
188	4
189	5
190	7
191	3
192	1
193	5
194	7
195	6
196	4
197	11
198	4
199	5
200	3
201	5
202	8
203	8
204	11
205	3
206	9
207	1
208	5
209	7
210	9
211	5
212	1
213	7
214	3
215	3
216	6
217	6
218	8
219	5
220	3
221	5
222	3
223	7
224	3
225	4
226	7
227	7
228	6
229	1
230	6
231	3
232	7
233	5
234	5
235	2
236	6
237	6
238	6
239	7
240	4
241	3
242	8
243	4
245	2
246	4
247	5
248	4
249	4
250	6
251	4
252	3
253	3
254	4
255	4
256	5
257	1
258	5
259	1
260	4
261	1
262	4
263	4
264	3
265	5
266	3
267	3
268	1
269	6
270	1
271	7
272	4
273	4
274	2
275	2
276	4
277	6
278	2
279	3
280	4
281	5
282	5
283	5
284	4
285	4
286	1
287	6
288	4
289	2
290	3
291	2
292	1
293	2
294	1
295	4
297	2
298	2
299	4
300	5
301	2
302	2
303	1
304	1
305	4
306	2
307	4
308	4
309	2
310	3
311	4
313	2
314	2
315	1
316	1
317	3
318	1
319	1
320	1
321	3
322	2
323	3
324	3
325	4
326	5
327	1
328	5
329	2
330	4
331	2
332	2
333	4
334	4
335	2
336	1
338	7
339	3
340	3
341	3
343	1
344	5
345	2
346	3
347	2
348	4
349	1
350	2
351	3
352	1
353	2
354	4
355	4
356	5
357	3
358	1
359	4
360	1
361	1
363	4
364	1
365	1
366	2
367	3
368	2
369	1
370	1
371	2
372	2
373	2
374	5
376	2
377	1
378	2
381	3
382	3
383	3
384	2
385	3
386	4
387	2
388	4
392	2
393	2
394	4
396	2
397	2
398	1
399	1
400	1
402	2
403	1
405	2
406	2
407	2
408	1
409	3
411	4
412	2
413	4
414	1
415	1
416	2
417	3
419	1
420	2
425	1
426	2
428	1
429	2
430	1
431	2
432	5
433	3
434	4
436	1
437	2
438	2
440	1
441	1
443	1
444	1
445	1
448	2
449	3
450	2
451	2
453	2
454	1
455	1
456	2
457	2
459	2
461	1
462	1
463	2
464	2
465	2
466	1
467	1
468	1
469	1
470	2
471	4
473	3
474	1
475	1
476	1
477	2
478	1
481	1
482	2
483	1
484	1
485	1
486	2
488	1
489	1
492	2
493	2
494	1
495	1
496	1
499	1
501	1
506	1
507	1
509	2
510	1
511	2
513	2
514	1
515	1
516	3
518	1
519	1
520	1
522	2
523	2
525	1
530	2
533	1
535	1
536	1
537	1
539	1
540	2
543	3
544	1
545	1
546	1
547	2
551	1
552	2
553	1
554	1
555	1
557	1
558	1
560	1
561	1
566	1
567	1
568	4
569	2
571	2
572	1
573	2
574	1
575	4
576	1
577	1
579	1
583	1
584	2
585	3
587	3
588	2
590	1
591	3
592	1
594	1
595	3
599	1
600	1
601	2
602	2
603	1
605	1
607	2
608	2
609	1
610	3
611	1
614	3
616	1
618	1
619	1
621	1
623	1
625	1
628	1
629	1
635	1
637	1
639	1
642	2
644	1
645	1
646	1
649	1
650	2
651	2
652	2
653	1
654	1
657	3
658	1
660	3
662	1
663	3
664	1
665	2
669	2
670	1
677	1
681	1
682	1
689	3
692	1
695	1
697	1
699	1
700	2
702	2
703	2
704	1
705	1
706	1
707	1
712	1
714	1
715	1
725	1
729	1
732	1
733	1
735	1
736	1
738	1
739	2
742	1
744	3
745	2
747	1
749	1
750	1
752	1
754	1
756	1
757	2
760	2
761	1
762	1
764	1
765	1
769	1
775	1
776	1
778	1
784	1
785	1
789	1
794	1
796	1
798	1
800	1
801	1
803	1
805	1
808	1
809	2
814	2
816	1
817	1
822	1
823	1
824	2
826	1
827	1
828	1
831	1
832	1
835	1
838	1
841	1
842	1
849	1
850	1
855	2
856	2
861	3
863	1
867	1
873	1
874	1
876	1
878	1
881	1
885	2
887	1
894	1
898	1
899	1
902	1
904	1
905	1
915	1
918	1
920	1
923	1
926	2
927	1
931	1
937	1
938	1
941	1
945	1
947	1
948	2
949	1
950	1
951	1
953	1
956	3
958	1
961	1
962	1
967	1
969	1
974	1
977	1
978	1
982	1
986	1
987	1
988	1
994	1
995	1
996	1
997	1
1008	1
1011	1
1014	1
1017	1
1018	1
1019	1
1021	1
1022	1
1029	1
1030	2
1051	1
1053	1
1060	1
1064	1
1072	2
1079	1
1088	1
1090	1
1093	1
1094	2
1095	1
1102	3
1114	2
1125	1
1128	1
1131	1
1134	1
1137	1
1144	1
1147	2
1150	1
1155	1
1156	2
1161	1
1165	3
1166	1
1172	1
1179	1
1181	1
1185	1
1187	1
1188	2
1190	1
1192	1
1194	1
1195	2
1199	1
1201	1
1205	1
1217	1
1218	1
1222	1
1237	1
1238	1
1244	1
1245	1
1250	1
1251	1
1254	1
1257	1
1262	1
1264	1
1267	1
1269	1
1279	1
1281	1
1285	1
1287	1
1297	1
1302	1
1307	1
1323	1
1336	1
1338	1
1345	1
1359	1
1365	1
1367	1
1375	2
1385	2
1387	2
1391	1
1393	1
1398	1
1399	1
1409	1
1415	1
1420	1
1432	1
1435	1
1437	1
1441	1
1446	1
1450	1
1453	1
1466	1
1475	1
1477	1
1485	1
1486	1
1498	1
1509	1
1521	1
1522	1
1540	1
1542	1
1558	1
1565	1
1571	1
1593	1
1595	1
1599	1
1602	1
1607	1
1615	2
1624	1
1660	1
1690	1
1697	1
1723	1
1727	2
1746	1
1761	1
1773	1
1793	1
1797	1
1799	1
1801	1
1807	2
1810	1
1873	1
1874	1
1888	1
1901	1
1913	1
1935	1
1942	1
1970	1
1974	1
1976	1
2003	1
2015	1
2033	1
2062	1
2066	1
2067	1
2112	1
2120	2
2165	1
2230	1
2232	1
2238	1
2266	1
2291	1
2315	1
2328	1
2332	1
2356	1
2358	1
2365	1
2439	1
2494	1
2511	1
2590	1
2602	1
2614	1
2626	1
2734	1
2737	1
2756	1
2788	1
2847	1
2870	1
2971	1
2987	1
3018	1
3082	1
3124	1
3137	1
3181	1
3188	1
3211	1
3344	1
3411	1
3433	1
3485	1
3541	1
3563	1
3643	1
3645	1
3716	1
3729	1
3828	1
3840	1
3848	1
4003	1
4080	1
4145	1
4155	1
4180	1
4189	1
4300	1
4303	1
4471	1
4583	1
4585	1
4711	1
4825	1
4866	1
4906	1
5023	1
5180	1
5239	1
5388	1
5579	1
5611	1
5685	1
5686	1
6081	1
6578	1
6816	1
7073	1
7176	1
7960	1
8427	1
8643	1
8807	1
9636	1
9974	1
10017	1
11217	1
12067	1
13363	1
15645	1
