0 0
1 1
2 1
3 0
4 0
5 0
6 1
7 0
8 0
9 0
10 1
11 0
12 0
13 0
14 0
15 0
16 1
17 0
18 0
19 0
20 0
21 1
22 0
23 1
24 0
25 0
26 0
27 1
28 1
29 0
30 1
31 0
32 1
33 1
34 1
35 0
36 0
37 0
38 1
39 0
40 0
41 1
42 0
43 1
44 0
45 0
46 1
47 0
48 0
49 0
50 0
51 0
52 0
53 1
54 0
55 0
56 0
57 0
58 1
59 0
60 1
61 0
62 0
63 0
64 1
65 1
66 1
67 0
68 1
69 0
70 0
71 1
72 0
73 1
74 0
75 1
76 1
77 1
78 1
79 1
80 1
81 0
82 1
83 1
84 0
85 0
86 0
87 0
88 1
89 1
90 0
91 0
92 0
93 1
94 0
95 1
96 0
97 0
98 0
99 1
100 1
101 0
102 0
103 0
104 0
105 1
106 0
107 1
108 0
109 0
110 0
111 1
112 1
113 1
114 0
115 0
116 1
117 1
118 1
119 1
120 1
121 1
122 0
123 0
124 1
125 1
126 0
127 0
128 1
129 1
130 0
131 0
132 0
133 1
134 1
135 0
136 0
137 0
138 0
139 0
140 0
141 1
142 1
143 1
144 1
145 1
146 1
147 0
148 1
149 0
150 0
151 0
152 0
153 1
154 0
155 0
156 0
157 0
158 0
159 1
160 1
161 0
162 0
163 1
164 1
165 1
166 1
167 0
168 1
169 1
170 0
171 0
172 1
173 0
174 1
175 1
176 1
177 0
178 0
179 0
180 1
181 0
182 1
183 0
184 0
185 0
186 0
187 1
188 1
189 1
190 0
191 1
192 0
193 1
194 0
195 0
196 0
197 0
198 0
199 1
200 1
201 1
202 0
203 1
204 1
205 1
206 1
207 1
208 1
209 1
210 1
211 1
212 0
213 1
214 0
215 1
216 1
217 0
218 0
219 1
220 1
221 0
222 0
223 0
224 0
225 0
226 0
227 1
228 1
229 0
230 0
231 1
232 0
233 1
234 0
235 1
236 0
237 1
238 1
239 0
240 1
241 0
242 0
243 0
244 0
245 0
246 1
247 1
248 1
249 0
250 1
251 1
252 1
253 1
254 1
255 0
256 1
257 0
258 1
259 1
260 1
261 0
262 0
263 1
264 1
265 0
266 0
267 0
268 1
269 1
270 0
271 0
272 0
273 0
274 1
275 1
276 0
277 1
278 0
279 0
280 0
281 0
282 1
283 0
284 1
285 0
286 0
287 0
288 1
289 1
290 0
291 1
292 0
293 1
294 0
295 1
296 1
297 1
298 0
299 1
300 0
301 1
302 1
303 0
304 0
305 0
306 1
307 1
308 0
309 0
310 0
311 0
312 1
313 1
314 0
315 0
316 0
317 0
318 1
319 0
320 1
321 0
322 0
323 0
324 1
325 1
326 0
327 1
328 0
329 0
330 0
331 0
332 1
333 1
334 1
335 1
336 1
337 0
338 1
339 0
340 0
341 1
342 1
343 0
344 1
345 0
346 1
347 1
348 1
349 1
350 1
351 1
352 0
353 0
354 1
355 1
356 1
357 0
358 0
359 0
360 1
361 1
362 0
363 0
364 0
365 0
366 0
367 1
368 1
369 0
370 0
371 0
372 1
373 1
374 0
375 0
376 0
377 0
378 0
379 1
380 1
381 0
382 0
383 0
384 1
385 0
386 1
387 1
388 1
389 0
390 1
391 1
392 1
393 1
394 1
395 1
396 0
397 1
398 1
399 0
400 0
401 1
402 1
403 0
404 0
405 0
406 1
407 1
408 0
409 0
410 0
411 1
412 1
413 0
414 0
415 0
416 0
417 0
418 1
419 1
420 1
421 0
422 0
423 1
424 1
425 1
426 1
427 0
428 0
429 0
430 1
431 1
432 0
433 0
434 1
435 1
436 1
437 1
438 1
439 1
440 1
441 1
442 0
443 1
444 0
445 0
446 0
447 0
448 1
449 0
450 1
451 0
452 0
453 0
454 0
455 1
456 0
457 1
458 0
459 0
460 0
461 0
462 0
463 1
464 1
465 0
466 0
467 0
468 0
469 1
470 0
471 1
472 0
473 0
474 1
475 0
476 0
477 1
478 1
479 1
480 1
481 0
482 0
483 1
484 1
485 1
486 1
487 0
488 0
489 1
490 1
491 0
492 1
493 1
494 1
495 1
496 0
497 0
498 1
499 1
500 1
501 0
502 0
503 0
504 0
505 0
506 1
507 1
508 0
509 0
510 0
511 0
512 0
513 1
514 1
515 1
516 0
517 0
518 0
519 1
520 0
521 1
522 0
523 0
524 0
525 1
526 1
527 0
528 0
529 1
530 1
531 1
532 1
533 1
534 1
535 0
536 1
537 1
538 1
539 0
540 0
541 0
542 0
543 1
544 0
545 1
546 0
547 0
548 0
549 0
550 1
551 0
552 1
553 1
554 0
555 0
556 0
557 1
558 0
559 1
560 0
561 0
562 0
563 1
564 0
565 0
566 1
567 1
568 0
569 1
570 0
571 0
572 0
573 0
574 1
575 0
576 1
577 0
578 1
579 1
580 1
581 1
582 1
583 1
584 1
585 1
586 1
587 0
588 1
589 1
590 1
591 1
592 1
593 1
594 1
595 0
596 0
597 0
598 0
599 0
600 1
601 1
602 0
603 0
604 0
605 0
606 1
607 1
608 1
609 0
610 1
611 0
612 1
613 1
614 1
615 1
616 0
617 0
618 0
619 1
620 0
621 1
622 1
623 0
624 0
625 1
626 1
627 1
628 1
629 1
630 0
631 1
632 1
633 0
634 0
635 1
636 1
637 1
638 1
639 0
640 0
641 1
642 1
643 0
644 0
645 0
646 0
647 1
648 1
649 0
650 1
651 0
652 0
653 0
654 1
655 0
656 1
657 0
658 0
659 0
660 0
661 1
662 1
663 1
664 0
665 0
666 0
667 1
668 1
669 1
670 1
671 0
672 0
673 1
674 0
675 1
676 1
677 0
678 0
679 0
680 1
681 0
682 1
683 0
684 0
685 0
686 1
687 1
688 0
689 0
690 0
691 0
692 0
693 0
694 1
695 1
696 0
697 0
698 1
699 0
700 1
701 0
702 1
703 0
704 0
705 1
706 1
707 1
708 1
709 1
710 0
711 1
712 1
713 0
714 1
715 1
716 1
717 0
718 0
719 1
720 1
721 1
722 0
723 1
724 1
725 1
726 0
727 0
728 0
729 1
730 1
731 0
732 0
733 0
734 0
735 1
736 1
737 1
738 0
739 0
740 0
741 0
742 1
743 1
744 0
745 0
746 0
747 0
748 1
749 0
750 1
751 0
752 0
753 0
754 0
755 1
756 1
757 1
758 1
759 0
760 1
761 1
762 1
763 1
764 0
765 1
766 0
767 0
768 0
769 1
770 1
771 0
772 1
773 0
774 1
775 1
776 0
777 0
778 1
779 1
780 0
781 0
782 0
783 0
784 1
785 1
786 1
787 1
788 0
789 1
790 0
791 0
792 0
793 0
794 1
795 1
796 1
797 0
798 1
799 0
800 1
801 0
802 1
803 1
804 0
805 1
806 1
807 1
808 1
809 0
810 0
811 1
812 0
813 1
814 1
815 0
816 1
817 0
818 0
819 0
820 1
821 0
822 1
823 0
824 0
825 0
826 0
827 1
828 0
829 1
830 0
831 0
832 0
833 1
834 1
835 0
836 1
837 0
838 0
839 0
840 1
841 1
842 0
843 1
844 0
845 1
846 0
847 1
848 1
849 1
850 1
851 1
852 1
853 1
854 1
855 1
856 1
857 1
858 1
859 0
860 0
861 1
862 1
863 0
864 1
865 0
866 1
867 1
868 0
869 1
870 0
871 1
872 1
873 1
874 0
875 0
876 0
877 0
878 1
879 1
880 0
881 0
882 0
883 1
884 0
885 1
886 1
887 0
888 1
889 0
890 0
891 0
892 1
893 0
894 1
895 0
896 1
897 0
898 1
899 1
900 1
901 1
902 1
903 1
904 1
905 1
906 1
907 0
908 1
909 0
910 1
911 1
912 0
913 0
914 0
915 0
916 1
917 1
918 0
919 0
920 0
921 0
922 1
923 0
924 1
925 0
926 0
927 0
928 1
929 1
930 1
931 0
932 1
933 0
934 1
935 0
936 1
937 0
938 1
939 1
940 1
941 1
942 1
943 1
944 1
945 1
946 1
947 0
948 1
949 1
950 1
951 0
952 1
953 0
954 1
955 1
956 0
957 1
958 1
959 0
960 0
961 0
962 1
963 0
964 0
965 0
966 0
967 1
968 1
969 0
970 0
971 0
972 0
973 1
974 1
975 1
976 0
977 0
978 0
979 1
980 0
981 1
982 1
983 0
984 1
985 0
986 0
987 0
988 1
989 1
990 1
991 0
992 0
993 1
994 1
995 1
996 1
997 1
998 0
999 0
1000 1
1001 1
1002 0
1003 0
1004 1
1005 1
1006 1
1007 1
1008 0
1009 0
1010 0
1011 0
1012 0
1013 1
1014 1
1015 1
1016 0
1017 0
1018 0
1019 1
1020 1
1021 0
1022 1
1023 0
1024 0
1025 0
1026 1
1027 1
1028 0
1029 0
1030 1
1031 0
1032 1
1033 1
1034 1
1035 1
1036 0
1037 1
1038 1
1039 1
1040 1
1041 1
1042 0
1043 1
1044 1
1045 1
1046 1
1047 1
1048 0
1049 1
1050 1
1051 0
1052 0
1053 0
1054 1
1055 1
1056 0
1057 0
1058 0
1059 0
1060 0
1061 0
1062 1
1063 0
1064 1
1065 0
1066 0
1067 0
1068 0
1069 1
1070 1
1071 1
1072 1
1073 0
1074 0
1075 0
1076 1
1077 0
1078 1
1079 1
1080 1
1081 0
1082 0
1083 1
1084 1
1085 1
1086 1
1087 0
1088 1
1089 0
1090 1
1091 1
1092 1
1093 1
1094 0
1095 1
1096 0
1097 1
1098 1
1099 0
1100 0
1101 0
1102 1
1103 1
1104 0
1105 0
1106 0
1107 0
1108 1
1109 0
1110 1
1111 0
1112 0
1113 0
1114 0
1115 1
1116 1
1117 0
1118 1
1119 0
1120 0
1121 1
1122 1
1123 0
1124 1
1125 0
1126 0
1127 1
1128 0
1129 1
1130 1
1131 1
1132 1
1133 1
1134 1
1135 0
1136 1
1137 0
1138 1
1139 1
1140 1
1141 1
1142 1
1143 0
1144 1
1145 0
1146 1
1147 1
1148 1
1149 0
1150 0
1151 0
1152 1
1153 1
1154 0
1155 0
1156 0
1157 1
1158 0
1159 1
1160 0
1161 0
1162 0
1163 0
1164 0
1165 1
1166 1
1167 1
1168 0
1169 1
1170 0
1171 0
1172 0
1173 0
1174 1
1175 1
1176 0
1177 1
1178 0
1179 0
1180 1
1181 0
1182 1
1183 0
1184 1
1185 0
1186 1
1187 1
1188 0
1189 1
1190 1
1191 1
1192 0
1193 0
1194 1
1195 1
1196 1
1197 1
1198 1
1199 1
