0 0
1 1
2 0
3 0
4 0
5 0
6 0
7 1
8 0
9 1
10 0
11 1
12 1
13 0
14 0
15 1
16 0
17 0
18 1
19 1
20 0
21 0
22 1
23 1
24 0
25 0
26 0
27 1
28 1
29 1
30 0
31 0
32 1
33 0
34 0
35 0
36 0
37 0
38 1
39 0
40 0
41 0
42 0
43 0
44 0
45 1
46 1
47 1
48 0
49 1
50 1
51 0
52 0
53 0
54 1
55 1
56 0
57 1
58 0
59 1
60 0
61 0
62 0
63 1
64 1
65 0
66 1
67 1
68 1
69 1
70 1
71 0
72 0
73 1
74 1
75 1
76 0
77 1
78 0
79 0
80 0
81 0
82 1
83 0
84 0
85 0
86 0
87 0
88 0
89 1
90 0
91 0
92 0
93 1
94 0
95 1
96 0
97 1
98 0
99 1
100 0
101 1
102 1
103 1
104 0
105 0
106 0
107 1
108 1
109 1
110 1
111 1
112 0
113 1
114 1
115 0
116 0
117 1
118 0
119 1
120 0
121 1
122 1
123 0
124 0
125 1
126 1
127 1
128 0
129 0
130 0
131 0
132 0
133 1
134 0
135 0
136 0
137 0
138 1
139 0
140 0
141 1
142 1
143 0
144 1
145 1
146 1
147 1
148 1
149 0
150 0
151 1
152 1
153 1
154 1
155 1
156 0
157 1
158 1
159 1
160 0
161 0
162 0
163 0
164 0
165 0
166 1
167 0
168 0
169 0
170 0
171 0
172 1
173 0
174 0
175 1
176 0
177 1
178 1
179 0
180 1
181 0
182 0
183 1
184 0
185 1
186 0
187 1
188 1
189 0
190 1
191 0
192 1
193 1
194 1
195 0
196 1
197 0
198 1
199 1
200 1
201 1
202 0
203 0
204 0
205 1
206 0
207 0
208 0
209 0
210 0
211 0
212 1
213 0
214 1
215 0
216 0
217 0
218 1
219 0
220 1
221 1
222 0
223 0
224 0
225 0
226 0
227 1
228 0
229 0
230 1
231 1
232 1
233 0
234 1
235 1
236 1
237 0
238 1
239 1
240 1
241 1
242 0
243 1
244 1
245 0
246 0
247 1
248 1
249 0
250 1
251 1
252 0
253 0
254 1
255 1
256 0
257 1
258 0
259 1
260 0
261 0
262 0
263 0
264 0
265 0
266 1
267 0
268 1
269 0
270 1
271 0
272 1
273 0
274 0
275 1
276 0
277 0
278 0
279 1
280 1
281 0
282 1
283 0
284 1
285 1
286 1
287 1
288 0
289 1
290 1
291 0
292 1
293 1
294 0
295 0
296 1
297 1
298 0
299 0
300 0
301 0
302 1
303 0
304 1
305 0
306 0
307 0
308 0
309 0
310 0
311 0
312 1
313 0
314 0
315 0
316 0
317 0
318 0
319 0
320 1
321 0
322 0
323 1
324 0
325 0
326 0
327 1
328 1
329 0
330 0
331 1
332 1
333 1
334 1
335 1
336 1
337 0
338 1
339 1
340 1
341 1
342 1
343 0
344 1
345 0
346 1
347 1
348 0
349 0
350 0
351 0
352 1
353 1
354 0
355 0
356 1
357 0
358 0
359 1
360 0
361 0
362 1
363 0
364 0
365 1
366 1
367 1
368 0
369 0
370 0
371 1
372 1
373 1
374 1
375 1
376 1
377 1
378 1
379 1
380 1
381 0
382 1
383 1
384 1
385 1
386 0
387 1
388 1
389 0
390 1
391 0
392 0
393 1
394 0
395 0
396 0
397 0
398 1
399 1
400 0
401 0
402 1
403 0
404 0
405 0
406 1
407 1
408 1
409 0
410 0
411 0
412 0
413 1
414 0
415 0
416 1
417 1
418 1
419 1
420 1
421 1
422 0
423 1
424 1
425 0
426 1
427 1
428 0
429 0
430 1
431 1
432 1
433 0
434 1
435 0
436 1
437 0
438 0
439 0
440 1
441 0
442 0
443 0
444 1
445 1
446 0
447 0
448 0
449 1
450 0
451 0
452 1
453 0
454 1
455 1
456 0
457 1
458 1
459 1
460 0
461 1
462 0
463 0
464 0
465 0
466 0
467 0
468 1
469 1
470 0
471 1
472 0
473 1
474 0
475 1
476 1
477 1
478 0
479 1
480 1
481 1
482 0
483 1
484 0
485 1
486 0
487 1
488 1
489 0
490 0
491 1
492 1
493 0
494 0
495 1
496 0
497 0
498 0
499 0
500 0
501 1
502 1
503 1
504 0
505 0
506 1
507 0
508 0
509 0
510 1
511 1
512 0
513 0
514 1
515 1
516 1
517 0
518 1
519 0
520 1
521 0
522 1
523 1
524 1
525 1
526 1
527 1
528 0
529 1
530 1
531 0
532 1
533 0
534 1
535 0
536 0
537 0
538 0
539 0
540 0
541 1
542 0
543 0
544 0
545 0
546 1
547 0
548 1
549 0
550 1
551 0
552 1
553 1
554 1
555 1
556 1
557 0
558 1
559 1
560 0
561 0
562 1
563 1
564 1
565 1
566 0
567 1
568 0
569 0
570 0
571 0
572 1
573 1
574 1
575 0
576 1
577 1
578 0
579 0
580 0
581 1
582 0
583 0
584 0
585 0
586 0
587 0
588 1
589 0
590 1
591 0
592 0
593 0
594 0
595 0
596 0
597 1
598 0
599 1
600 0
601 0
602 1
603 0
604 1
605 0
606 0
607 1
608 1
609 1
610 0
611 1
612 1
613 1
614 0
615 1
616 1
617 1
618 1
619 1
620 0
621 0
622 1
623 1
624 1
625 1
626 0
627 0
628 0
629 0
630 1
631 0
632 0
633 0
634 0
635 1
636 0
637 1
638 0
639 0
640 1
641 0
642 1
643 1
644 0
645 1
646 1
647 0
648 1
649 1
650 1
651 0
652 1
653 0
654 1
655 0
656 1
657 1
658 1
659 1
660 1
661 0
662 1
663 0
664 1
665 1
666 1
667 1
668 1
669 0
670 0
671 1
672 1
673 0
674 0
675 0
676 1
677 0
678 1
679 0
680 0
681 0
682 0
683 0
684 0
685 1
686 0
687 1
688 0
689 0
690 0
691 1
692 0
693 1
694 0
695 0
696 1
697 0
698 0
699 1
700 1
701 1
702 0
703 0
704 1
705 1
706 1
707 1
708 1
709 1
710 1
711 0
712 1
713 1
714 1
715 0
716 0
717 1
718 1
719 0
720 0
721 0
722 0
723 1
724 0
725 0
726 1
727 0
728 0
729 1
730 1
731 1
732 1
733 1
734 1
735 1
736 1
737 0
738 0
739 0
740 0
741 0
742 1
743 1
744 0
745 1
746 1
747 1
748 1
749 1
750 0
751 1
752 1
753 1
754 0
755 1
756 1
757 0
758 1
759 0
760 1
761 0
762 1
763 0
764 0
765 0
766 0
767 0
768 0
769 1
770 1
771 1
772 0
773 0
774 0
775 0
776 0
777 1
778 0
779 0
780 0
781 1
782 1
783 1
784 0
785 0
786 0
787 0
788 1
789 1
790 0
791 1
792 1
793 1
794 1
795 1
796 0
797 1
798 1
799 1
800 0
801 1
802 1
803 1
804 1
805 1
806 0
807 0
808 0
809 0
810 0
811 1
812 0
813 0
814 0
815 0
816 0
817 1
818 0
819 0
820 1
821 1
822 0
823 1
824 1
825 1
826 1
827 1
828 1
829 0
830 1
831 1
832 0
833 1
834 1
835 1
836 1
837 1
838 1
839 0
840 1
841 0
842 1
843 1
844 0
845 0
846 1
847 1
848 0
849 0
850 0
851 1
852 0
853 1
854 0
855 1
856 0
857 0
858 1
859 0
860 1
861 1
862 1
863 0
864 1
865 0
866 0
867 1
868 1
869 1
870 0
871 0
872 0
873 1
874 0
875 0
876 1
877 1
878 0
879 1
880 1
881 0
882 1
883 0
884 1
885 1
886 1
887 1
888 1
889 1
890 1
891 1
892 1
893 1
894 1
895 1
896 0
897 0
898 0
899 0
900 0
901 0
902 1
903 0
904 0
905 0
906 0
907 0
908 0
909 1
910 0
911 1
912 1
913 0
914 1
915 1
916 1
917 1
918 1
919 1
920 0
921 0
922 1
923 1
924 0
925 1
926 1
927 1
928 1
929 1
930 1
931 1
932 1
933 0
934 0
935 1
936 0
937 1
938 0
939 0
940 1
941 1
942 1
943 1
944 1
945 1
946 0
947 1
948 0
949 1
950 0
951 0
952 0
953 0
954 0
955 0
956 1
957 1
958 0
959 0
960 0
961 0
962 1
963 0
964 0
965 1
966 0
967 0
968 0
969 1
970 0
971 0
972 0
973 1
974 1
975 1
976 0
977 1
978 0
979 0
980 1
981 0
982 1
983 1
984 1
985 1
986 1
987 0
988 1
989 0
990 1
991 1
992 0
993 1
994 0
995 0
996 0
997 0
998 0
999 1
1000 0
1001 0
1002 0
1003 0
1004 0
1005 1
1006 0
1007 1
1008 0
1009 1
1010 1
1011 1
1012 1
1013 0
1014 1
1015 1
1016 0
1017 1
1018 0
1019 1
1020 1
1021 1
1022 0
1023 1
1024 1
1025 1
1026 1
1027 0
1028 1
1029 0
1030 1
1031 1
1032 1
1033 0
1034 1
1035 1
1036 0
1037 0
1038 1
1039 0
1040 0
1041 1
1042 0
1043 0
1044 0
1045 1
1046 0
1047 0
1048 0
1049 0
1050 0
1051 0
1052 1
1053 1
1054 0
1055 0
1056 0
1057 0
1058 0
1059 1
1060 1
1061 0
1062 0
1063 0
1064 1
1065 0
1066 0
1067 0
1068 1
1069 1
1070 1
1071 0
1072 1
1073 1
1074 1
1075 1
1076 1
1077 0
1078 1
1079 1
1080 1
1081 1
1082 0
1083 1
1084 1
1085 1
1086 0
1087 1
1088 0
1089 0
1090 1
1091 0
1092 0
1093 1
1094 0
1095 0
1096 0
1097 0
1098 1
1099 0
1100 1
1101 0
1102 0
1103 1
1104 0
1105 1
1106 1
1107 1
1108 1
1109 0
1110 1
1111 0
1112 0
1113 0
1114 1
1115 1
1116 0
1117 1
1118 1
1119 1
1120 1
1121 1
1122 1
1123 1
1124 1
1125 0
1126 1
1127 1
1128 1
1129 1
1130 1
1131 0
1132 1
1133 1
1134 0
1135 0
1136 1
1137 1
1138 0
1139 1
1140 0
1141 1
1142 0
1143 0
1144 0
1145 0
1146 0
1147 0
1148 0
1149 1
1150 1
1151 0
1152 0
1153 0
1154 0
1155 0
1156 1
1157 1
1158 0
1159 0
1160 0
1161 0
1162 1
1163 0
1164 1
1165 0
1166 1
1167 0
1168 1
1169 1
1170 1
1171 0
1172 1
1173 0
1174 1
1175 1
1176 1
1177 1
1178 0
1179 1
1180 1
1181 1
1182 1
1183 1
1184 1
1185 1
1186 1
1187 0
1188 1
1189 0
1190 0
1191 0
1192 0
1193 0
1194 1
1195 0
1196 0
1197 1
1198 0
1199 0
