vertex: modules
0: 0 1 2 3 4 5
1: 0 640 898 2453 2127 2451 2452 1758 2454 2169 794 990 1055
2: 1 2148 295 2536 2537 2538 335 2003 2200 2459
3: 1920 2 899 2695 1320 427 2733 2734 2703 1424 2211 2735 1109 2457 2719 2716 893 2453
4: 2656 2752 34 3 1201 555 428 1937 2659 2393 2753
5: 1858 1451 4 2118 2756 299 429 2004 175 304 49 2059 564 757 729 900 2735 1212 1822 2453
6: 1153 1923 4 1424 1859 2457 2735 1699 292 2729 2732 175 437 188 1091 2250 1104 2259 2004 1110 2780 2781 1386 757 2166
7: 4 1807 1424 532 2453 1818 2735 293 175 562 1971 437 943 2004 2008 1245 1891 2404 2792 2793 2158 757 1788
8: 4 1671 2453 2457 671 2468 293 427 300 2735 304 49 2625 1859 843 1740 465 2259 1109 2008 730 1245 2271 2790 1899 723 2676 757 251
9: 1923 4 275 532 2453 2457 900 2735 558 175 304 49 437 2234 2369 2125 2642 2259 1109 2008 2143 1505 2793 1772 2285 1776 757 890
10: 576 2192 5 135 1896 489 1195 846 2799 1584 664 1791 2709 630 408 379 189 805
11: 8 9 6 7
12: 1345 6 2480 2513 2514 2515 2260 2296 2356 669 2015
13: 2563 2564 2565 1287 1767 526 2424 7 2335
14: 512 2563 2052 1701 902 7 2632 2570 1296 471 1470
15: 2401 229 7 2349 2704 2705 2706 1525 1238 1435 60 2398
16: 1767 1482 7 653 2194 243 2709 2710 1786 2686 1247
17: 1857 1963 1765 1287 648 7 2732 2609 2489 409 2238
18: 2243 38 7 2767 2705 2644 565 1814 315 958 2431
19: 256 2080 2150 1542 7 1352 1739 2765 2542 2584 2770 1491 856 2174
20: 2679 2520 1735 8 2697 1035 1202 878 232 370 1815 376 2618 2781 926
21: 2753 2805 387 2406 9 1068 1360 2739 1301 758 745 2712 1147 701 1909
22: 10 11 12
23: 10 213 214 215
24: 10 285 286 287
25: 464 465 10 463
26: 10 1044 1045 1046 1047
27: 929 10 1051 1052 1053
28: 1064 1065 10 1066 1063
29: 1352 10 1351
30: 1353 10 611 1355 1354
31: 35 11 1388 1389 1387
32: 1575 679 12 14 1527 2140 1661
33: 16 13 14 15
34: 313 314 315 13
35: 584 734 14 735
36: 1514 1515 1516 14
37: 1798 1799 1800 1801 14 954
38: 14 1881 1882 1883 1884 1885
39: 643 1102 1906 14 1723 924 191
40: 1934 1935 1936 1937 1938 14
41: 1344 2113 2212 1576 15 2458 2459 2460
42: 1376 2753 1571 2379 2630 587 2637 16 2801 1715 1269 506 2651 2268 2800 1813
43: 17 18 19
44: 136 17 138 137
45: 472 17 473 470 471
46: 480 17 479 478 321
47: 18 523 524 525 526
48: 17 541 542 543
49: 17 588 589 153
50: 864 17 861 862 863
51: 17 1067 1068 1069 313
52: 1692 18 1659 1691 525
53: 2597 2743 1103 2130 19 2707 247 2744 2745 1787 894
54: 20 21 22
55: 892 20 893 894 895
56: 954 955 20 806
57: 1471 1219 21 1470 1469
58: 1704 1705 20
59: 501 20 1205 1782 1783 893 1781
60: 1824 942 1748 21 1469 1823
61: 1675 2034 2035 2036 2037 20
62: 1611 2098 686 1778 2099 20 23
63: 1730 163 2281 2282 2283 2284 2285 20
64: 2328 50 1620 1726 22 1368 2329 2014
65: 24 25 2601 23
66: 2276 2600 2601 2602 460 1518 2596 916 2425 2428 2462
67: 2178 1227 811 1135 1841 2627 2483 2132 311 24 2653 2654 383
68: 2564 2662 777 1455 2672 2677 1462 2601 1720 1434 2075 2522
69: 2601 618 939 1518 2223 2410 2030 951 2679 1949 1534 1919
70: 1568 2688 2690 2691 2601 2689 265 215 2638 777 2360
71: 1414 456 2697 2263 749 788 281 440 25 2236 185
72: 265 407 1518 2607 1395 2670 2601 1400 2714 2715 2716 2717 2718
73: 1995 1094 777 939 2413 1518 2755 1300 2601 2708 1371 957 2750 1695
74: 2337 2692 2248 265 492 2765 1518 2653 1648 1358 2742 2601 2072 2746 2557
75: 1095 26 27 28 29 30
76: 577 578 579 580 581 26
77: 615 968 969 970 2328 27
78: 1040 1095 1096 1097 879 240 28
79: 1888 578 1251 2086 1095 1886 1887
80: 1637 2022 2023 2697 1964 1116 29
81: 2084 2085 2086 1095 2088 2089 2087 881 1086
82: 1317 1894 1095 810 2475 1420 241 2231 2086 2474 2110 881
83: 2561 578 2499 2086 1095 2408 2121 2562 881 2323 2267 2333 126 1951
84: 1601 578 2435 2086 903 2664 2665 2666 1095 2252 1805 241 881
85: 64 576 773 2368 1195 2797 2798 2799 912 113 1683 2709 1430 664 1562 189 30 2405
86: 32 33 34 31
87: 312 311 310 31
88: 32 1777 324 325
89: 2753 34 2051 2444 2445 1616 2387 1588 506 2591
90: 33 2210 1473 2601 47 2448 2129 1976 2447
91: 2753 34 521 2509 2510 2511 2512 2100 1718 2012
92: 2752 2753 34 1515 2775 2217 1355 1550 1329 2755 2249 2585 506
93: 2753 34 2107 1285 1393 2674 2755 2771 2787 537 859 798 2367
94: 2016 2753 34 2022 2762 2187 2797 2801 2164 2805 2713 1401 506 2044 1790 2463
95: 2656 2753 34 2784 2308 581 199 2535 1428 1557 1431 792 570 1403 506 2622 2783
96: 35 36 37 38
97: 386 35 387 230
98: 35 1037 1038 1039
99: 1320 1321 35 1318 1319
100: 1376 35 1372 1373 1374 1375
101: 35 1348 1737 1738 1739 1740
102: 450 35 2054 2028 2070 2071 2072
103: 1600 2467 36 2697 2495 2494 1119 1980 926 1759
104: 37 1702 999 2665 586 2604 1133 2799 592 113 2709 1880 763 2620 189 773
105: 40 41 2328 39
106: 1856 1857 1858 1859 1156 39 1852 1756 1853 1854 1855
107: 897 2083 2215 2280 50 694 2328 2106 62
108: 2338 2339 166 40 1128 1556 1336
109: 704 873 1034 2546 690 2547 2548 2549 2328 2474
110: 2518 423 2281 2631 2614 1846 2328 2009 1019
111: 2658 2659 2660 2661 2633 50 2643 405 694 2328 351
112: 2721 2725 1734 1165 2191 1904 50 1236 2328 2681 2714 2575 62
113: 1604 1350 967 1994 2383 50 2739 694 2328 1977 2587 1500
114: 259 2212 41 2224 1169 1427 1332 1946 1244 2654 2687
115: 42 43 44 45 682
116: 42 2086 519
117: 681 682 683 684 685
118: 1218 682 43 1402 1403 1404
119: 682 43 1645 1646 1647 1648 79
120: 43 1686 1687 1688 1689 1690
121: 1894 1895 1896 43 1686 1017
122: 2016 1252 682 43 2001 148 2014 2015
123: 1377 43 2038 2039 2040 1881 1085
124: 2753 44 1357 2159 2576 534 1751 506 2591
125: 1602 2628 2247 1513 45 949 2680 2685 2686 2687
126: 48 49 46 47
127: 1004 203 1003 46 103
128: 129 1859 2377 234 2091 2735 49 2002 1923 2772 1973 2521 2522 251 2523
129: 2692 678 904 174 783 48 850 2515 2040 477 254
130: 1923 900 134 1424 1297 2580 2453 2457 2735 175 2736 49 1330 437 2624 1474 2629 1101 2004 2008 730 483 757 2559
131: 1536 1923 1807 1424 1046 2457 1690 293 2735 304 49 1971 2744 1859 2768 2259 2772 2008 730 1245 108 251
132: 1923 900 1930 1424 529 2453 2457 2735 1822 293 2094 175 304 49 2698 2773 2004 1109 2008 1245 1122 2661 1510 2791 757 761 251 509 2175
133: 50 51 52 53
134: 2379 680 2377 2378 1259 237 51 1820
135: 1762 2438 2439 2440 2441 1226 1067 50 2328 2442 62
136: 737 2563 1863 1641 2631 50 694 1175 2328 1627 1407
137: 1411 1988 1159 2696 1993 2539 2695 461 2451 52
138: 2245 2445 2702 2096 657 1459 2707 53 2264 2708 2685
139: 56 57 54 55
140: 67 68 69 54
141: 206 205 54 207
142: 1032 1033 1030 54 1031
143: 1092 996 1093 54 1094
144: 362 1207 1205 54 1206
145: 544 137 1217 2459 55
146: 1452 1098 1123 1419 54
147: 1499 1496 56 1497 1498 635 1500 1501
148: 1601 1602 566 441 57 573
149: 1665 131 1446 1672 1673 54
150: 2696 58 59 60
151: 1634 1635 1636 394 58 190
152: 2178 2179 1387 2034 2163 59
153: 2464 1168 1636 357 712 2696 2742 528 2440 1651 246 2071 2020
154: 2528 2779 2780 198 2791 2696 2089 1066 2802 655 1968 1105 2738 789 1146 1851 1948
155: 357 2246 305 2696 1579 1677 2385 913 114 1684 502 2617 2233 2299 2045 415
156: 2177 802 2788 357 198 1105 2696 1223 913 2805 789 2806 2273 2779 860 2330 2495
157: 2779 357 198 1105 1736 2696 2763 876 2669 2798 913 596 789 2167 1272 2171 2558 2741
158: 2538 357 2696 2793 138 2775 1036 2222 1105 2228 1237 1463 2745 1404 1277 1829
159: 64 61 62 63
160: 1674 1675 1676 1677 1298 2328 62
161: 2048 2049 2050 62 567 2328 2046 2047
162: 1538 2279 2696 1117 1809 2203 61 703
163: 2376 1452 2328 2482 1493 694 2104 2558 2556 2557 62
164: 2627 1860 2280 2153 431 2616 2419 694 2328 2140 62
165: 2336 2594 963 2660 2757 329 2033 2683 917 2756 2303 1341 63
166: 65 66 35
167: 928 851 35 927
168: 1218 35 1220 1221 1219
169: 1368 1321 498 35 1367
170: 65 1643 525 1976 1977 1631
171: 66 2154 2155 2178 494 1135 1552 1877
172: 2178 2179 262 2728 66 2351 722 884 2389 2711 2484 2426 383
173: 156 157 54 158
174: 952 953 950 54 951
175: 1819 67 1820 1821 1822
176: 2592 2593 2594 963 68 1610 2595 468 2756 2556
177: 2209 69 2278 519 2442 2327 462 976 1843 1910 1558 1047 2105 2490 2687
178: 72 73 70 71
179: 278 276 277 70
180: 2328 834 835 71
181: 878 341 70 877
182: 888 889 890 453 70
183: 1443 1444 333 70 1191
184: 1558 1556 1413 70 1557
185: 70 1784 1785 1786 1787 1788
186: 70 1897 143 1978 1979 1980 1981
187: 545 482 72 1058 725 2007 2008 601 955
188: 1507 1992 73 2317 1646 178 1603 201 2345
189: 74 75 76 77
190: 74 611 612
191: 74 716 717 718 719
192: 417 74 795 794 793
193: 2753 75 1580 941 1581
194: 74 1590 1591 1592 1593 795
195: 1665 1666 1667 1668 840 74
196: 1732 1733 1734 1735 1736 74
197: 74 1615 1649 1748 1749 1750
198: 1664 2374 390 616 76 1612 1363 314 2555 2204 2554
199: 2594 963 2195 2789 2258 329 2347 77 946 1475 468 2788 1817 1753 2394
200: 80 2086 78 79
201: 2753 2659 1611 1612 78
202: 2086 200 1353 241 126 2102 2103 1214
203: 2086 881 2312 2313 2314 2315 588 241 1940 667 124
204: 578 2469 2086 2471 2472 1289 2470
205: 1856 1195 2799 80 2484 2485 2486 476 1599
206: 81 74 83 82
207: 74 892 918 270 919
208: 936 74 933 934 935
209: 1440 1441 1442 2697 81 649
210: 1956 1957 1551 82 147 1172 759 1497 637
211: 83 1635 326 2288 2387 2388 2389 120
212: 84 85 86 87
213: 321 322 323 84
214: 484 84 485 486
215: 544 545 85 1469
216: 844 354 84 845 846
217: 944 84 941 942 943
218: 976 84 973 974 975
219: 977 978 979 84 980
220: 1072 211 84 1070 1071
221: 1878 556 2261 2262 2263 2264 2265 86
222: 2594 2758 2762 2185 2761 2411 468 1365 87 828 1981 2293
223: 88 89 90 91
224: 88 2086 676 677 678
225: 1304 89 1306 2601 1305
226: 1472 1473 90 1475 1474
227: 90 1791 1474 1790 1789
228: 1152 1904 1905 754 182 90
229: 1405 1911 1912 1913 90 1914
230: 2144 2145 2146 1138 1939 2073 90
231: 2340 2341 2342 2343 2344 90 1051 2172
232: 1733 1042 2426 2423 2424 2425 90 605 158
233: 2433 214 2697 2236 370 1078 2473 91 2300 2373
234: 96 97 92 93 94 95
235: 1957 92 603 764 765 766
236: 1187 1288 1289 1290 1291 1292 1170 93
237: 1957 252 1706 1844 1845 1846 823 636 94
238: 2049 2507 1957 1608 1131 2381 656 1172 1497 1049 636 94
239: 1957 2582 1782 2583 2584 2585 1279 636 94 1157
240: 1313 2178 1828 2348 718 144 2614 311 2655 95 318 383
241: 96 1952 1635 228 2469 1738 2603 2703 883 1689 569 1211 540 2301
242: 2018 1957 2508 2282 2007 780 1172 94 791 2712 1497 2298 1694 2711
243: 97 290 2724 2503 1639 7 2658 2449 2035 1396 1437
244: 352 1185 1957 2439 2700 2314 2647 1292 1229 1520 1172 1397 1438 1497 889 94 255
245: 98 99 100 101
246: 98 1395 1396 1394 1263
247: 1697 99 1162 2316 1549 2707 2325 2326 2327
248: 100 741 2375 2090 2508 2459 2493 511
249: 2592 1826 835 1573 1391 645 2275 2553 2111 2799 101
250: 99 1700 554 2316 2609 2610 563 2707 2611 1658 2079
251: 99 2055 617 1959 657 2707 2646 2647 2488 2521
252: 2352 515 1509 2721 2155 591 2160 2673 99 2707 2583 1176
253: 385 99 2693 1255 392 2540 1038 2641 657 2707 2548 2741 2198 2740
254: 2720 994 99 1093 2445 911 563 2707 2583 1340 1605
255: 99 2021 1862 2504 874 2316 269 657 2707 2454 2327 312 505 1182 2565
256: 104 105 102 103
257: 481 482 483 103
258: 496 497 495 103
259: 803 804 805 103
260: 102 682 43 916 917 724
261: 1200 1201 1202 103
262: 1282 1283 1284 1285 103
263: 104 1360 1820 1822
264: 1568 1569 1570 1571 103 1567
265: 705 2594 963 1861 391 1928 105 2675 2664 2577 2595 2676 329
266: 106 107 108 109
267: 560 561 106 562
268: 969 106 1563 1564 1565 1566
269: 1380 106 1590 1594 1595 1596
270: 455 107 1777 1778 1779 1780
271: 1795 1796 1797 774 106 910
272: 1667 106 2380 2381 2382 2383 1907 2199
273: 1698 106 2413 2414 2099 1339 2269
274: 864 2465 2466 106 1644 2322 1305 2458 319
275: 1088 645 1943 284 773 2723 1195 1996 1069 576 1097 586 332 1747 1885 2655 2274 109 2799 113 2806 1020
276: 112 113 114 110 111
277: 1447 1820 1445 110 1446
278: 106 1399 1546 1030 111
279: 1761 1762 1763 1764 1765 2799 112
280: 932 773 775 586 1195 2253 2733 2384 113 2705 1081 2799 2492 1181 2437
281: 576 2134 2097 424 2441 586 1195 2188 1213 1555 113 952 2804 2069 630 664 2777 1775 2076 189 2799
282: 576 353 1154 779 773 2663 2792 1516 746 363 332 2626 2799 113 244 630 1495 2796 2769 1692 189
283: 115 116 117 118
284: 408 115 406 407
285: 688 689 115 686 687
286: 1008 115 1005 1006 1007
287: 1420 322 115 1419 231
288: 1448 1449 1450 1451 367 115
289: 1092 1618 115 1620 1080 1619
290: 418 1737 1741 1486 115 1464
291: 1507 517 1931 1932 1933 178 116
292: 2304 1633 1186 2209 2760 2634 972 1810 462 1554 117 2687 2782 2399
293: 2784 1281 1859 2790 2785 2453 427 1614 175 1424 2545 2179 1109 118 2008 2457 2735 1245 757
294: 120 121 2601 119
295: 1792 1793 1794 2601 777 684 1518 1193
296: 2272 1345 514 2273 744 2274 2515 119 639
297: 2272 2496 2500 1544 777 1164 1518 1328 2510 2601 2396 543
298: 2178 2710 2470 2764 1578 311 940 1135 2186 535 121 187 797 2430 383
299: 122 123 124 125 126 127
300: 739 2086 759 760 761 126
301: 879 880 881 882 883 884 122
302: 2086 1095 984 985 986 124
303: 578 2181 2086 1095 1512 1672 2183 177 2182 126
304: 2290 2291 2292 2293 2294 536 123
305: 1635 228 1286 2407 2603 1006 1425 569 826 125 575
306: 2601 935 265 2602 1458 1518 1007 338 777 2587 2270 127
307: 128 129 1285 103
308: 128 441 442 443
309: 672 673 674 675 103
310: 1152 1153 1154 751 103
311: 132 130 115 131
312: 90 203 204 130
313: 352 353 115 351
314: 800 905 906 115 907
315: 928 2657 164 2790 2697 202 2283 1202 2737 370 1204 2782 185 132 2621 1150
316: 314 133 134 135
317: 2024 2025 2026 2027 1270 314
318: 2147 233 334 824 314 862
319: 314 2235 2236 2237 2238 2239
320: 133 970 1870 2384 2385 1522 1820 1310
321: 2529 2530 2531 491 2357 314 1467 2461
322: 451 2596 2597 2310 327 2476 974 2066 314
323: 1668 2277 2342 2476 1839 2615 2372 314 549
324: 136 144 142 143
325: 17 18 582 583
326: 840 17 842 843 841
327: 1177 17 1178 1179 361
328: 139 140 141 525
329: 671 668 525 670 669
330: 1098 1099 1100 525 1101
331: 1542 1541 525 1526 1485
332: 336 560 139 1613 1614
333: 525 1939 1940 1941 1942 1943
334: 708 525 2064 2065 2066 2046 287
335: 2753 2755 1031 140 621 308 342
336: 1760 2082 2053 1062 778 2789 141 462 432 2706 2687 1230 2803 953 2139 1685
337: 180 181 142 182
338: 466 859 860 858 142
339: 1445 1293 142 1554 1555 869
340: 1488 1713 1714 1715 142
341: 610 2083 1892 2061 142 1059
342: 579 2116 2117 2118 2119 425 142
343: 1089 2151 2152 2153 142 978 212
344: 145 10 146 1046
345: 619 10 611 620
346: 1217 145 2696 2777 2507 1938 2759 913 1842 339 1463 2776 697
347: 2787 1540 1033 2636 2802 975 2000 146 2772 926 2697 2520 2804 2493 1950
348: 147 148 149 2459
349: 2459 812 813 814
350: 1480 1559 1560 1561 1562 2459
351: 1345 2054 2055 2056 1934 2515 149 861
352: 2340 988 1074 2063 1490 2459 2332 157
353: 2459 356 2123 2493 2200 2491 2492 317
354: 768 1217 2459 2598 2599 1811 469 2586 1179
355: 1056 2603 1384 1559 663 1623 2459 2526
356: 152 1777 150 151
357: 528 529 1777 430 527
358: 1238 803 150 142 1239
359: 1825 1826 1827 1828 1829 1777
360: 2115 2057 1777 1749 1961 1531 223
361: 2373 2374 1799 814 1777 179 1273 1978
362: 2371 1638 2545 2291 2707 151 568 1436 1311
363: 160 1669 1777 1096 2599 1840 273 1203 2361 602
364: 771 2635 2636 2637 1647 1777 436 2421 1947 446 2613
365: 624 1669 2600 1545 272 1777 2643 2644 2645 2074 350
366: 833 198 2696 2409 1752 2670 2671 1105 1875 1364 2359 152 1466
367: 2328 153 154 155
368: 302 2735 2002 1907 1908 1909 1910 2521 154
369: 155 1957 2505 1292 2702 1140 2648 1497 1883 2460 1503
370: 490 491 492 54
371: 608 606 54 607
372: 600 2178 156 1302 1303
373: 160 161 336 159
374: 336 337 338 339
375: 336 604 603 516 605
376: 336 748 747 484 749
377: 336 1492 1493 1494 1495
378: 1928 1929 1930 815 336 1597
379: 2120 2121 2122 336 2098 1302 1433
380: 2128 836 1260 2126 2127 336 580
381: 2306 323 293 2259 2453 427 2613 2158 2735 1971 2612 1109 2457 2008 1465 2598 1245 159
382: 2752 161 871 1325 462 2321 2036 2006 857 2778 2779 2687
383: 162 163 164 2459
384: 1058 3 4 1061 1062 162 2 1059 1060
385: 1155 1587 1588 1589 1432 2459
386: 194 2459 1924 1925 1926 1927 1563
387: 168 165 166 167
388: 513 106 891 165
389: 1624 1622 1621 166 1623
390: 166 2095 2096 2097 475 764
391: 166 1481 2220 2221 2222 1173 1853 927
392: 1124 166 1254 2345 2346 2347 310
393: 2368 2369 2594 547 167 938 316 2367
394: 2370 2371 2244 166 854 2372 2043 1727
395: 863 166 2399 2262 2395 2396 2397 2398 1087
396: 1090 1607 168 2162 2498 402 2197 1337 2687
397: 169 170 171 172 173 174 175
398: 169 1517 1518 1519 1520 699
399: 1440 1760 170 173 175 1756 1757 1758 1759
400: 2402 2403 2404 2405 2406 2280 171 2290 2325
401: 834 1060 1766 2251 172 622 1423 1681 2355 2447 2455 2456 2457 1243 1855
402: 2457 674 1926 2567 173 1774 2415 337 2735 757 2543 727 2008 1145 251 253
403: 176 177 178 179
404: 1506 1507 1508 1509 1510 178
405: 1507 1710 1711 1712 178 1114
406: 176 1716 1717 1718 1335
407: 1729 1730 1731 178 1507 1622
408: 2241 1507 1835 178 2068 1941 2461 2462 2463
409: 1507 2473 2476 2477 2478 2479 178 2070 1755
410: 433 434 435 436 437 180
411: 1536 1534 142 1535
412: 2178 1447 1678 1679 1141 1135 181
413: 1449 1770 1771 1772 142 1769
414: 184 185 186 183
415: 714 715 525 670 183
416: 184 1336 1337 1334 1335
417: 1984 865 1794 2723 1927 2697 2722 1553 887 888 185 2201
418: 1569 2178 2417 936 2754 1135 2448 2257 311 186 508 1535
419: 258 2758 2697 1546 2315 1039 2608 914 2751 473 185 2495 1898 1471
420: 2307 901 2790 2697 297 715 1566 2551 185 2778 283 2749 926 1439
421: 2465 2571 2727 1768 2697 2551 1426 399 1072 370 595 599 1746 185 1199 2493 926 2495
422: 480 2498 2339 1703 1832 2697 689 370 2772 1333 1111 1656 185 2331 2652 926 2037
423: 187 188 189
424: 2145 2178 2395 1578 2351 1274 187 1663
425: 982 2486 2279 2346 1195 332 557 221 592 2751 2750 630 2799 728 2747 189 2590 1791
426: 576 2338 645 2792 332 2701 2799 592 658 915 2740 821 630 664 2786 2170 284 189 670 773
427: 192 2687 190 191
428: 192 2120 1483 2696 2775 2365 2366
429: 1284 1797 1670 2748 2506 2092 2766 2128 2549 2687 412 1149 2533
430: 1346 1256 2684 2743 2412 1613 2770 2771 631 2687 1276 959
431: 2668 2722 1670 807 457 2284 944 2801 2485 1975 2776 2718 2687
432: 2779 2628 2789 1513 2506 462 2801 2803 1972 398 2687 2207
433: 193 194 195 2515
434: 1264 193 1266 1265 1263
435: 2031 2515 2415 2416 2417 1523 1625 1979
436: 2208 2561 195 2532 838 2593 2697 1838 2582 1764
437: 2240 2624 2626 2625 1100 2444 2095 2513 2515 374 2429
438: 1793 2639 2515 2648 2649 218 507 2205 2302 735
439: 1345 965 1319 204 2672 2673 2674 2515 374 280 796 2527
440: 1345 2690 2147 1960 2761 2763 2572 1071 2344 1010 2515 2611 895
441: 608 1345 2717 2119 1161 2122 781 2254 2605 2515 374 921 1914 2363 1533 2783
442: 196 197 198 199
443: 336 1073 2120 196 1397
444: 197 518 1609 2154 2418 2542 370 2697 411 1052 926
445: 198 1314 357 966 1105 2696 845 913 2681 1721 2682 2683 2684
446: 1248 2795 1126 198 1415 360 2696 2728 2694 913 499 789 2486 2329 1151
447: 1248 2466 995 1606 198 2696 2666 2507 2595 819 2691 789 2552 1593 2524
448: 200 201 202 2753
449: 1985 421 2753 2760 713 2730 2759 1933 1718 1331 2005 1654
450: 1024 2753 2659 291 2088 654 1075 1876 2446 1366 1016 506 1628 2784
451: 1312 577 90 1314 1313
452: 1900 1362 90 1915 1916 1917 286
453: 1953 1954 1955 1220 1784 90
454: 384 385 205 1335
455: 2348 2349 1166 2350 948 206 379 1820
456: 1760 1633 2646 2699 462 207 2197 2422 986 2687 2591
457: 208 209 2687
458: 208 856 106 857 855
459: 209 1258 43 1259 1257
460: 2752 2689 1989 2635 2610 1617 2450 2803 2265 2778 2687
461: 738 2724 393 266 2766 2193 2675 2774 1082 2687 1596 1722 2591
462: 2432 2754 1745 2794 1002 907 462 1136 593 2294 1834 2779 925 2687
463: 210 211 212 166
464: 1777 1042 1040 1041 210 1043
465: 1530 1531 1532 1533 166
466: 1956 166 2129 2130 1309 1054
467: 2244 2245 2246 2799 2709 382 213
468: 216 217 218 556
469: 556 557 558 559
470: 648 556 646 647
471: 1455 556 1021 1454 1453
472: 556 1326 1649 1650 1651 604
473: 2213 556 559 2225 2226 1652 349
474: 556 2226 782 559 1489 1906 2260 1528
475: 1120 1957 1991 1292 2067 853 216 1653
476: 2790 2697 331 2516 217 1691 1468 2525 2559
477: 2753 219 220 221
478: 498 219 1507 499
479: 1061 872 2524 842 2509 1167 757 2457 1290 2735 220 445 2453
480: 224 2459 222 223
481: 1579 314 743 222 551
482: 1830 1769 1835 1836 245 2459
483: 224 1824 2691 2289 1864 2696 2027 2768 913 2745 697 2769 1917
484: 225 226 227 228 229
485: 225 228 665 538 667 666
486: 680 106 226 679
487: 1635 228 1962 1931 2194 2195 2102 569 1406
488: 1795 2276 1957 2278 2275 2277 227 1172 2266 255
489: 1635 228 2502 2503 2504 2255 661 1879 569 1630
490: 2176 1635 228 2574 2579 1908 2590 569 2588 2589 2494 1375
491: 1632 1728 2434 1635 228 2152 1709 2190 1494 985
492: 232 1263 230 231
493: 992 993 994 995 1263
494: 1168 1169 1263 1166 1167
495: 1328 1329 355 709 1263
496: 571 1380 1381 1382 1263
497: 1000 1263 1456 1457 1458 1459
498: 233 234 235 2687
499: 1635 228 2639 2378 235 1519 2640 2641 2642 569 1850 2555 1532
500: 2720 2754 772 2056 2313 2092 2450 1560 2719 2687
501: 2459 236 237 238
502: 1216 2515 236 1214 1215
503: 2536 1866 2188 1743 410 2459
504: 576 2800 1922 2731 612 645 742 2472 1195 238 2671 592 625 2414 2766 1655 2239 2799 773
505: 239 240 241 242 243 244
506: 712 713 711 2086 239
507: 2086 241 503 1148 1149 1150 1151
508: 448 2178 2470 1543 264 2519 242 2101 311 2520
509: 336 245 246 247
510: 336 161 536 537
511: 1383 1384 1385 490 336 1386
512: 336 1576 1578 1577 1575
513: 248 249 250 251
514: 481 1635 1863 1864 1865 248
515: 386 2092 2090 2091 1580 249 1469
516: 2753 1443 2165 2166 2167 250 1567
517: 2529 1923 2532 2533 2534 2535 2735 2225 2259 1524 757 662 2008 2457 251 2453
518: 2050 1923 4 1679 1424 2453 1303 900 2735 1057 427 175 304 437 629 2457 1859 1359 2259 2004 983 2649 730 2767 1245 2023 2537 1008 1905 757 251
519: 256 252 253 254 255
520: 1520 1987 2436 261 2437 1292 816 1172 1957 2427 1373 255
521: 1731 1957 2513 2516 2517 2518 255
522: 1957 2568 2569 2570 2571 717 1966 2544 2386 2455 1497 255
523: 2403 1957 2633 2569 2634 1292 1389 1711 1559 920 1497 255
524: 257 258 259 142
525: 656 257 658 657
526: 865 301 142 487
527: 260 261 262 7
528: 260 265 1844 2601 1180 2077 2078
529: 964 7 1708 1676 1197 2606 2287 691 2554 2622 2623
530: 1378 7 2218 2477 1678 2644 2650 2651 2652 2077
531: 264 265 266 263
532: 1954 1253 263 7 2332 2333 414
533: 2400 2401 2210 2601 583 265 1518 2672 1065 765
534: 832 677 359 265 720 886 2601 1178 2365
535: 267 268 269 1335
536: 272 1335 270 271
537: 448 449 1335 447
538: 1088 1335 1085 1086 1087
539: 1335 1196 1197 1198 1199
540: 1335 1307 1308 1309 1310 1311
541: 267 2799 1873 1874 1875 1876
542: 1635 1028 268 1779 2100 2101 1369
543: 394 395 396 1335
544: 1048 441 1050 1049 271
545: 1208 1209 706 1210 1335
546: 275 273 274 35
547: 35 493 494
548: 2694 2693 1222 647 1929 1262 2319 274 980 2697 2362 926
549: 828 827 276 829 1820
550: 920 921 922 70
551: 1204 1203 852 422 70
552: 1720 1721 1722 70 1719
553: 1063 553 2290 1717 2143 2141 2142 277
554: 2400 2696 1001 1356 365 1773 2544 2289 278 2543
555: 280 281 279 7
556: 1920 1921 1922 1923 395 1106 279 1242 1918 1919
557: 2467 2468 7 1194 1099 2032 2709 1207
558: 282 283 284 1469
559: 1232 1233 1234 1469 1231
560: 284 1405 1406 1469
561: 1742 1208 1144 2106 2107 1469
562: 2304 1953 981 1343 1469 2302 2303
563: 1634 1469 2103 2361 2362 2363 2364 1882
564: 1507 2500 2501 2499 497 2227 282 1275 1629
565: 115 780 285 781
566: 288 289 290 291 292 293
567: 288 2178 1315 1188 2470 1776 2520
568: 896 289 841 1228 2001 2002 2003 2004 2005 2006 1852
569: 296 297 90 294 295
570: 1777 1826 571 572 294
571: 808 1600 90 1476 1599
572: 2577 296 2569 426 1517 2576 1800 2578 2515 374
573: 300 298 299 84
574: 649 650 651 84
575: 2151 553 298 2354 1965 2290 2394 1084 989
576: 304 305 301 302 303
577: 320 1889 2402 329 2594 1487 2616 2617 2618 303 2013
578: 306 307 308 309 14
579: 945 306 43 946
580: 281 307 972 971 7
581: 960 14 1011 1367 1625 1626
582: 2502 2216 1265 2515 309 374 2487 2553 2366
583: 2178 1135 311 2203 2204 2205 2206 2207
584: 2178 2179 2487 1895 1323 1135 2417 311 2488 2489 2490
585: 673 1537 2196 2197 2198 314
586: 1479 2408 2409 2410 2411 2412 314 2141
587: 316 317 318 1263
588: 851 852 853 854 1263
589: 320 1896 43 319
590: 875 377 43 812 876
591: 546 682 43 1117 1118 1119
592: 1131 1130 43 1132 1133
593: 1552 1553 1946 1777 1551
594: 1944 1777 1946 531 1945
595: 1472 1777 2011 2012 2013 734
596: 2176 1777 2644 1421 2177
597: 2464 324 1029 1032 2220 2318 1871 2687 1887
598: 1508 325 397 2638 2799 2388 2550 2039 827
599: 328 329 326 327
600: 1442 2628 2629 2630 328 2221 2191 2328 2619
601: 2594 2531 1861 776 329 2667 2668 2669 2640 1108 1210 2397
602: 1921 2594 2471 329 2602 2567 2350 2320 2232 468 2734 632 1561 2773
603: 1888 2081 2594 963 452 2725 2795 329 1642 2347 2796 2794 468 1444 2618 733
604: 330 331 332
605: 1345 1250 1833 330 2515 1834
606: 576 2726 625 2665 2058 2727 332 366 2799 561 2452 664 1945 2715
607: 576 675 645 2631 1160 1484 586 332 2541 2799 2188 1043 630 664 2297 2746 2058
608: 576 1408 1379 2244 645 1382 1865 332 1501 592 2581 2486 2764 2650 2523 1053 2799
609: 576 2497 2019 645 2785 1321 586 332 1903 1112 2803 820 630 2553 664 2324 2239 2364 2799 773
610: 1635 333 334 335
611: 2432 1635 2301 2429 569 2427 2428 1789 2430 2431
612: 1263 340 341 342 343
613: 708 1938 340 14
614: 2178 2179 2470 2713 1801 1135 1624 692 2614 343 472 2484 383
615: 344 345 346 20
616: 904 20 902 903
617: 1128 905 20 1129 1127
618: 1348 1347 20 1349 1350
619: 344 400 2290 1393 1392
620: 613 2024 2697 2061 2062 2063 345
621: 2215 2216 2217 1902 2135 346 2459 1982
622: 770 1925 2310 2311 20 1077 1783 2309
623: 2515 347 348 349 350
624: 409 347 525
625: 1356 1357 1358 1359 2515 348
626: 354 355 356 357
627: 1696 2330 357 2534 1415 623 2573 719 2696 2578 2645 2774 1050 731 1884 829
628: 360 358 142 359
629: 358 2086 1267 1268 1269 1148
630: 361 362 363 142
631: 2697 364 365 366
632: 632 2799 364 631
633: 2208 2242 2757 2214 2697 1239 589 2161 370 2516 1783 1306
634: 368 369 370 367
635: 1507 1924 2231 368 2229 2230 1143 2232 2233
636: 641 2178 868 2305 2568 2575 2574 1135 369 1688 1967
637: 371 372 373 374 375 376
638: 2178 371 1811 1812 1813 2654
639: 2515 2763 1997 467 2163 2164 598 372
640: 710 2251 2252 2253 2254 1777 373
641: 2656 2657 1541 1705 1418 2707 1812 375 1724 2026
642: 377 378 379 1820
643: 1543 488 1820 1544 1545 828
644: 1700 1701 1702 1703 1547 1820
645: 2697 1802 2041 378 2043 2042 1502
646: 420 2247 2248 2249 714 1820 2250
647: 2309 1703 2353 2359 2360 379 1820
648: 380 381 382 383
649: 556 1325 380 1324 1231
650: 1815 2092 381 1814 1469
651: 2178 1763 1221 2438 2286 2483 2711 1626 383
652: 2017 2178 2619 594 2292 2615 2612 383 2620 2621 479
653: 538 539 540 1335
654: 384 2178 821 702
655: 388 389 390 7
656: 2172 90 388 613 614
657: 389 2123 2124 2125 1582 2707 831
658: 392 393 14 391
659: 486 553 2539 396 2541 2290 1174 2394 2491 2540
660: 2594 397 398 399
661: 1184 2594 2182 2311 1385 1354 1009 1589 1974 1785 2677
662: 1888 2594 963 1125 2726 2343 2729 685 2478 468 2133 2456
663: 400 401 402 2594
664: 2211 2212 2189 401 2459 222
665: 2528 2594 1796 620 627 2235 2525 2526 2527
666: 1216 2704 2594 963 2536 1324 1932 2416 2115 2142 2010 1662
667: 403 404 405 2515
668: 1412 1421 1422 1423 1424 403 822 634 1246
669: 2180 1935 1619 404 284 1469
670: 474 115 476 477 475
671: 2290 1211 1212 1213 406
672: 424 525 422 423
673: 1696 866 525 1693 1694 1695
674: 2753 410 411 412
675: 1635 413 414 415
676: 1986 1987 1988 1989 166 413
677: 1312 1635 228 809 590 752 334 2266 2267
678: 416 417 418 525
679: 416 770 771 772 773
680: 419 420 421 2707
681: 2210 419 2084 1583 441 447
682: 2560 769 1827 1705 1070 657 2707 1998 2390 1023
683: 2562 931 1349 945 1291 1198 1744 657 2707 2744 2202 2682 2078
684: 425 426 427 428 429
685: 2731 900 522 1682 1923 2453 2457 1699 2730 427 2735 1859 2767 2259 2004 2008 730 2149 1129 1771 757 1916
686: 432 2594 430 431
687: 433 1074 1075 1820 1073
688: 1106 434 1107 1108 1109 1110 1111 1112
689: 992 435 1240 1241 1242 1243 1244 1245
690: 440 1820 438 439
691: 808 809 810 811 1820
692: 1192 1773 1774 1775 438 90
693: 2085 2280 553 2223 2224 2290 439
694: 441 507 508 509
695: 1330 1331 1332 1333 441 508
696: 2184 2189 2190 2191 2192 441
697: 2144 1283 2319 2320 2321 2261 441 732
698: 2356 2353 2354 2355 1332 2357 2358 441
699: 2560 2696 1132 721 2546 789 919 442 1564
700: 2114 2341 2475 2799 2514 821 443 284 1565
701: 441 444 445 446
702: 1837 2190 2104 2105 1816 441
703: 2227 2131 2228 441 947 2047
704: 2601 1271 1268 1687 2234 2011 444
705: 449 1570 2566 2183 2696 2407 2786 559 1105 1234 789 922 2138 2623
706: 450 451 452 2178
707: 1504 2688 2178 2747 2087 1868 1135 2479 2678 795 2748 2749
708: 314 453 454 455
709: 872 873 314 874 626
710: 454 909 1102 1103 1104 1105
711: 1603 1604 1605 1606 1224 314
712: 456 457 90 2172
713: 1652 1653 1654 1655 1656 90
714: 804 553 2290 2293 2172 2173
715: 458 459 460 461 462
716: 785 314 458 806 807
717: 2178 1674 459 1624 1115 1949 1950
718: 2290 463 1488 1489 1490 1491
719: 1732 2799 464 1394 1845 2300 2301
720: 466 467 468 469
721: 2594 963 1873 776 1704 2226 2579 468 2581 1592 2580
722: 2594 2436 2501 1577 1999 468 1013 2391 1849 1370 2394
723: 1986 1507 2422 2420 2421 470 2295 696 1118
724: 2697 1200 1427 1428 1079 474
725: 2515 818 819 820 478
726: 314 983 485 982 981
727: 488 489 14 487
728: 1182 1137 1180 1181 14
729: 2459 493 1369 2586 1371 1370
730: 2048 2178 1163 494 2390 2391 2392 2393
731: 2515 999 500 998 495
732: 2352 2180 2181 2753 2351 496 2042
733: 1507 2478 1429 1430 1431 891
734: 1507 1316 1816 1817 1818 2461
735: 1507 2199 2200 2201 666 2202
736: 1507 1225 1261 2062 2269 2270 2271
737: 500 501 502 7
738: 1958 1959 1416 7 1960 2710
739: 504 505 506 503
740: 1121 2370 2753 1450 2093 2509 2064 2418 2419 506
741: 1890 870 2632 2697 2698 2667 1714 2547 504 2137 2206
742: 1744 441 442 1745 1743
743: 512 2753 510 511
744: 2707 1751 1752 1753 987 510
745: 2753 930 2481 2739 628 2550 2551 2552
746: 2753 2797 2060 1515 2572 2445 1710 2573 1942
747: 513 514 515 556
748: 1116 1113 1114 1115 556
749: 848 1644 1130 1643 556
750: 1952 1729 1410 556 1183 1951
751: 2241 2242 2243 1064 556 559 1936
752: 2707 516 517 518
753: 2496 2497 1833 657 2707 2420 533 660 2334
754: 578 2086 1660 1506 1970 1083 2044 2045
755: 736 2086 1095 881 1012 2073 2074 2075 2076
756: 1955 1574 519 2604 2605 2256 2588 2173 2687
757: 520 521 106 522
758: 520 1016 20 1014 1015
759: 1025 106 747 1026 750
760: 2020 2021 106 1585 1618 1757
761: 106 2159 2160 2161 1719 2383 1565
762: 2697 523 533 534 535
763: 524 1469 774 775
764: 1777 1162 1163 1164 1165 527 1041
765: 1286 1287 527 1041 1267 1777
766: 1608 1609 1610 1777 1607
767: 530 531 532 2687
768: 1809 1810 1808 849 530 693 2328 1342
769: 1280 2530 2694 2662 2663 2697 2382 1874 2165 2326
770: 1600 2339 2699 2697 2219 2700 2511 1045 2358 1529
771: 336 1137 1138 1139 1140
772: 1298 1299 1300 1301 2328 539
773: 1000 1001 1002 1635 541
774: 837 1990 1422 2255 2256 2257 2258 2259 542 726 1848 1918 1854
775: 1347 676 1582 1583 1584 1469
776: 106 547 548 546 549
777: 1361 106 1003 1363 1362
778: 1139 548 1705 2029 2606 2607 2608 657 1266 979 2707
779: 550 551 552 553 554 555
780: 1078 1076 550 166 1077
781: 552 2696 1659 1660 1661 1662
782: 1984 1985 553 2290 2394 1982 1983
783: 563 564 565 70
784: 568 569 570 566 567
785: 1528 1529 1777 1526 1527
786: 1351 1841 1657 572 2685 2687
787: 2737 784 1826 2631 586 1195 2799 592 2392 2738 2512 664 1913 2736
788: 576 573 574 575
789: 2707 2583 762 1627 1628 574
790: 2112 2113 2114 644 582 2753 748
791: 584 585 586 587
792: 1957 585 2058 2059 1292 1172 2057
793: 801 645 2124 586 1388 2799 592 2065 2517 2586 700 2604
794: 592 593 590 591
795: 2112 2148 2149 2150 1383 2799 592 1598
796: 594 595 596 2086
797: 1635 597 598 599
798: 1507 1869 1870 1871 1872 597
799: 600 601 602 7
800: 2503 2025 2506 7 882 2505 606
801: 2753 962 2680 1836 2351 1872 817 818 1912 2136 607
802: 609 610 2687 1351
803: 609 1957 1802 1803 1804 1805 1171 1496
804: 1893 1831 2794 839 2701 2237 1712 1946 1693 2687
805: 800 801 74 802 799
806: 1957 614 2184 2185 2186 2187 1292 1911 638
807: 616 617 618 2328 615
808: 1464 1465 1466 619 2697
809: 2687 621 622 623
810: 624 441 625
811: 1697 1698 1699 683 1332 441
812: 626 627 628 629 630
813: 640 641 633 634 635 636 637 638 639
814: 1957 1293 1294 1295 1296 1297 633
815: 642 643 644 645
816: 642 1222 2697 1483 1484 1282
817: 1272 1650 556 1270 1271
818: 1729 1970 1971 556 1972
819: 1027 646 1196 2735 787 1973 1974 1975
820: 2146 2694 2696 650 2443 753 2228 1944 1499
821: 2443 777 651 1518 1969 2446 2038 2601 1720 2653
822: 655 652 653 14 654
823: 652 1432 1433 1434 1435 2687
824: 659 660 661 2459
825: 1514 1615 1616 1617 659 314
826: 1632 1633 1631 2459 663
827: 664 662 663
828: 1635 1412 1413 1414 1415 665
829: 762 763 668 2290
830: 672 836 837 838 839 2735
831: 1256 106 1253 1254 1255
832: 1136 681 1134 1135
833: 1963 1961 682 43 1132 1847 1962
834: 1825 687 2290 2108 2109 2110 2111
835: 2375 2376 2799 688 1492 1750 956 1983
836: 690 691 692 2594
837: 696 697 693 694 695
838: 2026 2380 2386 2707 1780 695 1915 1821
839: 698 699 700 701 1518
840: 698 20 933 1390 1391
841: 704 705 1635 702 703
842: 2687 706 707 1351
843: 2594 707 1257 1666 1742 2526
844: 441 1699 709 710
845: 792 441 1698 790 791
846: 1664 1957 711 1645 1530 1663
847: 896 897 898 899 900 901 716
848: 74 1735 1141 1142 1143
849: 720 721 722 723 1820
850: 1820 2350 1572 1573 1574
851: 724 725 726 727 728 729 730 731
852: 2753 732 733
853: 2594 2734 2295 2296 2297 733 767
854: 736 737 738 1469
855: 1479 1476 1469 1478 1477
856: 2696 739 740 741 742
857: 1512 1513 2290 740 1511
858: 744 745 746 70 743
859: 752 753 2707 750 751
860: 754 755 756 757 758
861: 1990 1991 1992 1993 1994 1995 1996 755 757
862: 2566 2375 906 1804 2799 2803 756 2519
863: 2336 2337 1798 2803 760 2687 2334 2335
864: 1513 2290 996 997
865: 1803 1867 1581 2286 2287 2290 1461 2539
866: 1957 2505 1741 2135 2136 2137 2138 2139
867: 766 2594 1642 2449 2450 1022 2423 1374
868: 768 769 1496 1957 767
869: 1537 1538 1539 1540 1334 1469
870: 1537 1639 1469 1638 1637
871: 776 777 778 779
872: 2496 2312 777 1295 2322 2323 2324 2230 2601
873: 1345 1441 781 2515 1969 819 1498
874: 784 1820 1822 782 783
875: 785 786 787 788 789
876: 960 961 786 963 962
877: 2213 2214 1127 2696 2738 2451 1429 789
878: 20 790 1241 1113 1597 1598
879: 1232 793 2707 1629 1630
880: 1777 796 797 798
881: 1777 1521 1522 1523 1524 1525
882: 866 867 868 2594 799
883: 2051 2052 2053 2041 314 1308 1018
884: 1957 813 1585 1586 1044 2139
885: 816 617 817 2328 815
886: 2628 1478 2229 855 2328 2298 2299 2556
887: 1025 1235 1236 1237 2515
888: 2 4 822 823 824 825 826
889: 2753 2116 1477 825 2108 2174 2175
890: 832 833 2753 830 831
891: 847 848 849 850 2328 830
892: 7 2505 844 2709 1657 1658
893: 166 847 1364 1365 1366 1240
894: 1761 997 106 2067 2068 2069 1189
895: 1889 1890 1891 2707 2743 858
896: 2178 867 1860 1861 1862
897: 2594 2028 2029 2030 2675 2616 1177
898: 2097 870 869 166 871
899: 43 1997 1998 1999 2000 2039 1591
900: 2080 2081 2082 2696 875 2079
901: 2032 2696 877 2031 1264 2033 885 1278
902: 880 1323 1322 923 2687
903: 314 885 886 887
904: 948 947 20 949
905: 908 909 910 911 912 913
906: 1084 314 1083 908 2196
907: 2328 849 914 155 915
908: 7 2093 2094 2644 1806 918
909: 923 924 925 926
910: 2240 1609 1650 2196 926 2697 2206
911: 2328 929 930 931 932
912: 1507 934 1706 1707 1708 1709
913: 937 938 939 940 2753
914: 2753 1892 1893 937 1869 1392 1886
915: 2117 2696 2775 1105 2678 950 2776 2683 2780 2589 991
916: 1507 956 957 958 959
917: 961 1837 1838 1839 1840 2687
918: 2697 964 965 966 967
919: 2596 968 2601 1425 1426 1372
920: 7 1273 1274 1275 1276 1277
921: 2178 1004 971 2156 1680 2162 2678
922: 2328 930 973 1326 1327
923: 2696 1897 1898 1899 977 1594
924: 984 1034 1035 1036 2290
925: 1424 987 988 989 990 991
926: 993 1026 2601 1842 1587 1843 1306
927: 1024 1345 2515 1021 1022 1023
928: 2753 998 1294 2511 1754 1755
929: 7 1005 1299 1947 1948 2622
930: 1864 1009 1010 1635
931: 2129 1011 1012 1013 2601
932: 1707 1456 1014 1850 1851 2687
933: 2696 2218 2219 1686 1015 2109
934: 1017 1018 1019 1020 2594
935: 1344 1345 1346 1342 1343
936: 2328 1027 1028 1029
937: 2290 1669 1670 1671
938: 2178 2193 1258 1037 1808 1457 1304
939: 1547 1548 1453 1550 1549 1777
940: 1315 1316 1317 2697 1048 1307
941: 1056 1057 1635 1054 1055
942: 1792 2753 1640 1076 1847 1848 1849
943: 1080 1081 1082 1957 1079
944: 1960 1089 1090 1091 7
945: 1345 1107 2515 1969 2131 2132 2133 2134
946: 1436 556 1437 1438 1439
947: 1120 1121 1122 2799
948: 1539 379 2799 1235 2330 2331
949: 1123 1124 1125 1126 7
950: 1572 1511 7 1680 1681 1142
951: 1190 2696 1228 1229 1230 1134
952: 1144 1145 1146 1147 1957
953: 2696 1156 59 1155 1157
954: 1160 1161 1507 1158 1159
955: 1408 2233 1507 1398 1407
956: 1158 1448 1746 2290 1747 1725
957: 1640 1641 1642 2599 1777
958: 1170 1171 1172 1173 1174 1175 1176
959: 1184 1185 1186 2707 1183
960: 1187 1188 1189 166 2097 1624
961: 1486 1409 1485 166 1487
962: 1190 1191 1192 1193 1194 1195
963: 1866 1867 1868 2707 1206 2682
964: 2212 2288 2289 2168 1209 2687
965: 1377 1378 1379 1357 2515
966: 837 1958 1901 2735 2002 2168 2169 2170 2171 1215
967: 2208 2209 2515 1548 1237
968: 1763 2799 1222 1223
969: 1224 1225 1226 1227 1957
970: 2697 1233 1682 1683 1684 1685
971: 1248 2601 1518 1246 1247
972: 2601 2316 2157 2318 2317 1595
973: 1249 1250 1251 1252 7
974: 2696 1249 1260 1261 1262
975: 1280 1281 2696 2033 1278 1279
976: 1728 1288 2601 1725 1726 1727
977: 1318 2060 1839 2193 1586 2779 2687
978: 1480 1481 1322 1482 2799
979: 2720 2433 2434 2435 1770 1327 2803 1834 2687
980: 1635 1338 1339 1340 1341
981: 1409 1410 1411 2697 2516 1338
982: 2560 1830 1831 1832 2696 1361
983: 2017 2594 2019 1381 2664 2018 1716
984: 576 1416 1417 1418 1390 1402
985: 1400 1401 2515 1398 1399
986: 2753 1417 2156 2157 2158 1823
987: 2720 1454 2609 2707 2009 2010
988: 314 1460 1461 1462 1463
989: 1766 1767 1768 1460 2457 1754
990: 1467 1468 2709 7
991: 1984 2290 1877 1878 1879 1880
992: 1504 1505 2696 1502 1503
993: 1521 2594 1807 1806 1713
994: 1504 2696 1723 1724 1621
995: 1186 2480 2481 2482 2483 2707 2682 1724
996: 2595 2696 1673 2745 2779 2268
997: 1964 1965 1966 1967 1968 2515 1781
998: 2753 1900 1901 1902 1903 1847 1819
999: 2305 2306 2307 2308 397 2126 2594
