#module 0 size: 2 bs: 0.00711229
107789104 236409451 
#module 1 size: 2 bs: 6.55281e-08
14121853 156644794 
#module 2 size: 2 bs: 0.00215227
123905824 148833123 
#module 3 size: 2 bs: 0.00578573
26617933 89370731 
#module 4 size: 2 bs: 2.25638e-05
30516098 130650276 
#module 5 size: 2 bs: 1.5328e-06
48476949 183101557 
#module 6 size: 2 bs: 0.000849633
180607403 243660328 
#module 7 size: 2 bs: 0.0106369
100573490 139063272 
#module 8 size: 2 bs: 0.0823152
147467640 150224559 
#module 9 size: 2 bs: 0.00162293
21153270 56805668 
#module 10 size: 2 bs: 0.00059156
26154615 123940928 
#module 11 size: 2 bs: 0.00424725
148478556 197882703 
#module 12 size: 2 bs: 0.00310133
110424984 128396268 
#module 13 size: 2 bs: 0.0154967
20254792 51179919 
#module 14 size: 2 bs: 0.00190395
178943260 194591750 
#module 15 size: 2 bs: 0.0119028
94757700 156137116 
#module 16 size: 2 bs: 0.00070215
90469674 110778721 
#module 17 size: 2 bs: 0.0219607
77540628 122895180 
#module 18 size: 2 bs: 0.00286438
21726416 25904132 
#module 19 size: 2 bs: 0.0199157
70622187 129176641 
#module 20 size: 2 bs: 0.0750765
196743148 234110244 
#module 21 size: 3 bs: 8.07693e-06
2663161 14192412 19411110 
#module 22 size: 2 bs: 0.0750857
35551741 42284908 
#module 23 size: 2 bs: 0.0185006
42231175 100440668 
#module 24 size: 7 bs: 0.013438
12220 800735 14290383 16484677 25057202 110965120 214067697 
#module 25 size: 31 bs: 0.0231424
1630261 48470743 50686904 53418720 55648693 57187028 59608784 62584936 62996416 72928626 85917069 96980395 108357234 109059176 124002957 134908261 147335676 157524175 164550070 168888540 171191429 189561195 191478815 198649890 201290345 203256940 208766236 223961051 232987424 237876854 238341121 
#module 26 size: 10 bs: 0.00481976
1630261 51684877 56981225 64166227 64365916 67798741 94541648 141524887 171908911 181421726 
#module 27 size: 144 bs: 0.0053788
13348 759228 1120601 8071902 8384912 9431342 10546442 10768282 14090906 14389132 14544571 14697711 14712592 15614315 15866023 16510194 16819278 17042374 17211751 17812000 18368098 18415509 18500852 18526308 18536826 18664956 19022242 19694104 19828667 21678847 23792216 24257957 24419425 24480639 25043966 25151753 25335744 25781647 28504545 28963641 29641373 32529831 34033504 36601355 37896600 38151395 41305840 41929517 42300348 43573375 47661343 50335002 51294632 53091022 54200212 55533136 58845411 59539942 63337613 65748080 65858107 66925975 70190484 72605385 81020598 81655538 85251925 88677841 89929074 91117627 91791843 94229358 94574028 94878320 96933119 102324811 102399171 105343122 106554309 106963800 108083117 119297816 120285512 120309742 125090401 128996296 136772862 138077315 140979761 142169165 145662065 151472342 153119220 159563937 164338516 165404712 165420335 167637074 168426262 181217649 183859873 184275950 185152562 188841373 191663507 197948154 201656128 202192724 210909560 214274567 214348336 217574343 219353003 222496666 223380929 228397622 229579510 230718701 232438363 234104154 238760716 240854929 242093844 242131117 242551935 246576590 253835890 254812166 256148516 256331922 258731466 258852781 259288021 259505321 259653783 261598031 262086880 263448462 265749910 267059970 271160885 271625895 273004438 273206322 
#module 28 size: 11 bs: 0.0353882
96655484 98928522 112516636 116491722 128809182 160919148 172771660 184544253 186783403 229944730 230182617 
#module 29 size: 35 bs: 0.00712482
456 13298 1012071 2226621 5606492 6144162 6297382 8159652 8435452 9158962 11698252 11698322 11784882 12683642 14235323 14350762 14727207 14888632 15126891 16133935 17493528 17641725 17669882 18252347 20172321 20545925 25478876 28562298 37222477 39428095 39944598 41841330 81367143 89554626 124920374 
#module 30 size: 17 bs: 0.00128221
14304203 14578544 15907716 16932185 19409508 19654787 22204032 22372197 28268371 30033646 37818134 48791942 78924375 90203791 100817771 201242210 268125399 
#module 31 size: 11 bs: 0.0294378
13062502 39031895 51144694 76000222 92364623 94561549 126979577 147595464 166961004 195664345 228085717 
#module 32 size: 3 bs: 0.0396869
44123567 97074438 184756173 
#module 33 size: 3 bs: 0.0903062
54475659 72661977 107025267 
#module 34 size: 107 bs: 0.0369197
2258301 3171031 4053841 5513352 5793772 5874452 6723912 9011012 11412542 12594922 12781762 14128069 14142231 14323938 14380889 14399357 14614615 14624025 14803061 14812510 14890935 14936846 14957541 15013580 15082995 15210530 15382147 15553406 15580925 15583287 15648561 15648584 15655296 15661468 15675070 15905565 15908105 16527273 16561292 16588005 17315836 17625824 17627945 17871826 18040428 18098655 18127893 18822387 18994034 19131613 19248489 19264674 19291219 19365378 19408219 19873296 20596316 21429357 22790425 22876951 22933904 22980460 23500913 25079420 26744291 26765831 27302814 29646744 30386355 30667186 30874865 34938387 36913318 37546498 45368137 47444849 48722198 50456532 52563809 56521633 58842703 61014259 66997403 75067140 79447979 84172384 84652502 84737899 89519051 92318904 96145394 100507331 101563645 109595020 109648337 111789350 119468133 130589438 131625652 135601675 190754647 195007168 198466520 224428671 229766654 238914931 245314387 
#module 35 size: 39 bs: 0.0872215
16953 631803 819546 5660312 6695732 11726442 12601142 13267172 13832532 14300954 15123673 15406144 15781117 15850769 16882886 17134865 17579321 17940962 17952277 18375249 19192221 21407983 21764657 22110931 22660345 23484051 24756213 26548347 27969192 39428095 58341833 76784104 77292631 97468141 103585065 106546060 115944587 204824975 224255455 
#module 36 size: 53 bs: 0.0108241
812825 821110 7090482 8071902 9804482 13286312 14342975 14911286 15024783 15113529 15483517 15689313 15724452 15928027 16297675 16302855 16313592 17410758 17451031 18086674 18174998 18732075 18812573 19560605 20564713 23387320 24803181 24930382 27044209 28441423 28676469 29624532 32422915 35281506 36357300 40944884 43562100 47684949 57689706 64544676 65098687 67673600 72615435 88822659 139808538 139953824 145420038 175876900 221846963 222568217 242864968 245634968 263312330 
#module 37 size: 105 bs: 0.0264804
1630261 15767281 15929686 24442567 28447455 28623830 31288054 35267268 36813285 40448583 47216578 47599165 62625917 72311889 77292945 81052999 82821085 83434276 84269742 86241413 88140118 89492277 92169251 102107813 104223101 117255869 119230913 123971807 127188125 128693679 131713492 134352532 134487373 135298815 135399738 135687184 137443330 137531481 144422669 145408456 147314264 150845268 151714614 156121581 161700842 162735344 168296616 168837176 170606832 171997599 173534506 175533140 177156570 182357928 185657737 186024338 186901595 187594363 187731482 188419032 188840004 190395758 193088908 193362884 196853166 198560132 199009858 201763743 203379278 204838222 208677720 216529788 217576078 223691577 226769636 229674969 230859303 230974069 231085129 233948859 234001935 234840602 235633896 235729192 235759321 236368003 237212345 238356204 238602830 240468977 241472180 242884484 243662422 245453198 245793450 248493560 250731274 254493514 255325506 256324516 259011240 259394715 259493072 259638685 260985403 
#module 38 size: 5 bs: 0.0137996
26402434 26432499 69435529 70688431 87615535 
#module 39 size: 36 bs: 0.00842676
7795982 15762258 18530171 19195914 20698002 21179890 22277113 23077155 27055316 28169177 28431983 29097048 29451005 32574964 41450556 41641562 44693348 45914093 49167436 52788040 53962656 54642207 55391997 62964460 68551767 71801107 78066531 108705649 114950933 118644821 134141151 139960419 152692522 190722777 198599261 223524009 
#module 40 size: 50 bs: 9.70721e-06
14494993 14550012 14628090 15172283 15215190 15342619 15725650 16357285 16419927 16951971 17259981 17512738 18017238 18173465 18685602 18744397 18786047 19015082 19114943 20307019 21345004 22992850 23618183 24184567 29813042 30466915 40268283 43226515 45034162 47634020 55532384 55913654 66799471 73347023 84097256 99225888 109813572 111556341 111729901 123379214 126928559 141571223 148696421 155396230 177276579 182798348 210852155 214659775 243767573 262770233 
#module 41 size: 13 bs: 0.0528981
23171383 29862576 44206517 58386031 61849834 140176807 143502547 164033581 170061178 226777208 235629835 245167786 267791703 
#module 42 size: 56 bs: 0.0707076
450953 1012071 2226621 5606492 7018942 7145552 8435452 10748252 11010622 14144238 14235323 14465902 14693622 14745283 14774443 15001234 15249228 15515538 15578710 15749177 15821556 16226069 16657530 17050705 17165458 17284883 17449898 17641725 18120676 18622210 18783265 19455487 21812410 24707040 27292941 29392243 29822494 30018368 30461425 36371780 39944598 41364338 48604785 48816106 50737978 59833587 60100870 69493393 74946653 86080280 123892070 131177653 161415195 199848513 202595945 266202805 
#module 43 size: 22 bs: 0.0016253
651543 2148071 6486742 8476602 15002220 15862839 15947897 16248619 17168493 17578918 17844404 18204677 19751635 48392114 58563977 70751508 80979157 108811740 118769820 123963067 128361193 153997237 
#module 44 size: 22 bs: 0.0146772
788863 819522 6426552 6719712 7263402 8340752 8384912 9938952 9961332 10473582 10773882 14320024 14390076 14547107 15123270 17477864 19703385 20611194 29802611 49011247 56377143 80794949 
#module 45 size: 32 bs: 0.0392679
246103 4937061 10748252 14128901 14165957 14464331 14563894 14614615 15123270 16888904 17194090 17542265 18292479 20447545 28017930 28230825 29040062 38372614 44224901 49992096 51028602 65508813 68592846 75300453 98078133 114235871 121558178 144692356 150435789 177330882 200226529 224074946 
#module 46 size: 119 bs: 0.0979013
608473 926121 2606911 2941831 3954581 5166511 6014732 6092972 6114252 6136332 7604502 7721172 7898472 9468812 9604192 10284472 11443292 12372812 12759102 13678292 14052313 14079590 14099435 14109075 14110885 14155241 14226882 14237354 14331959 14332565 14345113 14445542 14471169 14573861 14944471 15010721 15075182 15211133 15219854 15288377 15292471 15365998 15378805 15476915 15487288 15505550 15511139 15754851 15768928 15853065 15905527 15943715 15947897 16023926 16201506 16248619 16296026 16338169 16473793 16533013 16809329 17058577 17402349 17911617 17935861 18000311 18201948 18204677 18313617 18485558 18547882 18588568 18731203 19521680 19673977 19751635 19790018 19993686 20592179 20593866 20609319 20778703 21159398 21701128 21770568 22076359 22760649 22938618 25303296 28371616 28506177 28674090 33556583 40362652 44139958 46473076 46574042 49774815 58988537 70751508 70754730 74021308 75719992 87715947 94175843 103157143 106283898 107112554 115242946 121797013 132581307 135579990 137423367 168537728 176651561 195488976 240798167 252606479 263234033 
#module 47 size: 63 bs: 0.0168547
1630261 21179070 43541405 60335753 65604392 68209920 68446061 71847229 73359595 79637747 86989704 90404746 94945000 96655484 97598142 99031903 105109640 110750328 110921163 119526244 121834189 123318445 123324025 124866595 127636504 127686449 128040590 128507642 129347403 129915741 130158543 135102077 138498796 139788444 146655020 150872447 157645081 159049573 161783675 163067164 164391207 165494539 166235979 166394396 170777800 184544253 190229547 197538143 208064567 210909560 220920045 222555703 229178886 229587355 229944730 231546333 231580019 232573485 234281590 237114951 240238656 240606964 259389589 
#module 48 size: 24 bs: 0.0827809
9491292 10268302 14242280 15131310 15762258 15868433 16208408 16357245 16521150 16988357 17475281 19195914 25092348 25316662 40007151 55221570 73112424 94358525 97361708 106727127 114012228 132250957 151084354 155994909 
#module 49 size: 28 bs: 0.00297387
1692171 6567132 9158962 10776882 14051159 14350762 15126891 15943690 18885594 19065686 19455487 21755807 22155739 25151753 33414867 38297358 39944598 48900286 62310536 74946653 84562932 124920374 170225857 184841559 202595945 209150087 240854929 252040223 
#module 50 size: 24 bs: 0.0505597
14508983 17435271 18343178 19747277 19884721 20932375 25447492 30734462 40250971 40957993 46205067 53500999 61462007 75141533 89552709 95458918 101207588 150828573 177507202 202257778 207793457 232191946 236195413 251718913 
#module 51 size: 23 bs: 0.0728867
11922842 14493526 14848179 15632345 15850769 16382820 16564842 16857066 17522884 17781217 17878154 18143526 19203457 31281673 38003948 38670814 39241726 48469625 58617198 64844059 89468228 109899569 127659721 
#module 52 size: 38 bs: 0.0957568
2900 13228592 14462781 15110531 15643370 15842919 17092592 18417216 20380789 20661527 21224776 21554226 21975447 23932737 24481863 26713682 34118997 34244280 35671638 36198161 47103930 51695698 56973737 64624131 67862303 77577477 79799271 83719783 97551846 128968339 140663609 160628707 180463340 188474582 191241796 224809136 227159879 241382533 
#module 53 size: 45 bs: 0.024668
13348 780290 833071 1293051 5832712 7712452 10420662 12219832 12935692 14065215 14333690 14388689 14431213 14532450 14749243 14773964 14862723 14947289 15030787 15231287 15583292 15935243 16145206 16334085 16494284 16847211 18481782 18514207 18927821 19356110 20219382 21509975 22665665 23006156 23204397 24166550 36071096 39284620 41145894 41296367 61772051 78354184 97289556 227726723 246061882 
#module 54 size: 30 bs: 0.0632116
10334122 15044300 16533239 18706144 26283471 26486510 33247276 58244502 59616920 62187962 70872642 72218449 74153376 80043372 83277670 84217059 86770799 87331481 90404746 91106767 104332218 106831967 106874944 108622476 121271356 125409467 191503263 208703350 217318313 218567695 
#module 55 size: 182 bs: 0.00559518
11332 6188152 11892722 12322812 12693572 13599852 13785352 14100617 14105540 14179549 14212359 14218186 14227897 14277846 14294650 14389615 14543117 14554078 14572033 14572196 14937173 15062527 15075459 15121781 15230754 15233366 15400246 15400332 15442150 15495117 15895108 16033434 16387116 16471088 16492009 16513795 16716129 16877448 16886645 16936459 16951443 17240550 17280132 17323733 17365324 17503856 17519222 17824560 17909421 18121680 18155171 18168267 18231339 18356346 18557253 18592579 18774686 18776351 18873213 18967578 18997715 19085742 19111507 19276287 19450841 19475375 19641024 20250302 20271080 20332142 20351695 20481131 21486753 21622756 21799282 22736954 23437737 23498775 23714675 23866339 23998156 24561424 25266932 25367291 25780932 25887809 26418098 26419638 26470645 27865199 29509119 31520228 32182277 32964444 33885025 34302264 35636804 36522491 36702921 38447355 39323281 39485994 40099249 41123794 46164502 46787681 47721240 49849110 50077710 53941287 57135779 62950338 63283271 66871294 67898690 69025404 75165241 77392251 81505840 82112778 82411192 82444043 84025309 84124761 84497664 87106149 88214227 92437178 93800894 94919897 100817771 100818788 101253269 101477465 101631951 101686868 102780726 103576036 103969563 103976896 107572393 108417469 109460638 109604578 109841442 109886771 110320464 110532690 111047202 111482299 114049072 114628210 115247248 119517827 120958573 124742769 132946771 132975929 137178307 160897794 160994217 162140481 163845303 168730556 173899102 174649888 182466412 189092067 194783022 201242210 205094271 208303207 211011485 232568677 235347368 239191123 240920084 244673838 249361812 250248024 254092296 269889901 
#module 56 size: 78 bs: 0.0446143
1249431 1315431 7746052 11299932 13267622 14136972 14568079 14617878 14664756 14753540 14985117 15308303 15400979 15462767 15551263 15678167 15843240 16027532 16278934 16356833 16358939 16561212 16663709 16912241 17740210 18280708 18345963 18460854 18737023 18822866 19396560 19774073 19790013 20770172 20954257 21881105 22018221 23797396 25197341 25874451 27944666 28106848 31620237 34074792 34128302 36368888 41437506 42934309 44683837 47613125 48880548 52927776 54113444 56458700 59518891 62509229 66158240 70461418 72353797 72426413 75192691 75356470 77151544 90776145 91458608 92563411 93953977 103864359 104901157 110746020 112009840 124908488 162898103 163383284 172204281 182066809 196671715 245543122 
#module 57 size: 142 bs: 0.00222713
1774081 8614412 9666782 10819662 12383122 12566322 13191382 14070222 14118937 14134608 14140147 14170736 14274606 14304739 14388669 14398964 14448046 14639235 14685183 14738804 14763566 14789042 14801380 14803154 14870804 14890621 15109389 15165587 15175391 15367279 15380951 15660796 15825852 16201819 16226069 16248585 16320817 16459994 16536804 16905666 16928122 16956103 17062597 17083396 17116782 17130461 17343595 17353481 17400430 17424617 17771429 17837216 17873348 17971670 18087450 18214840 18322904 18478410 18485106 18603672 18638821 18914307 19023804 19288077 19774034 19841754 19886347 20201647 20212448 20758436 20813783 21004344 21213658 21278570 21832608 21863612 22526513 22681922 22818133 22907920 23032476 23843205 23974021 24551605 27018757 28009658 28128602 28462804 30469863 31157419 34507129 35068546 35523686 36730935 37679854 43249641 53175809 53188888 54546622 58866657 62614001 64234931 71410962 74026628 75800420 77026018 77042833 77402928 79740296 83625882 84438310 89595535 90313639 91836238 97252700 100188468 101863069 105305259 109440429 114579424 116571138 124854403 130575807 131246223 144892029 145350228 153875670 159245037 170351580 180077597 193674723 201531255 203149052 203336407 206358757 215989468 216905062 225095543 233221276 240365217 242179067 257556561 
#module 58 size: 21 bs: 0.0207753
1630261 14169364 14697711 22119456 42868982 74285761 82655261 107232730 122115977 127846497 129319803 147977705 150956563 163954957 167084030 168426262 205007756 205936089 208582686 219979539 254639896 
#module 59 size: 160 bs: 0.0479111
27953 683523 775861 814293 1253451 4303181 5024371 5693322 5778852 5798602 6118242 6389222 6630962 6655632 6753242 6811802 7491582 7595842 7773162 7830812 7853592 8147062 8417802 8539242 9048222 9491292 9574902 9615962 9734372 9850782 10771662 11235032 11606702 11674822 11892722 13107602 13225072 13272592 13900042 14054450 14061723 14083767 14105540 14144790 14178312 14227897 14245501 14253707 14274372 14289835 14291015 14298819 14299583 14345566 14376840 14378281 14443616 14452057 14469179 14500374 14532188 14562004 14575798 14605495 14634197 14634791 14659923 14679080 14705619 14706004 14717311 14773346 14775487 14796279 14846859 14864169 14883514 14923682 14940826 14941009 14998779 15023383 15025059 15046916 15120037 15131310 15239123 15293352 15300020 15391752 15393033 15445154 15483517 15487499 15615591 15678167 15686613 15707047 15729205 15811608 15937921 16013349 16124611 16153984 16237734 16261638 16303557 16304010 16353944 16570335 16703461 16887348 16915314 17022831 17024671 17037986 17246888 17280132 17332386 17519222 17545037 17764146 18327007 18460854 18493879 18609139 18997377 18997715 19090407 19475375 20660925 22866896 23437737 23655155 24436600 25318477 27962194 28564127 28873178 30791761 32516316 33492243 37240699 37977930 42934314 43111514 43765408 44015183 46707560 52090770 54370980 62606223 66395780 66818412 78789634 101477465 125382460 143879476 179154258 216782324 
#module 60 size: 35 bs: 2.10462e-06
8393112 11892722 12322812 13220972 14144790 14212028 14291015 14327792 14517899 14634791 14706004 15445154 15495117 15534716 16033434 16570335 16941718 17644563 17850637 21275406 22201568 36407795 65363711 67898690 68982398 86160868 104901157 110281707 113747572 125867143 132975929 142415173 144325640 195742848 255257849 
#module 61 size: 36 bs: 0.0860593
456 11983 767715 1042631 2099891 6774272 7210762 7224702 7511702 9584882 9686792 14128528 14321959 14564986 14576426 14888362 15320887 15414807 16212167 16694698 16745770 17021619 17179368 17325009 17627390 18507464 18885594 19466732 22960333 23486491 40953367 57026817 95499927 233965578 252105891 263588145 
#module 62 size: 121 bs: 0.0145363
381203 819284 1129701 1428831 1441291 8883702 9040122 9405862 10636902 11580962 11633492 12354252 13047322 13342982 13690622 14117196 14128528 14184628 14604049 14712904 14742422 14758406 14889333 14894307 14934718 14993616 15070780 15362948 15440344 15485085 15634516 15692087 16680654 16694698 16703742 16954719 17021619 17066838 17074868 17202143 17300593 17312943 17372379 17460928 17505487 17511523 17874910 18038375 18089164 18102284 18429289 18436433 18507464 18611056 18705078 18787972 18850958 19532315 19771162 19794129 19977032 20030225 20083563 20545925 20610029 20851240 20858400 22050760 22413145 23166140 24661289 25164847 25191558 25330903 25490697 26174646 26716467 28211629 28562298 28674078 29965112 30178173 31465017 33098821 34012344 34057913 34636987 39619991 42197349 42469463 43292618 44651055 49824306 52162223 52814458 54296186 63614805 69033184 80589255 89410778 91827895 94856925 96779857 102617462 107354278 109339635 109370698 118837674 120185625 125418319 125668334 141379955 162886404 174959828 179054464 182029374 186426532 203951741 214788442 216336191 232502918 
#module 63 size: 100 bs: 0.0679441
509 682213 3811511 5153221 5388852 5447732 6540192 8156622 8690902 9209942 9485202 10155832 10609292 11829282 12855572 13388922 13579842 14109004 14135237 14206392 14219103 14220249 14293571 14346361 14349449 14349894 14354144 14430556 14620544 14835646 14870168 14959496 14990031 15106068 15354397 15385968 15393195 15428401 15555038 15770684 15866800 16157980 16703742 16956811 17029807 17063238 17177403 17307627 17381284 17451411 17469567 17856201 18064263 18089164 18134210 18295455 18429289 18566782 19018185 20610029 21307269 21513512 21653513 23166597 23343266 24906998 26657049 28018958 31213504 35783898 37069994 37764670 38109868 39774991 44069257 49445813 53294779 57888537 57949239 63054429 69932023 72343437 75236148 79873303 83865532 92342722 96640040 98793050 99740489 103971994 107633083 120794494 120819229 124920374 128126290 173387492 180770812 192589318 214303021 246036260 
#module 64 size: 85 bs: 0.0114399
13225072 14248612 14339520 14911255 15293352 15524002 15585410 15852054 15878020 16153984 16177296 16570335 16586626 16912241 17206658 17224164 17495000 17576667 17945015 18131988 18493879 18500081 18766019 19494371 19826674 20267632 20476654 21799282 22077506 22228327 23145109 23309869 24797350 24816382 24897332 26589876 27894046 28599031 31667926 33362218 34700428 35548601 36568789 39645433 40721661 43163302 43635444 44202114 44961029 45756215 46159898 46589508 61666438 63230620 65193458 82376322 82444043 89273858 92356909 94919897 105394663 106185357 106424240 111047938 111662569 114467024 115596327 124257319 126754289 132526387 133941575 142447390 142761850 143638559 145315512 162052960 167570736 171305484 179422421 185497324 197156324 223704520 227750413 240469100 241210475 
#module 65 size: 5 bs: 2.08113e-05
95142106 171023147 246600472 248960481 248988432 
#module 66 size: 79 bs: 0.0156646
759186 821978 832831 1189601 1309511 1428831 4312721 5656332 5727392 6452782 6566712 7674792 7712452 8481222 9813282 9853212 9886592 11028352 11035782 11145002 11991832 12070672 14222176 14258602 14261302 14399289 14562685 14596506 14599422 14624115 14874721 14891245 15103213 15184929 15210530 15281078 15302120 15382111 15426896 15445270 16357285 16530746 16680941 17065634 17737138 18038375 18312678 18455643 18503214 18565158 18685602 18920390 19006260 19255759 19658782 20307019 21626871 22924849 23221629 23547843 24125006 25003235 26089676 26236577 30864653 34012344 34394575 57102394 60775372 63875612 69136508 69687111 108274516 117477071 143414740 156010360 157455254 163712424 192171500 
#module 67 size: 18 bs: 0.0528468
69583 682213 818176 6962852 7480172 7614632 8531352 13767702 15077051 15135214 15148807 15443141 17257272 18358227 29695131 75236148 94428870 135109492 
#module 68 size: 42 bs: 0.0178939
7209262 14188969 15628274 16395482 16610527 18106809 18637420 19160080 19461688 19468364 20105071 20932375 21321994 21344725 21889071 21962567 23075284 23593412 23834147 28167824 28471924 30854420 33098495 39812315 41159844 44817367 45660443 50008018 62926597 63280540 69605342 81725200 84868368 93666150 93827358 94365433 108045600 116065011 117147872 148040105 150618868 253727842 
#module 69 size: 41 bs: 0.00468279
8085432 8184892 12337592 12485522 12601142 14571531 14717311 15429250 15551263 15577052 15936780 16016852 16217727 16337126 16560157 17399774 17695465 18706924 19552126 20405853 20441166 22387436 22547150 25059097 26681722 29822494 31220561 34637152 35846393 38394199 48791942 53294779 78315807 86239624 101345179 136952493 139974111 145449666 160313219 187015252 224741780 
#module 70 size: 53 bs: 0.076596
24113 749333 1388961 1957211 3395021 8299792 8457092 9013032 9561522 13807132 14076943 14153491 14782952 14830831 15125371 15274752 15510638 15555038 16167886 16200143 16428278 16641454 16916193 16970274 17278906 17453969 17753670 17994525 18071407 18134756 19689035 20303224 20550830 21359690 21625207 22878414 23485622 31100040 31738235 33801769 34924998 50832208 56660747 84972513 87358503 115377377 138969362 152145953 152560538 154435961 181096818 202844511 260631674 
#module 71 size: 33 bs: 0.0411959
6120472 14079425 17242874 18183592 18276100 24500538 46934475 52910865 58438772 61421779 61476055 70478756 75551503 77895702 80621298 109433379 113422725 124248528 135248445 142157110 145347010 153244255 154132764 158875382 160097143 160919148 168517618 179964691 181233139 182562771 216952758 226011338 240551046 
#module 72 size: 61 bs: 0.00236984
818176 1129701 1203641 5447732 6325632 6341572 6774272 7042572 8132582 8143872 8615772 9926562 10284192 10333202 10880202 11984762 13448172 13451802 14321959 14352967 14496930 14638851 14704310 14888362 14903294 15066876 15211133 15409034 15497928 15639478 15925179 16366271 16801452 17276841 17449898 17794287 18429289 18705078 18929690 19038395 20945245 21584163 21668588 23549240 26043616 26784273 28006501 28609576 31303139 32211808 39716211 53411390 58994449 74411287 74574719 87765465 96880903 156240003 156768711 200137739 260631674 
#module 73 size: 34 bs: 1.84064e-07
205803 810579 920991 3028161 3277401 3286621 4922001 8518862 10000642 11202562 11424902 11632342 13000872 14280977 14578544 14860922 16226484 17549229 18230113 18269262 18402888 19338042 19602429 22457041 22483974 23618183 23664655 31214311 36697219 37680820 39815230 62545966 93730653 100504915 
#module 74 size: 127 bs: 0.0237975
456 1585 5149 10588 10675 13210 13298 21693 626233 700593 771698 799630 811051 898171 1054431 1319141 1724401 1979591 2108241 3171031 3558851 5025251 5727392 5780992 6588122 6900852 7541642 7599982 7929742 8307012 8435452 8448712 8602152 8823362 8867682 9011012 9277962 9286142 9485202 9627192 9819862 9853212 10356542 11204762 11413752 12104222 12160482 12477052 13205902 13445052 14065548 14118937 14128528 14141301 14153594 14155372 14157732 14176242 14186545 14258602 14319523 14389648 14562685 14653506 14689567 14714942 14789122 14820724 14874721 14934718 14993466 15008449 15020853 15159129 15184929 15210530 15231287 15368554 15412816 15681663 15780402 15780594 15826306 15939352 15972562 16040887 16049723 16249213 16506383 16530746 16878903 16904101 17006370 17071737 17205773 17257272 17493528 17737138 17874910 17988396 17994525 18173027 18619836 18813157 18834180 18836209 19583523 19600446 19679188 20391685 20731401 20873104 21957689 22992918 23743148 23757784 25661540 26236577 30864653 44570428 53352349 58818905 59541290 60775372 91329057 101563645 188911259 
#module 75 size: 25 bs: 0.00757918
809092 5885772 10654322 10774532 10781952 12587982 13438712 14135845 14533716 14562685 15041902 15231287 15299357 16527332 17170520 17926317 18176747 19044237 39341556 41626400 79666388 98362525 110897594 121209486 192171500 
#module 76 size: 48 bs: 0.0683771
14040522 16178737 16425627 16799649 17939480 18544188 18626582 18627463 18872519 18878427 18958597 19410436 19927845 21784570 21953832 22581361 23389965 23555722 24574222 25242416 25897762 26312359 26457416 27071190 27827695 28402860 30386438 31070910 32633716 33960315 34075958 39986906 51734182 63337613 91448645 101894696 104563357 113734388 125277965 147787042 162279176 193779018 197075594 205346326 213702367 227207387 231271588 235538483 
#module 77 size: 212 bs: 0.0802519
509 989 1398 2185 10178 13348 67813 347133 678033 691353 773624 774909 780991 782010 817970 923541 1051171 1091241 1246421 1380711 1442101 1717291 2384071 2771891 3265101 4583971 5025251 5051171 5108161 5388852 5708292 6021422 6131832 6141832 6245232 6708952 6774272 6900852 7112242 7181572 7434272 8106562 8261762 8293402 8602152 8935052 9543992 9590262 10052552 10154052 10284332 10730842 10767712 11069462 11086372 11435642 11821622 12329252 12398022 12566662 12575842 14051193 14061771 14076943 14085088 14128528 14185424 14247062 14257199 14270791 14274132 14321959 14330959 14335404 14421572 14612263 14706139 14708747 14786238 14802885 14822021 14948485 14950583 15040446 15051601 15093212 15126651 15173486 15223252 15223619 15237935 15247066 15328388 15379912 15414807 15471640 15479484 15514266 15514372 15538795 15551156 15583560 15626406 15635812 15831401 15898695 15924411 15942716 16352993 16393123 16612857 16721263 16745770 16814973 16883326 16911564 17175973 17179368 17226610 17339297 17372256 17472945 17549096 17610796 17796440 18152057 18450898 18533988 18655567 18680985 18697352 18872123 18906478 19038395 19062153 19207266 19374805 19404944 19639071 19826509 19910599 19996935 20017902 20173675 20905953 20928893 21700719 22145414 22200186 22290807 23593213 23898238 24133831 24794263 24889586 25160944 25163231 25175706 25532738 27106703 28840450 28991368 31030273 31179355 31359340 32718488 34556885 35473835 37922200 39216517 40532389 41188469 42315951 43194865 43239422 43911998 44046468 44936058 50749152 53311224 57133313 61291337 61317377 61755699 63073975 67924644 68552069 69604327 78735819 88061302 89119055 89414621 90803319 91921994 92876427 95044697 98976495 103527653 104493815 110301570 133893663 159163111 203508691 208687668 215259883 215370565 229543786 243768368 249260397 255349187 263852695 275672060 
#module 78 size: 37 bs: 0.0361759
1917731 4388251 6092972 8474322 14226882 14270329 14676022 14740408 15529625 15754851 15808765 15978380 16000947 16700601 18244087 18368098 18485748 19719380 21316936 22938618 23064510 28339843 28377973 28448216 35602818 36997036 65293006 79039503 98390827 119139599 140060120 162959093 192477353 233707083 236711870 242852382 253473812 
#module 79 size: 66 bs: 0.0532852
74543 82363 774909 1528701 3750071 5547552 6092972 6904482 7155782 7526892 7770342 10400902 11069462 11148742 11504382 11993412 12095912 12340562 13539592 13775632 14165957 14198011 14369409 14401102 14445542 14503316 14533116 14553055 15199325 15206692 15250836 15753937 16010789 16023926 16148602 16158012 16463326 16739711 17279500 17439117 17669882 17789291 18279169 18565158 18635626 18889063 18948706 19996935 21047224 21909890 22053039 29005683 47518210 51196532 53280402 60696138 61127420 61772051 64444175 78792100 78905607 86167256 108803911 151158927 166707502 210118012 
#module 80 size: 32 bs: 0.00145022
7614052 17259640 17813433 19631582 19990190 20372179 23664028 28901886 38793729 49616509 51678226 55303089 75347004 79930408 87534528 95448172 104236319 119667870 124670621 129949964 133923294 145755847 161691702 170394787 173452455 175590052 213069826 216344199 220884100 248037849 263031010 265977653 
#module 81 size: 105 bs: 0.0942392
5820022 8402052 10252992 11896242 12566322 14320910 14746460 14870804 15343285 15353236 15746214 15749997 15940736 15959806 16032700 16069024 16105152 16130242 16156302 16201819 16520112 16536804 16546592 16592690 16897237 17116782 17343595 17351052 17538588 17971670 17997511 18039861 18175164 18239795 18247087 18275871 18280155 18406622 18638821 18790031 18795950 18857778 19023804 19047089 19137574 19532857 19690008 19732334 19789205 19988765 20212448 20338713 20567743 23155646 23406304 23620612 23861287 24798988 25567123 25736364 25948167 26255541 28622733 29343437 29436139 30376196 33617885 34262175 34425171 36098673 38359820 39470262 39528744 39700831 45004183 45051485 46340763 51034077 52699786 59095319 59913286 64927053 69001280 69342256 70632952 71015802 74625574 87719258 93100491 100004821 104211750 117850134 120965844 121910714 125090924 129098605 131357770 131646552 131881168 135414895 159329042 206358757 209471041 259288480 270698836 
#module 82 size: 74 bs: 0.0110691
1917731 7713202 9188592 9376622 10168082 13028322 14389132 14437914 14544571 14720411 15450996 15700362 16181186 16362662 17461226 17971455 18391075 18587662 18791763 19153333 19754122 20444463 22040403 22174042 22935909 23188976 24661757 24975816 25694234 26539097 27553223 27789999 31175661 34434801 35195343 36563254 40506540 44769565 44845302 45190383 53091022 63009240 63796576 63834256 64576818 66759379 68807455 70477603 72475621 78470249 91191989 109777164 110918004 111165159 115753716 119160384 126717954 128882329 129360573 130893745 131109320 148891227 167637074 169245808 171569791 180151159 189758673 201515262 214212019 219819147 227192133 227838448 233306179 234696158 
#module 83 size: 80 bs: 0.00247191
12597012 13315172 14053295 14233546 14464919 14562275 15599014 15683948 16381764 17635363 18083141 18089695 18122984 18353112 18689581 18822990 19824145 20209025 20414217 21729540 23324325 23421006 23628049 26419482 26668603 26713682 29985526 32377446 32712520 33452655 36912323 43500507 44733866 46037408 47110722 50300582 51758990 52788040 52866517 53443633 63285684 64844059 67436412 70199201 75221587 77281326 84623487 89468228 118102391 123116942 124524462 132013729 138267795 139567380 140028928 141242868 155192639 159716429 160313219 165144151 165914228 171719023 189686051 191514152 191840628 195165128 195796378 217162001 217527334 222444337 231254156 231488894 232979512 235380880 246290364 247136805 254426170 257186370 260505934 260786513 
#module 84 size: 140 bs: 0.0207297
989 2900 3840 5608 10178 10396 11426 12522 12716 12916 13348 37573 50193 50613 56653 57203 76373 79543 636843 683113 755452 772681 780006 792907 795448 803847 812825 814293 815233 816154 816812 818340 819546 822647 824157 833071 854291 926121 1253451 1283361 1330151 1355401 1356261 1363481 1530371 1797291 2150541 2507851 2737751 3533231 3855911 4303181 4959461 5238371 5259391 5385262 5402752 6018562 6219652 6419872 6609072 6904582 6976562 7006712 7144182 7449512 7508092 8039442 8654602 8803972 8906982 8925602 8933942 9244262 9248102 9355162 9527242 9853212 10771662 10864492 10876852 10928462 11063312 11435642 11470032 11884342 12683642 12702572 12795662 13102262 14063033 14079017 14083627 14095473 14111182 14118793 14182254 14191626 14222176 14304302 14324944 14387542 14464331 14528817 14562685 14578544 14582352 14660213 14985117 15033971 15040500 15087461 15126388 15149632 15342518 15354042 15497928 15699754 15706037 16191175 16237734 16438898 16818880 16874616 16997044 17372386 17514057 18699208 20466813 27961877 29135440 30059550 32629751 34356968 64122735 123963067 131607538 140827994 145662065 246913322 
#module 85 size: 33 bs: 0.006825
16191771 18059231 19245279 20340239 23343968 23560531 24603879 26306729 26847783 27503151 28573074 28733900 29807370 34278049 37222006 42140354 52575960 65590754 66531467 81189900 89026913 102019594 119178303 143613967 176140153 207977066 220756966 221489828 243522984 245439953 256134707 256291383 266761504 
#module 86 size: 145 bs: 0.0398569
1936361 12088232 13817822 13832532 14435478 14848221 15399951 16273144 16275858 16290327 16444912 16878100 17011345 17259640 17301889 17326645 17767500 17813433 17961246 18083141 18107886 18124692 18208795 18706924 18795950 18829156 19089993 19187122 19552126 19624059 19683498 19774114 19886908 19961801 20105071 20882372 20956390 21507298 21975870 21990854 22380908 22987468 23155646 23246523 23324325 23409989 23506185 23777198 23939797 24224879 24561449 25373949 25393674 25688058 26739128 26747105 26756907 26773692 27043989 27095215 27503151 28018958 28410099 31059620 31257590 32147116 32435460 35105327 36073824 37420083 39897996 41856927 41958323 42465046 43607866 44147853 44870998 44986113 45484909 46222099 46476526 47497885 48737785 49013625 51043119 51678226 53657495 55979296 55995317 58341833 60654941 62301773 65260323 69102823 71740672 73341141 73683746 75141533 78543480 79930408 80235953 80796687 85665693 87870915 90325437 92439035 92697733 92798123 103285229 105214847 106182367 107164806 107852396 112938012 114767953 116994547 119178303 120765039 122218767 134505123 138860140 141361726 145449666 146093372 146237367 154708805 159716429 162959901 166248847 170270136 176806231 177931290 179054464 180160839 183781511 191609459 200903027 224074946 237962820 241164164 243431726 245167786 250928526 251425066 258475508 
#module 87 size: 255 bs: 0.0435514
4954131 5683952 5764432 6603672 7044252 7144882 7226972 7823692 7867802 8447862 8647302 9175912 9306542 10284542 11279172 11304762 11732322 11855222 11965332 12184042 12304722 12611642 13097772 13306282 13362422 13654112 13728412 14131420 14177081 14200437 14216712 14216821 14270329 14316141 14372059 14389062 14389132 14429823 14433007 14436072 14616050 14625146 14720411 14727152 14777850 14819061 14840993 14935079 14949249 14951992 15044502 15182385 15214601 15276401 15284607 15322793 15343458 15349653 15371730 15451434 15466555 15565703 15600217 15683948 15726358 15746084 15768216 15819292 15831093 15842676 15887107 15896379 15946540 15963488 16148335 16175706 16181186 16217220 16294267 16337697 16388972 16438743 16462209 16465359 16513752 16540406 16630083 16641718 16662478 16684007 16733141 16819278 16824146 16880685 16956236 17062111 17066077 17069525 17172429 17194090 17204519 17206150 17225325 17273391 17385961 17415305 17486092 17506774 17520649 17580892 17676599 17746589 17789501 18029498 18034962 18066875 18073211 18129159 18211473 18254895 18262412 18281397 18418944 18431771 18492564 18536322 18536826 18619708 18637420 18704291 18728945 18731529 18773339 18773467 18787132 18832833 18879847 18913509 18932935 18954425 19083865 19341833 19377400 19431493 19490555 19498445 19590747 19675857 19734025 19743196 19790783 19899940 20148513 20319730 20477352 20497524 20649770 20685484 20918359 20959144 20996839 21018559 21158774 21182196 21318903 21323607 21460496 21507883 21776768 21777919 21812771 21817105 22091828 22150874 22203887 22360594 22513467 22516489 22753132 22883967 22965779 23026604 23106500 23126646 23172966 23219980 23274866 23372889 23499247 23546638 23556388 23721972 23920779 23953237 24095880 24164536 24247270 24481083 24608101 24865454 25570524 26092570 26104299 26681326 27143583 27732408 27760633 27787027 28018672 28240302 28377117 29943167 30479742 30924802 31152881 31634255 33014475 33213349 33870680 34572831 35234203 35280301 35524334 36008885 36648662 36986564 37832300 40822836 41641562 41883924 42601947 42668060 46787956 47791995 49216076 49814392 53257111 62846638 63728431 67010977 67129024 70745737 73037662 83370426 87795802 96889262 99320433 101744237 111053385 244931754 244934195 249964144 250477894 250532240 254184021 
#module 88 size: 213 bs: 0.0641684
12522 1069351 1315431 1485021 2059841 2960101 3041201 3533231 3714411 5656332 5660312 5738952 6509242 6572042 6695732 6944972 7172452 8294022 8596022 8614412 8769212 9158962 9200242 10785032 11058922 11073902 11349102 11541372 11567972 11577962 11632342 11991832 12047202 12517792 12536272 13124962 13356392 13546712 13683762 13693042 14027532 14097725 14115587 14217862 14228300 14270757 14285046 14290415 14345609 14364397 14519349 14618493 14680167 14801984 14855279 14869791 15052090 15158352 15257682 15315857 15364959 15367795 15410368 15521495 15632835 15768141 15863689 15891536 15987060 15991918 16012310 16089513 16106525 16234345 16425453 16438898 16506571 16668970 16807860 17046369 17068225 17079099 17080534 17125155 17224082 17366090 17429334 17429788 17463660 17464581 17576806 17641457 17925141 17972230 17993310 18137387 18188365 18216761 18402888 18442894 18455643 18499012 18565158 18710031 18754728 19564474 19599271 19685572 19746341 20096335 20628420 20660146 20851240 21132950 21225270 21404596 21544692 21781176 21908076 22164330 22289075 22660345 23014496 23197604 23331830 23526929 23584959 23789698 23992198 24908830 25054164 25159698 25911549 25931068 26287569 26334426 27413705 27426996 28115822 28658384 28936770 29827578 30025767 30146922 31269851 31310594 31503269 32428493 33606835 34323672 34737705 34932133 34983319 35402203 35476723 36480743 38164856 38329264 38388028 40486003 42659612 44497235 45879513 46668984 50387743 50718249 61628815 64047804 68696417 69648081 70267806 70474548 72725104 74250663 76416892 78634066 79287934 82109274 83602448 83897393 86272337 90058548 90964504 96585127 102747321 103944737 107462003 107749539 110812554 117016997 117477071 119777563 125745997 130974356 131979670 132977590 134156687 137717770 140591488 141527434 158788474 165590939 170101646 171995715 195440552 198911524 199609635 210852155 221485597 221749521 222128283 245126239 261947295 
#module 89 size: 124 bs: 0.0984623
8496612 10044022 14468043 14850221 15605754 16248319 16253235 16624180 17070787 17362299 17528356 17897020 18649219 18761609 18953266 19291590 19801665 20027256 20477352 21690938 21930609 22813537 23135992 23282565 23555722 23958589 24006057 24686494 25419816 25729276 28784606 29206300 29436139 29451005 33218276 33241171 33778988 34733255 34826262 38202628 41470157 41874288 42630325 44564343 45672770 48096690 54623706 58904655 61481916 61543234 61751708 62554155 62816181 65681735 69377877 78606921 84053324 84236250 91462853 93328997 95288092 96477730 104055955 105523857 111969688 112058406 128601175 130302239 131003396 134743070 144383619 147026192 150255293 150435789 152908018 154876782 156636089 168544279 175477079 176642333 181633686 181800245 183271121 183998273 186791742 189758673 197178807 200664598 200936459 203867751 205346326 205609713 207553661 208920761 210308682 214406243 215761524 220885253 221265281 225491442 228561093 231858934 232378811 232603412 232979512 233241581 234308463 238421074 239221322 239286291 241164164 242454810 242589987 246024271 247057776 249956612 253589177 255180880 257854565 260108644 261894735 266151992 269105245 272418328 
#module 90 size: 78 bs: 0.0173286
18105493 18534567 19578025 24163850 25154863 26815053 27753611 28486708 37246265 38327069 40187150 40187188 44278796 44636789 45051894 47520916 49464688 52114630 52582757 59197928 59355478 61250869 64217263 68456925 70617438 73978891 74033128 83220224 96109157 97158610 99356759 103116624 108350879 112760135 115624836 121296694 126364732 131512268 133778635 134687004 136653516 147461784 148476118 154440966 157765776 157858384 162017343 163719471 166698317 167915369 169074286 172886308 180390958 182517897 183461152 183626732 186633188 192709407 202063776 202867023 202892149 211977478 213310819 213937754 213947558 222189121 223171168 226001181 227686496 230299067 235905598 238394455 242444620 249259023 255315692 259603718 259695549 266908845 
#module 91 size: 345 bs: 0.0251653
10786382 14343949 14472183 15274836 15618317 15745139 16703058 16956339 16970638 17357018 17905825 18234520 19124543 19167202 19618046 19632835 20007264 20116255 20661527 21023334 21259003 21867719 21881621 22042403 22254576 22341769 22950203 23031702 23103362 23257245 23420024 23711425 23782518 23882123 23961550 23963107 24351659 24411254 24741411 25253084 25897762 26874644 27109378 27234262 27257879 27515718 27827695 27908385 28031609 28214315 28424289 29015085 29084075 29163409 29355945 29459695 29460521 29518132 29555467 29632619 29770468 30194186 30404850 30462898 31330292 31403276 32300434 32334346 32584355 32633716 32770999 32957473 32992448 33080831 33158772 33498000 33668466 34030481 34146256 34686024 35726826 35810047 36832842 36906540 36944780 36982314 38260779 38541154 38580030 38600665 38610291 38729990 40185311 40248272 40337245 40340319 40350303 40701143 40907388 42670114 42990133 43740591 44297180 45013235 45045450 45051894 45928398 46019128 46666938 46754894 46860582 46878105 47628348 48059095 48726854 48867402 48915248 51482804 51531341 52405458 52474527 52504599 52582757 53292314 54387128 54709948 55222535 56675544 56706308 56994938 57231428 57486140 57505932 58268797 58751344 59338505 60304834 62415418 62635353 63192289 63260438 63597788 65367727 67574227 68241308 68442782 69490214 72005983 72741498 73710819 73978891 74033128 74202957 74586267 76667648 76976987 79637747 82390302 82977544 83735005 83770292 83966731 84061021 85632018 86780531 86831936 89776939 90854372 91273362 91943914 92927188 94159667 94831581 95277355 95522978 95985617 96815249 97051433 98479451 98714095 99001341 99772708 101612960 102186571 102847829 102951314 103088329 104055955 104434793 105860187 106175819 106414572 106601959 106888707 108448846 108692077 109569992 111795703 111989628 112075462 112760135 113422725 115624836 116706360 116756735 117157665 117196502 117792193 117962382 118352178 118614880 119113698 120652915 121163932 122290394 123431836 125150547 126346398 128102692 129730276 131066597 132108729 135057752 136004374 136653516 137066744 137183468 137366470 137455666 137622383 137786520 138166083 138847948 138905522 140286942 142805881 144712717 145159487 146906710 147043669 148155333 150400817 150770608 152352981 154368883 154635466 154972484 155722772 155899912 157122822 157729385 157767014 157832459 158104132 158216035 158630760 159144566 160029634 161813117 162092045 162364970 163719471 164453074 165090476 165826885 166839611 167915369 167959400 168402242 168563935 169103586 169234290 171424066 174350413 175222812 175938534 175997836 176114435 176764759 177096882 177336546 179812242 182028677 182172282 182982341 183088045 183461152 183626732 184900712 186267547 186633188 188202145 188450258 188867349 189265359 191358215 191875463 193483917 193585697 193703862 194245667 194955084 196071730 198048144 198597076 200685361 202063776 202789051 202892149 203290250 204390536 205066491 205544568 207730312 208093309 212311732 212950155 214112621 216172901 219913962 223219109 226001181 226659463 227016826 227686496 229328959 229729919 230314512 230476419 230525319 232230669 232834568 233405624 236967039 237996239 238394455 241963008 244937270 245928017 250983856 254221946 255509379 259305320 261932674 269700319 
#module 92 size: 48 bs: 0.0993226
24545046 28765331 34674286 35321567 35656602 36279515 38087508 41291640 48504894 50670648 58929178 60698670 62985966 69780518 74003363 80175829 83006046 89708408 93151373 111165159 111701523 114685387 116488585 119946793 125322205 126492276 127356642 130682467 131862233 132553078 135033964 142977623 146965762 158000381 174319881 178368272 179131373 181520337 185187643 192643153 204609287 209558599 210886997 216145017 231858934 243913373 251240599 252855619 
#module 93 size: 233 bs: 0.0225508
1081 1688 2900 3840 4030 10178 11489 11752 11848 12696 12716 12916 13407 31383 50193 57203 62783 66993 74543 74673 76133 82363 113963 616173 636843 683113 688273 688483 703953 772681 782354 787611 788673 804904 812825 815476 815897 818340 822647 824157 824211 833071 1020961 1040391 1048931 1048951 1129871 1386571 1394361 1630261 1639601 1934931 2148071 2737751 3303571 3376281 3452941 3460751 3533231 3597921 3855911 4554681 4700381 4958911 5024061 5238371 5385262 5402752 5489202 5531562 5724622 5957552 6018562 6065942 6302382 6419872 6814492 6911662 6944372 7159752 7277852 7278032 7282132 7315022 7508092 7708092 7865552 7885972 8039442 8092472 8132322 8348782 8466962 8925602 9074582 9324442 9413702 9468972 9562272 9588882 9676152 9804222 9831802 9896872 10650562 10876852 10921672 10952962 11470032 11884342 12294192 12834972 12852572 12886112 13140132 13578412 14015762 14063033 14095473 14110654 14180249 14264410 14277276 14320024 14327478 14416798 14426771 14500374 14523408 14529013 14582352 14607461 14643996 14680596 14707115 14715516 14786110 14813149 14833389 14852158 14908932 14936846 14943648 14945059 15050305 15058363 15063931 15064389 15067045 15073882 15076390 15138003 15270963 15462987 15469101 15631770 15865260 15936194 16120265 16222945 16332052 16381178 16407837 16592620 16731359 17212941 17372386 17755042 17801384 17976577 18196178 18300176 18370656 18660690 18857922 19079941 19255759 19542974 19575406 19709448 20025220 20466813 20696032 21069098 22301442 22387220 24420867 25513646 25752513 27961877 28117912 31536253 34356968 34904126 38488854 41250334 46670048 46958309 47712248 47951693 50363926 50686513 59580078 60642052 75423477 76424904 85906552 91894424 92074551 93837236 97515361 99536748 101551148 115087202 117218161 119395435 123963067 129878110 133480857 141004777 145662065 156407255 165482352 171669403 185002853 197962366 199400238 216838986 221650526 236550275 238819163 244404903 257664564 
#module 94 size: 228 bs: 0.0920951
9135 10305 10396 11489 12522 12716 12984 13050 13410 34173 56653 76373 79543 636843 754556 755452 759186 777560 781895 790000 792907 795448 809183 810579 811182 815233 816154 816812 829771 854291 926121 1220351 1283361 1355401 1356261 1363481 1530371 2150541 2507851 2564981 2737751 2825191 3041201 3714411 3855911 5179031 5259391 5408012 5449422 5525212 5531562 5661792 5738952 5916122 6258192 6419872 6509242 6609072 6904582 6965272 7006712 7712452 8112832 8596022 8765892 8769212 8925602 8933942 9147742 9248102 9355162 9366702 9409732 9527242 9543092 9639352 9759932 9853212 9952152 10224172 10785032 11063312 11148342 11403042 11413172 11632342 11774642 11991832 12536272 12702572 12727902 13363182 13693042 13884782 14063033 14079017 14083627 14115587 14118793 14134419 14136479 14152445 14213692 14217862 14222176 14228300 14238738 14252191 14260608 14263141 14266588 14270757 14304302 14363211 14384696 14433757 14435124 14448173 14464331 14471522 14660213 14715504 14724577 14749220 14855279 14943818 15080701 15087461 15126388 15150351 15158352 15294706 15342518 15365429 15441074 15447545 15520554 15537003 15579449 15699754 15751164 15845496 15885310 15891536 15953031 16012310 16156062 16169898 16191109 16348705 16369099 16428278 16690175 16727007 16807860 16813361 16818880 16888514 16996238 17003118 17080534 17087370 17224082 17295666 17372386 17464581 17471010 17514057 17576806 17593208 17641457 17925141 18072408 18092306 18213932 18557448 18628769 18699208 18982378 19572909 20466813 20764205 21266715 21544692 22982474 23033582 23284990 23388683 24167147 25294886 26850477 27961877 28584787 28612042 29827578 30010982 30204846 32629751 34356968 35796925 42654335 45617989 47507850 49723206 56810786 61510388 64122735 68452697 69577964 77750391 78792100 81453802 104289815 104893393 110821538 123437271 124473570 126150918 126362262 139984101 156985004 167488325 177234194 199015109 245126239 246913322 249415812 256172796 
#module 95 size: 173 bs: 0.00387108
5125971 6084982 6535242 8402052 9015512 9506452 10410632 11732322 12300692 12386462 12973362 13190282 13418512 13475382 14089271 14131683 14160471 14326003 14382508 14391111 14427431 14451294 14524060 14544864 14562275 14621637 14632998 14641606 14661957 14690254 14763336 14763855 14837928 14935192 14938248 15010777 15062528 15109462 15113155 15117599 15130462 15189849 15228091 15247986 15284607 15295785 15313725 15323865 15348564 15506834 15510756 15520700 15551294 15566022 15575441 15662467 15671214 15687170 15689313 15706633 15747743 15872657 15940736 16135362 16270580 16356317 16411898 16426698 16630502 16818490 16840877 16895549 16908775 16980777 17010854 17074457 17130180 17155901 17301914 17343124 17368610 17380976 17413777 17524007 17543438 17565891 17779287 17788582 17845906 17945843 17955879 17971670 18065823 18083141 18239795 18301263 18355228 18560205 18642642 18691494 18949053 18988817 19246850 19477654 19611658 19916228 20071285 20160897 20989298 21080122 21200319 21372803 21690938 22023311 22387436 23111457 24425906 25127831 25274451 25737016 27011541 28140193 29724162 30272314 32998543 33063845 33672294 33815302 33832697 34417776 35769941 37549379 38194364 41238441 41253854 42929595 43155565 43171018 44234494 45085003 47470276 48663963 48791942 49472317 50743805 51222676 51253969 53444887 60449169 60695143 63314023 64847676 69342256 70335881 72084922 76488224 78570188 82911157 87478288 89280747 92117844 100111917 103356166 113979106 129682105 141499502 145530134 151546361 159527534 174811472 180911104 192895653 232682267 
#module 96 size: 152 bs: 0.0788582
16713 625323 814293 815233 1252191 1384531 1953911 2241221 3041201 3433721 3533231 4278151 5683952 5816442 6084982 6258192 6269602 6288762 7090482 8596022 9015512 9139352 9543092 10224122 10355872 10928462 11774642 12049792 12304722 12727902 13012632 13286312 13693042 13979662 14056454 14079356 14084098 14085277 14098332 14133436 14134608 14182254 14204449 14217862 14228300 14264410 14285046 14313749 14325932 14326003 14363211 14370358 14382508 14391111 14421385 14433007 14475312 14476147 14562004 14578544 14632661 14641392 14652452 14727152 14777850 14799428 14820299 14850719 14855279 14871283 14892523 14935192 14985117 15081182 15189849 15221975 15250836 15257682 15374280 15431942 15488145 15497928 15520554 15575441 15675424 15699754 15762258 15924506 16163790 16237734 16275014 16427045 16438898 16539573 16630502 16720708 16750984 16828143 16886925 16907121 16908775 17005197 17047248 17074240 17074244 17228171 17343124 17371061 17375079 17451602 17506774 17520649 17543438 17827085 17925141 18049840 18179554 18194787 18258178 18497497 18559445 18565158 18621945 18680847 18704291 18814878 19012615 19246850 20192882 20660609 21546828 21665419 22539801 23172966 25276905 26618577 28108567 29767444 30059550 30175166 30705248 33369174 34343816 42793960 43155565 49115842 51527704 64387245 67090241 68839777 95998018 102524769 
#module 97 size: 276 bs: 0.060027
684743 1132281 1307011 1322691 3297651 4278151 6183312 9081922 9654112 9994802 11316212 12392822 13062502 13354002 13601052 14096096 14099516 14150407 14154581 14169364 14315246 14342547 14380462 14459669 14545046 14621637 14631638 14861579 14910806 15302201 15381346 15434432 15503968 15605402 15839517 15947185 16248319 16270390 16345566 16445899 16546592 16615594 16787126 16827720 17156131 17214633 17214701 17310398 17413777 17466146 17473289 17569124 17577078 17630773 17848135 17936052 18203404 18391507 18449174 18604510 18630708 18814878 18857778 19251173 19418492 19471181 19505248 19533093 19654406 19920360 20397358 20664195 20813611 21318183 21335770 21367818 21566395 21695613 21703120 21816096 22052924 22108647 22490140 23095083 23135992 23154642 23594701 24990215 25065717 25202714 25478329 26118186 26474694 26590781 26900011 26943860 27067218 27845072 27890540 28076703 28130246 28578596 29046105 29529143 30268257 30857134 34244176 34343816 35301479 35563232 35577793 35798802 36380897 36880462 38194761 38338308 39001459 39511351 39616153 39932500 41660436 41721520 41871789 41905057 42468157 42909484 43746845 44203387 45334322 46360075 46529685 47380390 47444914 47986482 48181005 48284445 48497316 49472317 49620984 50024842 51096590 54769822 55274676 55933111 56116936 56712219 58454165 59191437 59683851 60321100 62554155 63292317 63726362 66763589 67321398 67603734 68475377 68879809 73986605 74613440 74887389 76476217 79368271 80043372 82328753 83625882 83938774 84697403 86711072 86843948 88435810 89595069 89856317 94561549 95300430 96477730 100426508 100479447 102308453 104337086 106769185 107639543 108136710 112266869 112479899 112869554 113097921 113420566 113619900 114519095 115575220 118132028 119127201 119480392 120900736 121644896 121738047 122153660 122477485 123322544 126912691 128100093 131070862 133492415 135011198 138555043 139458881 140935817 141357881 149075605 153483319 153586491 155394436 157498350 159929295 162886404 163565993 164725958 164830389 165418860 167686055 169970345 171519363 173871192 180275858 184517281 186957019 187594795 189975197 194109571 194152765 195900371 196102552 196281219 198338473 199382257 199503098 201515262 201835381 203137786 203560551 204632531 204768565 207669798 209789811 210308682 210666689 210785308 210831524 211556899 212203440 212248847 216013791 217181024 219720365 221160429 221526399 222268976 223443158 226273650 227986140 234318173 236242567 237220110 239221322 239271745 242821748 242860285 243321948 243825310 246124029 246191415 253953257 255682362 265427614 267924448 
#module 98 size: 39 bs: 8.69469e-05
20352504 23992376 61496860 73331245 96089519 97122417 101014503 101711457 102043210 102542634 109596525 109881181 113198037 116873115 118230146 127465176 129529866 130128230 146321140 152143338 154906588 156198826 159503258 162060324 164271321 165200431 166815795 167312921 167735296 172223222 179514953 192236628 195979860 218936223 228331929 237114951 249983793 253545416 264046779 
#module 99 size: 111 bs: 0.045566
785595 7288532 10438862 14287191 14685174 14889185 15726500 16127669 16535920 17008328 18506975 20990463 22414207 24334049 24533117 26870624 28166828 28859686 31334049 36254904 38151136 41597013 45187586 46114472 53040017 53846756 56081642 56443851 58149795 62698050 68939290 68991418 69187979 70416891 73829527 79043962 80741351 81548178 83491082 84045446 84358598 85263926 85346124 90837985 92145218 95333167 95382723 101690924 103510832 104400450 106319129 107747077 109504968 110609337 111410375 111809956 116073715 116526623 117836707 118028227 118713710 119348430 120694668 120707178 120926981 121117011 124306740 128151956 128240571 128811995 129250534 129498307 132109821 133279867 134841238 136461307 139469291 141167217 145341208 151959726 152935567 154363906 156636089 159265325 161480745 162965189 163745140 165583353 169795819 176687793 181834984 183926085 188474582 192124196 195779937 196273078 200673064 202090023 208325536 208703350 215235391 217923038 219011376 223488253 226925720 233796756 249222971 250070427 251487559 253727920 269111650 
#module 100 size: 184 bs: 0.00883641
16068825 16506186 18414159 18483871 19650336 20195689 20276964 20352504 20897273 21113258 21930609 22116240 22589921 22925703 23292975 23335196 23774237 23844792 23992868 26388416 27386308 28226960 29355945 29459695 30308283 31830665 32451329 33452988 34010454 34075958 35748845 36643209 37190491 38668559 39099106 39439728 39584114 40187188 41965009 43050396 43637692 44672556 45928398 46019128 46054692 47110722 48320268 52254968 52780400 53324525 56675544 56836415 58881671 60936367 62382288 62509989 63192289 63290903 65507075 65539550 68094095 68414446 68554574 70236664 71423326 72036947 72826714 73703096 73986605 74153376 75630518 76498257 77731518 77949533 79754695 83454492 85008170 86495946 87321877 87331481 87712519 88198639 88829709 89121882 96790154 98505044 100281735 100554896 101106972 101221067 103106691 105268204 105623556 107621747 108538150 108679657 110470795 111992715 112558885 115036116 116999724 119178303 119196878 122056847 123055515 123116942 124942059 126153057 126351209 126387549 134009694 136242193 141243524 142303850 142805881 144921225 148055679 152352981 155311735 155962937 156475064 157314364 159658784 160718204 166757786 167700350 168710679 169443688 169655919 172223222 172397445 172639027 177931290 178897716 181929711 182040558 184518363 185221735 190229279 190546924 192972145 193364199 193834897 194066377 198056848 198590293 199234560 200123241 201947373 202849351 206216645 206613587 207379807 210268467 213961838 216258042 218193050 219089755 219913962 220255068 220756966 221489828 222485748 224830108 231472142 233257736 233409410 239190317 240878542 241310760 241382533 243164287 249096055 252759457 252769982 253414535 253784340 255708730 259733469 261708017 264046056 265960486 266296850 267579171 
#module 101 size: 192 bs: 0.0570389
7350652 10786382 19035245 19578025 20733757 22242179 23401174 23722620 24811584 25253084 26045055 26388416 26874644 27512005 27827695 29355945 30780296 34405249 35520594 35536649 36204399 37077578 38646243 39176418 39910912 40248272 42330308 42684074 43364907 45865465 48892632 51982828 52553796 52725693 52757236 55927532 58256315 61109023 63468801 63531207 66906291 67771977 69366493 70833097 72135569 72811901 75243379 75612668 76456492 77905001 82977544 84061021 86528620 86549560 87331481 88388566 89385774 90668001 91683053 94717868 95985617 98479451 108140942 112760135 113787997 113831847 115585592 120962212 123130128 126364732 126395181 130395742 130554757 135715040 138628895 139184917 140255945 142410443 146452672 147359145 147359386 147756403 154787999 155029302 155690100 156296440 156783397 158228752 158552358 158980067 160658239 160984282 161813117 163719471 165814490 169051492 170192703 175938534 181311417 183626732 184497682 185477564 186633188 190359605 191549398 191667380 192823256 192968187 196590443 197511305 198399355 200139454 200713835 202789051 204186596 204979872 205066686 205341777 207205591 209482512 213945499 216172901 218764044 219690900 219913962 220190718 220578999 220982094 221697034 223848490 225199394 226532196 229255063 229729919 230314512 230476419 230509267 230770866 231039361 231496926 231991793 231998027 232276959 232571300 232674215 233597060 234895094 235319539 235463218 235482531 236226987 236882308 237581493 239188819 239682389 240247368 241580495 243220807 244770433 245042640 245094866 246418321 246648550 247414089 249542643 250521819 250582808 251229821 253422875 253437303 253888243 256060579 256186650 256249279 256288010 256754305 257854565 258096381 258582570 258923616 259123873 259305320 260136602 260768576 261277321 261765367 262292817 262379715 263517122 267517115 267926000 268690589 
#module 102 size: 65 bs: 0.0767735
1712831 9410912 11673662 17393362 17763164 20376532 21658412 23148563 24654508 24703871 27056757 30340990 33241171 34376087 37241140 37896600 38124429 39218350 39753319 47380390 47628348 59698845 60849055 65598884 67321398 67510424 75711686 80779692 94841257 103725748 104584453 112749574 117943004 120735491 122540204 127198803 138322735 139331113 142705588 172143827 173610845 176868644 184630300 190546924 199381244 199746127 200139454 204768565 204979872 212311866 220419374 220982094 223488253 226207535 229517477 231496926 231535622 233597060 235737404 237193691 239923310 244050895 246029073 259615130 270455224 
#module 103 size: 161 bs: 0.0683669
5972752 14343150 14721067 14742479 15896304 15938944 15975681 17608059 17721569 17927796 18182511 18242620 18433188 18594996 18833982 18942695 18944608 19183264 19640035 20318194 21057434 21101803 21230617 21345203 22256515 22540789 22840652 22940727 22973224 23008116 23244977 23418405 23530440 24716002 25491038 25610972 25740983 27077432 28301633 28768235 28782189 29090205 29427149 30145166 32059102 32145253 32530781 32615340 33327241 34316788 34534533 34709013 36230769 36719360 37076569 37749110 37920064 39047949 40004981 41253398 41549425 42055361 42381705 42680682 44458662 44853718 44939343 45537747 47785927 47914845 48036380 48342996 48764460 48900102 50227060 50408030 51131831 51997163 53000535 53056410 54649894 54708000 55885084 56081354 56428052 56669858 57115373 59427376 62554155 63039818 65539550 65587134 66480892 66691421 69072789 69497763 71664150 73429252 74037588 74153376 75289001 75511224 76866234 78403223 80857771 82567107 83379102 84488824 85736993 87820847 88321965 90309379 90577798 90971235 91694445 92063493 92678445 93740417 94577861 94579136 94826232 96316448 96790154 98706590 98895591 99325018 102363028 103651694 104357325 107186135 109671957 110404277 112443324 117022831 119446586 119710421 121237632 122466242 123334275 124203804 126598407 127810704 131643746 132394928 133559534 133834939 134761691 136378375 138111295 139292079 139362133 142705588 144311568 149815436 151212561 153042732 168071804 182987447 218902597 220885006 251744064 
#module 104 size: 358 bs: 0.00387304
755332 5693062 7288532 7396542 10221752 14090931 14275501 14468043 14549601 14664210 14742479 15307617 15602091 15624385 15680214 16496431 16526591 16530557 16825062 16948493 17420951 17475108 17486602 17734669 17896640 18196308 18282606 18331770 18332827 18398385 18529151 18543454 18629665 18692021 18824239 18933832 18962975 19109017 19138755 19432112 19477159 19597166 19713521 20661527 20751505 20813021 20938935 21009554 21152997 21275420 22577042 23041301 23451393 24414900 24636191 24703871 24733117 24791281 25100373 25253084 25762392 26211291 27325141 27702107 28226960 28391808 29459695 29708582 29747993 29779074 30464510 30665326 31619861 33327675 33637010 35176496 35563232 35748845 35910513 36585424 37391190 38151136 38748814 38925280 38976017 39439728 39591754 39657792 42300159 42740377 43600056 44150150 44446489 44770529 45547073 46138858 47300233 47380390 47577195 47736537 50002300 50025858 50060799 50489460 50832715 50985635 51908250 54877998 55991727 57131205 58149795 59043610 59845061 60181596 60650519 61818955 62415418 62972069 63646347 64804024 67656375 68036460 69187979 70062275 70478756 72019681 74153376 74622096 74681972 75816353 76745868 76887105 78275869 84014340 84430599 85008170 85032253 87212008 87719730 87820847 88265548 88321965 88471653 88776484 89036498 89731752 91071674 91198297 91396258 92063493 92102625 92285511 93176964 94378996 94607882 94776307 94797309 95037522 95137513 95740429 96387764 98505044 98673557 98895591 101142166 101171750 103106691 104727907 105623556 106375859 106645659 107186135 108020454 109504968 109596525 109881181 109995803 110259781 111435350 114916798 116108369 116756735 117943004 118028227 121239864 121437473 123634244 124073829 125409467 126688022 129498307 129529866 130899627 131021790 133431287 134149133 134841238 134853224 136802522 139628316 139889120 141167217 142513252 145196076 146416257 146512958 148273080 148418872 148891227 149747560 150830257 153428380 153559103 153586491 154959835 158136469 158875382 161524303 162557157 162665603 162965189 163250088 163424898 164199982 166584190 171084149 172225488 173941018 174291299 174350413 175344254 175413619 176225740 177959094 178053334 178525052 178808746 179514953 180084261 180605438 180703009 181120728 181783656 181800245 183499665 184221744 184292192 184896140 186118905 188185864 188683808 189474615 190229279 190397000 190915626 192236628 192626071 193035945 194604669 196161118 196885303 198380384 199381244 199624094 199746127 200139454 200230533 200292780 202075612 202376476 204090866 204578326 204768565 204979872 208161241 208703350 208830775 210819491 211633957 211858345 212006174 212135317 213487656 215235391 215683551 216344199 216605516 216902526 217000649 217064519 217793491 217798695 218375995 219011376 219785653 220502693 220982094 221452291 221489828 221509706 221919129 223679418 224770553 224808382 224883589 225564695 226207535 226822549 226995027 229291215 229517477 230589809 231496926 231535622 232445524 233597060 233986555 234869209 235439150 236242567 237114951 237358682 237394359 237819356 239020684 239186520 240062530 240552704 240586538 241801946 242477546 243494256 243848799 244791392 245188974 245816373 246124029 249818868 255167616 255234205 257116158 257564668 257636956 257994974 258039690 258843668 258939764 259171181 261344536 261630686 264014418 264320420 266073365 266568519 270018625 271781804 272566820 272754640 
#module 105 size: 1 bs: 1
267882860 
#module 106 size: 1 bs: 1
47828718 
#module 107 size: 1 bs: 1
36217004 
#module 108 size: 1 bs: 1
15481397 
#module 109 size: 1 bs: 1
15412070 
#module 110 size: 1 bs: 1
258934913 
#module 111 size: 1 bs: 1
118557729 
#module 112 size: 1 bs: 1
47938142 
#module 113 size: 1 bs: 1
40779851 
#module 114 size: 1 bs: 1
3432881 
#module 115 size: 1 bs: 1
224138450 
#module 116 size: 1 bs: 1
12350902 
#module 117 size: 1 bs: 1
47050697 
#module 118 size: 1 bs: 1
88090633 
#module 119 size: 1 bs: 1
15522756 
#module 120 size: 1 bs: 1
22141824 
#module 121 size: 1 bs: 1
5998552 
#module 122 size: 1 bs: 1
39749553 
#module 123 size: 1 bs: 1
127692921 
#module 124 size: 1 bs: 1
44388527 
#module 125 size: 1 bs: 1
94397566 
#module 126 size: 1 bs: 1
62865525 
#module 127 size: 1 bs: 1
34486207 
#module 128 size: 1 bs: 1
7562622 
#module 129 size: 1 bs: 1
38186171 
#module 130 size: 1 bs: 1
254853167 
#module 131 size: 1 bs: 1
234099467 
#module 132 size: 1 bs: 1
53288855 
#module 133 size: 1 bs: 1
59697909 
#module 134 size: 1 bs: 1
73749928 
#module 135 size: 1 bs: 1
199486235 
#module 136 size: 1 bs: 1
14828536 
#module 137 size: 1 bs: 1
192007163 
#module 138 size: 1 bs: 1
125290228 
#module 139 size: 1 bs: 1
29707246 
#module 140 size: 1 bs: 1
17304123 
#module 141 size: 1 bs: 1
19721592 
#module 142 size: 1 bs: 1
210427069 
#module 143 size: 1 bs: 1
20329248 
#module 144 size: 1 bs: 1
14898632 
#module 145 size: 1 bs: 1
78906196 
#module 146 size: 1 bs: 1
247042017 
#module 147 size: 1 bs: 1
14255263 
#module 148 size: 1 bs: 1
20960765 
#module 149 size: 1 bs: 1
17446886 
#module 150 size: 1 bs: 1
16418505 
#module 151 size: 1 bs: 1
128023725 
#module 152 size: 1 bs: 1
15098639 
#module 153 size: 1 bs: 1
15614959 
#module 154 size: 1 bs: 1
161487173 
#module 155 size: 1 bs: 1
124252576 
#module 156 size: 1 bs: 1
107223604 
#module 157 size: 1 bs: 1
22792103 
#module 158 size: 1 bs: 1
184886029 
#module 159 size: 1 bs: 1
262312950 
#module 160 size: 1 bs: 1
266389364 
#module 161 size: 1 bs: 1
264400863 
#module 162 size: 1 bs: 1
18161157 
#module 163 size: 1 bs: 1
18098819 
#module 164 size: 1 bs: 1
90793521 
#module 165 size: 1 bs: 1
18939822 
#module 166 size: 1 bs: 1
20057454 
#module 167 size: 1 bs: 1
182686614 
#module 168 size: 1 bs: 1
66350411 
#module 169 size: 1 bs: 1
261073782 
#module 170 size: 1 bs: 1
110178946 
#module 171 size: 1 bs: 1
15917510 
#module 172 size: 1 bs: 1
139552551 
#module 173 size: 1 bs: 1
19935490 
#module 174 size: 1 bs: 1
244385521 
#module 175 size: 1 bs: 1
17713959 
#module 176 size: 1 bs: 1
34676616 
#module 177 size: 1 bs: 1
7205122 
#module 178 size: 1 bs: 1
18752726 
#module 179 size: 1 bs: 1
57795179 
#module 180 size: 1 bs: 1
21303464 
#module 181 size: 1 bs: 1
16044729 
#module 182 size: 1 bs: 1
178817507 
#module 183 size: 1 bs: 1
268063294 
#module 184 size: 1 bs: 1
45450377 
#module 185 size: 1 bs: 1
175018925 
#module 186 size: 1 bs: 1
54662153 
#module 187 size: 1 bs: 1
67381805 
#module 188 size: 1 bs: 1
36713201 
#module 189 size: 1 bs: 1
6303832 
#module 190 size: 1 bs: 1
176929534 
#module 191 size: 1 bs: 1
14251373 
#module 192 size: 1 bs: 1
131847507 
#module 193 size: 1 bs: 1
72627052 
#module 194 size: 1 bs: 1
258721812 
#module 195 size: 1 bs: 1
176994614 
#module 196 size: 1 bs: 1
18507199 
#module 197 size: 1 bs: 1
194608987 
#module 198 size: 1 bs: 1
22830586 
#module 199 size: 1 bs: 1
71203121 
#module 200 size: 1 bs: 1
28738346 
#module 201 size: 1 bs: 1
18576979 
#module 202 size: 1 bs: 1
13222192 
#module 203 size: 1 bs: 1
57247518 
#module 204 size: 1 bs: 1
14919201 
#module 205 size: 1 bs: 1
232451257 
#module 206 size: 1 bs: 1
161993294 
#module 207 size: 1 bs: 1
15131428 
#module 208 size: 1 bs: 1
20612953 
#module 209 size: 1 bs: 1
14236479 
#module 210 size: 1 bs: 1
15859253 
#module 211 size: 1 bs: 1
9643862 
#module 212 size: 1 bs: 1
159791993 
#module 213 size: 1 bs: 1
18818095 
#module 214 size: 1 bs: 1
49121564 
#module 215 size: 1 bs: 1
123963034 
#module 216 size: 1 bs: 1
781493 
#module 217 size: 1 bs: 1
16308041 
#module 218 size: 1 bs: 1
194465051 
#module 219 size: 1 bs: 1
32266938 
#module 220 size: 1 bs: 1
15398780 
#module 221 size: 1 bs: 1
50225755 
#module 222 size: 1 bs: 1
25799963 
#module 223 size: 1 bs: 1
184876062 
#module 224 size: 1 bs: 1
171994706 
#module 225 size: 1 bs: 1
84843976 
#module 226 size: 1 bs: 1
252760820 
#module 227 size: 1 bs: 1
71530623 
#module 228 size: 1 bs: 1
235324659 
#module 229 size: 1 bs: 1
269747809 
#module 230 size: 1 bs: 1
16272356 
#module 231 size: 1 bs: 1
92513185 
#module 232 size: 1 bs: 1
17387554 
#module 233 size: 1 bs: 1
129899561 
#module 234 size: 1 bs: 1
31036345 
#module 235 size: 1 bs: 1
50638723 
#module 236 size: 1 bs: 1
161772480 
#module 237 size: 1 bs: 1
51319087 
#module 238 size: 1 bs: 1
110986584 
#module 239 size: 1 bs: 1
250968367 
#module 240 size: 1 bs: 1
243691549 
#module 241 size: 1 bs: 1
243374286 
#module 242 size: 1 bs: 1
191964962 
#module 243 size: 1 bs: 1
215797959 
#module 244 size: 1 bs: 1
243914859 
#module 245 size: 1 bs: 1
65152219 
#module 246 size: 1 bs: 1
149729022 
#module 247 size: 1 bs: 1
188117384 
#module 248 size: 1 bs: 1
114762261 
#module 249 size: 1 bs: 1
113662211 
#module 250 size: 1 bs: 1
271127683 
#module 251 size: 1 bs: 1
107500136 
#module 252 size: 1 bs: 1
220020817 
#module 253 size: 1 bs: 1
179549579 
#module 254 size: 1 bs: 1
88342470 
#module 255 size: 1 bs: 1
227818834 
#module 256 size: 1 bs: 1
16864988 
#module 257 size: 1 bs: 1
165594154 
#module 258 size: 1 bs: 1
270029137 
#module 259 size: 1 bs: 1
35929320 
#module 260 size: 1 bs: 1
156959765 
#module 261 size: 1 bs: 1
172107130 
#module 262 size: 1 bs: 1
212823696 
#module 263 size: 1 bs: 1
17579692 
#module 264 size: 1 bs: 1
17981089 
#module 265 size: 1 bs: 1
26374989 
#module 266 size: 1 bs: 1
21587937 
#module 267 size: 1 bs: 1
15117717 
#module 268 size: 1 bs: 1
187951011 
#module 269 size: 1 bs: 1
253349591 
#module 270 size: 1 bs: 1
31293436 
#module 271 size: 1 bs: 1
57113993 
#module 272 size: 1 bs: 1
48123021 
#module 273 size: 1 bs: 1
172341029 
#module 274 size: 1 bs: 1
105235681 
#module 275 size: 1 bs: 1
70706453 
#module 276 size: 1 bs: 1
15487747 
#module 277 size: 1 bs: 1
32613223 
#module 278 size: 1 bs: 1
30761217 
#module 279 size: 1 bs: 1
17995655 
#module 280 size: 1 bs: 1
15803220 
#module 281 size: 1 bs: 1
139535000 
#module 282 size: 1 bs: 1
83393956 
#module 283 size: 1 bs: 1
274197373 
#module 284 size: 1 bs: 1
21751985 
#module 285 size: 1 bs: 1
198699773 
#module 286 size: 1 bs: 1
236719127 
#module 287 size: 1 bs: 1
33872783 
#module 288 size: 1 bs: 1
185124947 
#module 289 size: 1 bs: 1
22660932 
#module 290 size: 1 bs: 1
239576675 
#module 291 size: 1 bs: 1
257522681 
#module 292 size: 1 bs: 1
164856615 
#module 293 size: 1 bs: 1
58883706 
#module 294 size: 1 bs: 1
17421818 
#module 295 size: 1 bs: 1
255704566 
#module 296 size: 1 bs: 1
18028249 
#module 297 size: 1 bs: 1
227153602 
#module 298 size: 1 bs: 1
159001530 
#module 299 size: 1 bs: 1
17948379 
#module 300 size: 1 bs: 1
124548242 
#module 301 size: 1 bs: 1
18189305 
#module 302 size: 1 bs: 1
262966574 
#module 303 size: 1 bs: 1
43613550 
#module 304 size: 1 bs: 1
270021070 
#module 305 size: 1 bs: 1
19783137 
#module 306 size: 1 bs: 1
218219246 
#module 307 size: 1 bs: 1
45526985 
#module 308 size: 1 bs: 1
86188413 
#module 309 size: 1 bs: 1
63463335 
#module 310 size: 1 bs: 1
139757503 
#module 311 size: 1 bs: 1
17495194 
#module 312 size: 1 bs: 1
32375384 
#module 313 size: 1 bs: 1
15678008 
#module 314 size: 1 bs: 1
26730532 
#module 315 size: 1 bs: 1
105203822 
#module 316 size: 1 bs: 1
121223001 
#module 317 size: 1 bs: 1
89013228 
#module 318 size: 1 bs: 1
123614628 
#module 319 size: 1 bs: 1
98200411 
#module 320 size: 1 bs: 1
22192559 
#module 321 size: 1 bs: 1
2676431 
#module 322 size: 1 bs: 1
190969275 
#module 323 size: 1 bs: 1
260518040 
#module 324 size: 1 bs: 1
17393790 
#module 325 size: 1 bs: 1
15229127 
#module 326 size: 1 bs: 1
87590534 
#module 327 size: 1 bs: 1
98025022 
#module 328 size: 1 bs: 1
120174685 
#module 329 size: 1 bs: 1
106491960 
#module 330 size: 1 bs: 1
35152869 
#module 331 size: 1 bs: 1
16856926 
#module 332 size: 1 bs: 1
16278276 
#module 333 size: 1 bs: 1
254629570 
#module 334 size: 1 bs: 1
73497064 
#module 335 size: 1 bs: 1
177719652 
#module 336 size: 1 bs: 1
271745209 
#module 337 size: 1 bs: 1
16411060 
#module 338 size: 1 bs: 1
27050983 
#module 339 size: 1 bs: 1
51466642 
#module 340 size: 1 bs: 1
15683 
#module 341 size: 1 bs: 1
185670728 
#module 342 size: 1 bs: 1
22084719 
#module 343 size: 1 bs: 1
98964742 
#module 344 size: 1 bs: 1
41172680 
#module 345 size: 1 bs: 1
85267320 
#module 346 size: 1 bs: 1
134807812 
#module 347 size: 1 bs: 1
18197912 
#module 348 size: 1 bs: 1
14125005 
#module 349 size: 1 bs: 1
21814082 
#module 350 size: 1 bs: 1
203003361 
#module 351 size: 1 bs: 1
53466911 
#module 352 size: 1 bs: 1
88541027 
#module 353 size: 1 bs: 1
209588239 
#module 354 size: 1 bs: 1
7901042 
#module 355 size: 1 bs: 1
28079769 
#module 356 size: 1 bs: 1
14139584 
#module 357 size: 1 bs: 1
16457010 
#module 358 size: 1 bs: 1
19707468 
#module 359 size: 1 bs: 1
21783716 
#module 360 size: 1 bs: 1
140869994 
#module 361 size: 1 bs: 1
32503018 
#module 362 size: 1 bs: 1
22046753 
#module 363 size: 1 bs: 1
119546373 
#module 364 size: 1 bs: 1
16235927 
#module 365 size: 1 bs: 1
106783888 
#module 366 size: 1 bs: 1
18385897 
#module 367 size: 1 bs: 1
188574103 
#module 368 size: 1 bs: 1
14302111 
#module 369 size: 1 bs: 1
18566129 
#module 370 size: 1 bs: 1
15455358 
#module 371 size: 1 bs: 1
257467966 
#module 372 size: 1 bs: 1
237753551 
#module 373 size: 1 bs: 1
24165974 
#module 374 size: 1 bs: 1
181301357 
#module 375 size: 1 bs: 1
26835100 
#module 376 size: 1 bs: 1
98128280 
#module 377 size: 1 bs: 1
62619975 
#module 378 size: 1 bs: 1
15979153 
#module 379 size: 1 bs: 1
88498786 
#module 380 size: 1 bs: 1
29911860 
#module 381 size: 1 bs: 1
136758945 
#module 382 size: 1 bs: 1
33877371 
#module 383 size: 1 bs: 1
21229200 
#module 384 size: 1 bs: 1
18041438 
#module 385 size: 1 bs: 1
21587712 
#module 386 size: 1 bs: 1
205361935 
#module 387 size: 1 bs: 1
151136998 
#module 388 size: 1 bs: 1
247779244 
#module 389 size: 1 bs: 1
118278304 
#module 390 size: 1 bs: 1
50663525 
#module 391 size: 1 bs: 1
1308101 
#module 392 size: 1 bs: 1
9335042 
#module 393 size: 1 bs: 1
58561993 
#module 394 size: 1 bs: 1
34443244 
#module 395 size: 1 bs: 1
16363738 
#module 396 size: 1 bs: 1
217541234 
#module 397 size: 1 bs: 1
211787112 
#module 398 size: 1 bs: 1
116886298 
#module 399 size: 1 bs: 1
124028136 
#module 400 size: 1 bs: 1
23130098 
#module 401 size: 1 bs: 1
16278038 
#module 402 size: 1 bs: 1
119220971 
#module 403 size: 1 bs: 1
98580028 
#module 404 size: 1 bs: 1
6271842 
#module 405 size: 1 bs: 1
238299492 
#module 406 size: 1 bs: 1
122493098 
#module 407 size: 1 bs: 1
90767831 
#module 408 size: 1 bs: 1
20590490 
#module 409 size: 1 bs: 1
19687218 
#module 410 size: 1 bs: 1
18162777 
#module 411 size: 1 bs: 1
116587005 
#module 412 size: 1 bs: 1
198793430 
#module 413 size: 1 bs: 1
29940127 
#module 414 size: 1 bs: 1
213288408 
#module 415 size: 1 bs: 1
124329490 
#module 416 size: 1 bs: 1
182105219 
#module 417 size: 1 bs: 1
84524757 
#module 418 size: 1 bs: 1
95738226 
#module 419 size: 1 bs: 1
46476708 
#module 420 size: 1 bs: 1
28039217 
#module 421 size: 1 bs: 1
5126871 
#module 422 size: 1 bs: 1
270308750 
#module 423 size: 1 bs: 1
14516697 
#module 424 size: 1 bs: 1
167492987 
#module 425 size: 1 bs: 1
155883945 
#module 426 size: 1 bs: 1
174095086 
#module 427 size: 1 bs: 1
267519951 
#module 428 size: 1 bs: 1
265268942 
#module 429 size: 1 bs: 1
191807566 
#module 430 size: 1 bs: 1
131390753 
#module 431 size: 1 bs: 1
21746170 
#module 432 size: 1 bs: 1
30455734 
#module 433 size: 1 bs: 1
13577172 
#module 434 size: 1 bs: 1
172592448 
#module 435 size: 1 bs: 1
24553362 
#module 436 size: 1 bs: 1
90932230 
#module 437 size: 1 bs: 1
70004519 
#module 438 size: 1 bs: 1
44899126 
#module 439 size: 1 bs: 1
211774252 
#module 440 size: 1 bs: 1
69971262 
#module 441 size: 1 bs: 1
104733034 
#module 442 size: 1 bs: 1
17864262 
#module 443 size: 1 bs: 1
14050006 
#module 444 size: 1 bs: 1
69837017 
#module 445 size: 1 bs: 1
156693720 
#module 446 size: 1 bs: 1
145361923 
#module 447 size: 1 bs: 1
14335761 
#module 448 size: 1 bs: 1
30955860 
#module 449 size: 1 bs: 1
203893499 
#module 450 size: 1 bs: 1
19399298 
#module 451 size: 1 bs: 1
37645675 
#module 452 size: 1 bs: 1
183182089 
#module 453 size: 1 bs: 1
101911812 
#module 454 size: 1 bs: 1
21273939 
#module 455 size: 1 bs: 1
270172081 
#module 456 size: 1 bs: 1
143882311 
#module 457 size: 1 bs: 1
38615541 
#module 458 size: 1 bs: 1
43321377 
#module 459 size: 1 bs: 1
269130040 
#module 460 size: 1 bs: 1
203871835 
#module 461 size: 1 bs: 1
7737642 
#module 462 size: 1 bs: 1
7314152 
#module 463 size: 1 bs: 1
260278707 
#module 464 size: 1 bs: 1
40937566 
#module 465 size: 1 bs: 1
252782082 
#module 466 size: 1 bs: 1
107093676 
#module 467 size: 1 bs: 1
16162490 
#module 468 size: 1 bs: 1
148425035 
#module 469 size: 1 bs: 1
97481194 
#module 470 size: 1 bs: 1
125392820 
#module 471 size: 1 bs: 1
39653094 
#module 472 size: 1 bs: 1
102067385 
#module 473 size: 1 bs: 1
34934712 
#module 474 size: 1 bs: 1
112762523 
#module 475 size: 1 bs: 1
184274305 
#module 476 size: 1 bs: 1
95912884 
#module 477 size: 1 bs: 1
241321163 
#module 478 size: 1 bs: 1
106110915 
#module 479 size: 1 bs: 1
103331100 
#module 480 size: 1 bs: 1
112478283 
#module 481 size: 1 bs: 1
14860195 
#module 482 size: 1 bs: 1
131370098 
#module 483 size: 1 bs: 1
228636294 
#module 484 size: 1 bs: 1
89202951 
#module 485 size: 1 bs: 1
18930170 
#module 486 size: 1 bs: 1
86813802 
#module 487 size: 1 bs: 1
25060042 
#module 488 size: 1 bs: 1
21575880 
#module 489 size: 1 bs: 1
185158668 
#module 490 size: 1 bs: 1
139024456 
#module 491 size: 1 bs: 1
20472901 
#module 492 size: 1 bs: 1
266278152 
#module 493 size: 1 bs: 1
57600394 
#module 494 size: 1 bs: 1
91194630 
#module 495 size: 1 bs: 1
99324565 
#module 496 size: 1 bs: 1
57187935 
#module 497 size: 1 bs: 1
26719898 
#module 498 size: 1 bs: 1
17334372 
#module 499 size: 1 bs: 1
79391196 
#module 500 size: 1 bs: 1
15441450 
#module 501 size: 1 bs: 1
163894281 
#module 502 size: 1 bs: 1
19065393 
#module 503 size: 1 bs: 1
265500964 
#module 504 size: 1 bs: 1
20632381 
#module 505 size: 1 bs: 1
84201313 
#module 506 size: 1 bs: 1
140983662 
#module 507 size: 1 bs: 1
15734531 
#module 508 size: 1 bs: 1
84043516 
#module 509 size: 1 bs: 1
225390538 
#module 510 size: 1 bs: 1
262226916 
#module 511 size: 1 bs: 1
69124203 
#module 512 size: 1 bs: 1
19656274 
#module 513 size: 1 bs: 1
14934063 
#module 514 size: 1 bs: 1
222823225 
#module 515 size: 1 bs: 1
33085590 
#module 516 size: 1 bs: 1
25512025 
#module 517 size: 1 bs: 1
26001722 
#module 518 size: 1 bs: 1
19264339 
#module 519 size: 1 bs: 1
103655819 
#module 520 size: 1 bs: 1
90195278 
#module 521 size: 1 bs: 1
49233038 
#module 522 size: 1 bs: 1
23225823 
#module 523 size: 1 bs: 1
238468639 
#module 524 size: 1 bs: 1
84623393 
#module 525 size: 1 bs: 1
262035041 
#module 526 size: 1 bs: 1
89266401 
#module 527 size: 1 bs: 1
237752191 
#module 528 size: 1 bs: 1
14393904 
#module 529 size: 1 bs: 1
16080020 
#module 530 size: 1 bs: 1
77939719 
#module 531 size: 1 bs: 1
80449471 
#module 532 size: 1 bs: 1
1045701 
#module 533 size: 1 bs: 1
806204 
#module 534 size: 1 bs: 1
221249442 
#module 535 size: 1 bs: 1
250246958 
#module 536 size: 1 bs: 1
54330827 
#module 537 size: 1 bs: 1
96188024 
#module 538 size: 1 bs: 1
17237906 
#module 539 size: 1 bs: 1
61485121 
#module 540 size: 1 bs: 1
216633243 
#module 541 size: 1 bs: 1
92711494 
#module 542 size: 1 bs: 1
252371425 
#module 543 size: 1 bs: 1
4182751 
#module 544 size: 1 bs: 1
58855541 
#module 545 size: 1 bs: 1
19519071 
#module 546 size: 1 bs: 1
16410954 
#module 547 size: 1 bs: 1
178197920 
#module 548 size: 1 bs: 1
24962655 
#module 549 size: 1 bs: 1
18233716 
#module 550 size: 1 bs: 1
51162926 
#module 551 size: 1 bs: 1
78212056 
#module 552 size: 1 bs: 1
64325295 
#module 553 size: 1 bs: 1
260620672 
#module 554 size: 1 bs: 1
17727253 
#module 555 size: 1 bs: 1
247498484 
#module 556 size: 1 bs: 1
19471190 
#module 557 size: 1 bs: 1
232420456 
#module 558 size: 1 bs: 1
27644918 
#module 559 size: 1 bs: 1
19241200 
#module 560 size: 1 bs: 1
106540670 
#module 561 size: 1 bs: 1
241041897 
#module 562 size: 1 bs: 1
220594903 
#module 563 size: 1 bs: 1
35960388 
#module 564 size: 1 bs: 1
17898705 
#module 565 size: 1 bs: 1
241808450 
#module 566 size: 1 bs: 1
251114231 
#module 567 size: 1 bs: 1
65002820 
#module 568 size: 1 bs: 1
234439191 
#module 569 size: 1 bs: 1
152479960 
#module 570 size: 1 bs: 1
269082797 
#module 571 size: 1 bs: 1
219265469 
#module 572 size: 1 bs: 1
179138607 
#module 573 size: 1 bs: 1
146917975 
#module 574 size: 1 bs: 1
38851140 
#module 575 size: 1 bs: 1
163009920 
#module 576 size: 1 bs: 1
102568475 
#module 577 size: 1 bs: 1
193689467 
#module 578 size: 1 bs: 1
117700355 
#module 579 size: 1 bs: 1
96756546 
#module 580 size: 1 bs: 1
184495064 
#module 581 size: 1 bs: 1
185681415 
#module 582 size: 1 bs: 1
37396821 
#module 583 size: 1 bs: 1
211421505 
#module 584 size: 1 bs: 1
137937174 
#module 585 size: 1 bs: 1
197216839 
#module 586 size: 1 bs: 1
42119491 
#module 587 size: 1 bs: 1
136794736 
#module 588 size: 1 bs: 1
18911295 
#module 589 size: 1 bs: 1
116690967 
#module 590 size: 1 bs: 1
262261836 
#module 591 size: 1 bs: 1
40300225 
#module 592 size: 1 bs: 1
18308864 
#module 593 size: 1 bs: 1
20842354 
#module 594 size: 1 bs: 1
15748737 
#module 595 size: 1 bs: 1
124009190 
#module 596 size: 1 bs: 1
228661575 
#module 597 size: 1 bs: 1
17114283 
#module 598 size: 1 bs: 1
71632263 
#module 599 size: 1 bs: 1
39657206 
#module 600 size: 1 bs: 1
33648595 
#module 601 size: 1 bs: 1
152088160 
#module 602 size: 1 bs: 1
59818041 
#module 603 size: 1 bs: 1
70937408 
#module 604 size: 1 bs: 1
51185550 
#module 605 size: 1 bs: 1
81394914 
#module 606 size: 1 bs: 1
18222647 
#module 607 size: 1 bs: 1
33657457 
#module 608 size: 1 bs: 1
69443278 
#module 609 size: 1 bs: 1
53313683 
#module 610 size: 1 bs: 1
242354131 
#module 611 size: 1 bs: 1
15446200 
#module 612 size: 1 bs: 1
68481903 
#module 613 size: 1 bs: 1
116856787 
#module 614 size: 1 bs: 1
236022159 
#module 615 size: 1 bs: 1
54588187 
#module 616 size: 1 bs: 1
81423917 
#module 617 size: 1 bs: 1
115933562 
#module 618 size: 1 bs: 1
17682283 
#module 619 size: 1 bs: 1
63156219 
#module 620 size: 1 bs: 1
71185998 
#module 621 size: 1 bs: 1
62913830 
#module 622 size: 1 bs: 1
42202168 
#module 623 size: 1 bs: 1
122025560 
#module 624 size: 1 bs: 1
39821643 
#module 625 size: 1 bs: 1
59394895 
#module 626 size: 1 bs: 1
179999308 
#module 627 size: 1 bs: 1
45008312 
#module 628 size: 1 bs: 1
36941550 
#module 629 size: 1 bs: 1
170143271 
#module 630 size: 1 bs: 1
148081424 
#module 631 size: 1 bs: 1
159660869 
#module 632 size: 1 bs: 1
14349077 
#module 633 size: 1 bs: 1
39362638 
#module 634 size: 1 bs: 1
60843560 
#module 635 size: 1 bs: 1
35030769 
#module 636 size: 1 bs: 1
154105545 
#module 637 size: 1 bs: 1
14668668 
#module 638 size: 1 bs: 1
40264785 
#module 639 size: 1 bs: 1
154776946 
#module 640 size: 1 bs: 1
14120984 
#module 641 size: 1 bs: 1
182056988 
#module 642 size: 1 bs: 1
60211331 
#module 643 size: 1 bs: 1
123778145 
#module 644 size: 1 bs: 1
203890384 
#module 645 size: 1 bs: 1
131998232 
#module 646 size: 1 bs: 1
49354191 
#module 647 size: 1 bs: 1
106413293 
#module 648 size: 1 bs: 1
182377857 
#module 649 size: 1 bs: 1
124176905 
#module 650 size: 1 bs: 1
17150292 
#module 651 size: 1 bs: 1
199654751 
#module 652 size: 1 bs: 1
236508708 
#module 653 size: 1 bs: 1
194832495 
#module 654 size: 1 bs: 1
46972036 
#module 655 size: 1 bs: 1
131932008 
#module 656 size: 1 bs: 1
269218298 
#module 657 size: 1 bs: 1
51482997 
#module 658 size: 1 bs: 1
146943510 
#module 659 size: 1 bs: 1
42026511 
#module 660 size: 1 bs: 1
139882332 
#module 661 size: 1 bs: 1
8287952 
#module 662 size: 1 bs: 1
30933895 
#module 663 size: 1 bs: 1
244065169 
#module 664 size: 1 bs: 1
29125475 
#module 665 size: 1 bs: 1
69427987 
#module 666 size: 1 bs: 1
147342909 
#module 667 size: 1 bs: 1
25904035 
#module 668 size: 1 bs: 1
39001282 
#module 669 size: 1 bs: 1
54295084 
#module 670 size: 1 bs: 1
106824606 
#module 671 size: 1 bs: 1
92251230 
#module 672 size: 1 bs: 1
56882778 
#module 673 size: 1 bs: 1
18540889 
#module 674 size: 1 bs: 1
203495480 
#module 675 size: 1 bs: 1
46573385 
#module 676 size: 1 bs: 1
262751654 
#module 677 size: 1 bs: 1
60578598 
#module 678 size: 1 bs: 1
57863766 
#module 679 size: 1 bs: 1
224428744 
#module 680 size: 1 bs: 1
62193495 
#module 681 size: 1 bs: 1
68480226 
#module 682 size: 1 bs: 1
43785909 
#module 683 size: 1 bs: 1
20686153 
#module 684 size: 1 bs: 1
110280391 
#module 685 size: 1 bs: 1
193274143 
#module 686 size: 1 bs: 1
162029292 
#module 687 size: 1 bs: 1
38570998 
#module 688 size: 1 bs: 1
18186993 
#module 689 size: 1 bs: 1
122586910 
#module 690 size: 1 bs: 1
54213842 
#module 691 size: 1 bs: 1
222112008 
#module 692 size: 1 bs: 1
19477451 
#module 693 size: 1 bs: 1
14179222 
#module 694 size: 1 bs: 1
85543520 
#module 695 size: 1 bs: 1
119980245 
#module 696 size: 1 bs: 1
52306963 
#module 697 size: 1 bs: 1
18658739 
#module 698 size: 1 bs: 1
235179906 
#module 699 size: 1 bs: 1
95654308 
#module 700 size: 1 bs: 1
166207466 
#module 701 size: 1 bs: 1
78000325 
#module 702 size: 1 bs: 1
132681279 
#module 703 size: 1 bs: 1
188560097 
#module 704 size: 1 bs: 1
173938646 
#module 705 size: 1 bs: 1
90420645 
#module 706 size: 1 bs: 1
155668326 
#module 707 size: 1 bs: 1
177407138 
#module 708 size: 1 bs: 1
80481912 
#module 709 size: 1 bs: 1
208398817 
#module 710 size: 1 bs: 1
67775956 
#module 711 size: 1 bs: 1
137917994 
#module 712 size: 1 bs: 1
232083838 
#module 713 size: 1 bs: 1
30298025 
#module 714 size: 1 bs: 1
98968120 
#module 715 size: 1 bs: 1
43803902 
#module 716 size: 1 bs: 1
8757362 
#module 717 size: 1 bs: 1
51312272 
#module 718 size: 1 bs: 1
75541452 
#module 719 size: 1 bs: 1
109150601 
#module 720 size: 1 bs: 1
45848865 
#module 721 size: 1 bs: 1
226672560 
#module 722 size: 1 bs: 1
180481402 
#module 723 size: 1 bs: 1
270781759 
#module 724 size: 1 bs: 1
70449609 
#module 725 size: 1 bs: 1
206198440 
#module 726 size: 1 bs: 1
168893547 
#module 727 size: 1 bs: 1
144378293 
#module 728 size: 1 bs: 1
133456536 
#module 729 size: 1 bs: 1
192809889 
#module 730 size: 1 bs: 1
59577520 
#module 731 size: 1 bs: 1
103175150 
#module 732 size: 1 bs: 1
142127373 
#module 733 size: 1 bs: 1
87484674 
#module 734 size: 1 bs: 1
20288395 
#module 735 size: 1 bs: 1
152189675 
#module 736 size: 1 bs: 1
178275485 
#module 737 size: 1 bs: 1
184700776 
#module 738 size: 1 bs: 1
84894256 
#module 739 size: 1 bs: 1
91148885 
#module 740 size: 1 bs: 1
43266527 
#module 741 size: 1 bs: 1
57030266 
#module 742 size: 1 bs: 1
131317768 
#module 743 size: 1 bs: 1
237197733 
#module 744 size: 1 bs: 1
223757158 
#module 745 size: 1 bs: 1
31962068 
#module 746 size: 1 bs: 1
96898398 
#module 747 size: 1 bs: 1
249485868 
#module 748 size: 1 bs: 1
44268184 
#module 749 size: 1 bs: 1
61238566 
#module 750 size: 1 bs: 1
81314945 
#module 751 size: 1 bs: 1
128144689 
#module 752 size: 1 bs: 1
144538924 
#module 753 size: 1 bs: 1
212095146 
#module 754 size: 1 bs: 1
171594145 
#module 755 size: 1 bs: 1
116234257 
#module 756 size: 1 bs: 1
109302745 
#module 757 size: 1 bs: 1
16087477 
#module 758 size: 1 bs: 1
34728091 
#module 759 size: 1 bs: 1
189374598 
#module 760 size: 1 bs: 1
139965205 
#module 761 size: 1 bs: 1
42992593 
#module 762 size: 1 bs: 1
59122298 
#module 763 size: 1 bs: 1
97855971 
#module 764 size: 1 bs: 1
22240383 
#module 765 size: 1 bs: 1
16376889 
#module 766 size: 1 bs: 1
172769873 
#module 767 size: 1 bs: 1
269734168 
#module 768 size: 1 bs: 1
121235735 
#module 769 size: 1 bs: 1
190120150 
#module 770 size: 1 bs: 1
76862092 
#module 771 size: 1 bs: 1
41959740 
#module 772 size: 1 bs: 1
163222098 
